  2   1   2   1   0   2   75.9389177592       1.605e+11 
  3   1   2   1   0   2   64.0734627229   42840000000.0 
  3   2   2   2   1   2   410.070200057   16560000000.0 
  3   0   2   2   1   2   410.070177526    1617000000.0 
  3   1   2   2   0   2   410.070231594    5750000000.0 
  4   1   2   1   0   2    60.751135145   17470000000.0 
  4   2   2   2   1   2   303.755697547    5283000000.0 
  4   0   2   2   1   2    303.75569051     660400000.0 
  4   1   2   2   0   2   303.755716603    2476000000.0 
  4   3   2   3   2   2   1171.62905712    3532000000.0 
  4   1   2   3   2   2   1171.62900515      89020000.0 
  4   2   2   3   1   2    1171.6291225    1803000000.0 
  4   0   2   3   1   2    1171.6290178     470100000.0 
  4   1   2   3   0   2   1171.62918908     785100000.0 
  5   1   2   1   0   2   59.3272805478    8805000000.0 
  5   2   2   2   1   2    271.21044306    2414000000.0 
  5   0   2   2   1   2   271.210441357     330100000.0 
  5   1   2   2   0   2   271.210460116    1267000000.0 
  5   1   2   3   2   2   800.918295874      38300000.0 
  5   3   2   3   2   2   800.918262226    1163000000.0 
  5   2   2   3   1   2   800.918334449     868700000.0 
  5   0   2   3   1   2   800.918319596     231700000.0 
  5   1   2   3   0   2   800.918381824     419500000.0 
  5   2   2   4   3   2    2531.2973474      12930000.0 
  5   4   2   4   3   2   2531.29732279    1090000000.0 
  5   1   2   4   2   2    2531.2973263      48270000.0 
  5   3   2   4   2   2    2531.2969902     662000000.0 
  5   2   2   4   1   2   2531.29758998     380600000.0 
  5   0   2   4   1   2   2531.29744162     165200000.0 
  5   1   2   4   0   2   2531.29781498     188800000.0 
  6   1   2   1   0   2   58.5814518877    5053000000.0 
  6   2   2   2   1   2   256.293867892    1318000000.0 
  6   0   2   2   1   2   256.293867056     188300000.0 
  6   1   2   2   0   2   256.293883188     732100000.0 
  6   3   2   3   2   2   683.450281862     549700000.0 
  6   1   2   3   2   2   683.450279402      20040000.0 
  6   2   2   3   1   2    683.45030703     481000000.0 
  6   0   2   3   1   2   683.450301084     129900000.0 
  6   1   2   3   0   2   683.450341989     244600000.0 
  6   2   2   4   3   2     1640.280676       5494000.0 
  6   4   2   4   3   2   1640.28066774     351600000.0 
  6   3   2   4   2   2   1640.28068397     329600000.0 
  6   1   2   4   2   2    1640.2806698      24120000.0 
  6   2   2   4   1   2   1640.28077786     220800000.0 
  6   0   2   4   1   2   1640.28074361      91760000.0 
  6   1   2   4   0   2     1640.280875     114100000.0 
  6   3   2   5   2   2   4659.88822163     185300000.0 
  6   1   2   5   2   2   4659.88810725      24570000.0 
  6   3   2   5   4   2   4659.88830503       2913000.0 
  6   5   2   5   4   2   4659.88827167     421300000.0 
  6   2   2   5   1   2   4659.88842894     115100000.0 
  6   0   2   5   1   2   4659.88815252      68690000.0 
  6   1   2   5   0   2   4659.88861004      62230000.0 
  6   2   2   5   3   2   4659.88956796      10010000.0 
  6   4   2   5   3   2   4659.88950124     283200000.0 
  7   1   2   1   0   2   58.1407349504    3166000000.0 
  7   2   2   2   1   2   248.067150697     802000000.0 
  7   0   2   2   1   2   248.067150177     117500000.0 
  7   1   2   2   0   2   248.067165054     460300000.0 
  7   3   2   3   2   2   627.919946192     309200000.0 
  7   1   2   3   2   2   627.919944115      11870000.0 
  7   2   2   3   1   2   627.919967263     294400000.0 
  7   0   2   3   1   2   627.919963932      80130000.0 
  7   1   2   3   0   2   627.919996945     154300000.0 
  7   2   2   4   3   2   1353.09348495       2879000.0 
  7   4   2   4   3   2   1353.09348073     165400000.0 
  7   3   2   4   2   2   1353.09349118     188000000.0 
  7   1   2   4   2   2   1353.09348154      13810000.0 
  7   2   2   4   1   2   1353.09355427     136700000.0 
  7   0   2   4   1   2    1353.0935388      55680000.0 
  7   1   2   4   0   2   1353.09362117      72440000.0 
  7   3   2   5   2   2   2907.03675858     110900000.0 
  7   1   2   5   2   2   2907.03671406      13590000.0 
  7   3   2   5   4   2   2907.03679103       1191000.0 
  7   5   2   5   4   2   2907.03670943     130300000.0 
  7   2   2   5   1   2   2907.03683555      74340000.0 
  7   0   2   5   1   2   2907.03676414      41420000.0 
  7   1   2   5   0   2   2907.03690974      40750000.0 
  7   2   2   5   3   2   2907.03727883       4897000.0 
  7   4   2   5   3   2   2907.03725936     140400000.0 
  7   3   2   6   2   2   7728.24535584      66450000.0 
  7   1   2   6   2   2   7728.24504124      13070000.0 
  7   2   2   6   3   2   7728.24552625       6465000.0 
  7   4   2   6   3   2   7728.24538861      96400000.0 
  7   3   2   6   4   2   7728.24553936       2844000.0 
  7   5   2   6   4   2   7728.24496259     136300000.0 
  7   4   2   6   5   2   7728.24548037        859100.0 
  7   6   2   6   5   2   7728.24547382     189700000.0 
  7   2   2   6   1   2   7728.24584085      43650000.0 
  7   0   2   6   1   2   7728.24533618      32400000.0 
  7   1   2   6   0   2   7728.24580152      25070000.0 
  8   1   2   1   0   2   57.8582241084    2114000000.0 
  8   2   2   2   1   2   243.004555502     525700000.0 
  8   0   2   2   1   2   243.004555204      78230000.0 
  8   1   2   2   0   2   243.004569577     308000000.0 
  8   1   2   3   2   2   596.465699876       7648000.0 
  8   3   2   3   2   2   596.465699603     193100000.0 
  8   2   2   3   1   2   596.465718968     193600000.0 
  8   0   2   3   1   2   596.465717172      52940000.0 
  8   1   2   3   0   2   596.465747546     103400000.0 
  8   2   2   4   3   2      1215.02272       1718000.0 
  8   4   2   4   3   2   1215.02271773      93310000.0 
  8   1   2   4   2   2    1215.0227247       8698000.0 
  8   3   2   4   2   2   1215.02272356     118100000.0 
  8   2   2   4   1   2   1215.02277589      90280000.0 
  8   0   2   4   1   2   1215.02276844      36360000.0 
  8   1   2   4   0   2   1215.02283729      48600000.0 
  8   1   2   5   2   2   2336.58213408       8313000.0 
  8   3   2   5   2   2   2336.58212988      70530000.0 
  8   5   2   5   4   2   2336.58215325      59890000.0 
  8   3   2   5   4   2   2336.58215085        611800.0 
  8   2   2   5   1   2     2336.582185      49520000.0 
  8   0   2   5   1   2   2336.58215744      26640000.0 
  8   1   2   5   0   2   2336.58226049      27440000.0 
  8   2   2   5   3   2   2336.58247138       2788000.0 
  8   4   2   5   3   2   2336.58246299      80290000.0 
  8   1   2   6   2   2   4686.51614171       7788000.0 
  8   3   2   6   2   2   4686.51612484      44200000.0 
  8   2   2   6   3   2    4686.5162092       3488000.0 
  8   4   2   6   3   2   4686.51617545      57940000.0 
  8   5   2   6   4   2   4686.51620197      66030000.0 
  8   3   2   6   4   2   4686.51619232       1341000.0 
  8   4   2   6   5   2    4686.5162092        334400.0 
  8   6   2   6   5   2   4686.51584284      55730000.0 
  8   2   2   6   1   2   4686.51632489      30210000.0 
  8   0   2   6   1   2   4686.51621402      20760000.0 
  8   1   2   6   0   2   4686.51642129      17360000.0 
  8   1   2   7   2   2   11907.2223518       7359000.0 
  8   3   2   7   2   2   11907.2222429      28200000.0 
  8   2   2   7   3   2   11907.2227252       4081000.0 
  8   4   2   7   3   2   11907.2225074      39340000.0 
  8   5   2   7   4   2   11907.2226319      53580000.0 
  8   3   2   7   4   2   11907.2225696       2169000.0 
  8   5   2   7   6   2   11907.2226474        304800.0 
  8   7   2   7   6   2   11907.2226474      95410000.0 
  8   2   2   7   1   2    11907.223472      19320000.0 
  8   0   2   7   1   2   11907.2227563      16830000.0 
  8   1   2   7   0   2   11907.2235498      11610000.0 
  8   4   2   7   5   2   11907.2238766        987600.0 
  8   6   2   7   5   2   11907.2215116      71880000.0 
  9   1   2   1   0   2   57.6661167262    1482000000.0 
  9   2   2   2   1   2   239.651408045     363800000.0 
  9   0   2   2   1   2    239.65140785      54710000.0 
  9   1   2   2   0   2   239.651421766     216100000.0 
  9   3   2   3   2   2   576.661174765     129400000.0 
  9   1   2   3   2   2   576.661174692       5229000.0 
  9   2   2   3   1   2   576.661192354     134200000.0 
  9   0   2   3   1   2   576.661191222      36820000.0 
  9   1   2   3   0   2   576.661219248      72630000.0 
  9   2   2   4   3   2   1135.57892621       1116000.0 
  9   4   2   4   3   2   1135.57892437      58630000.0 
  9   3   2   4   2   2    1135.5789313      79390000.0 
  9   1   2   4   2   2   1135.57893102       5860000.0 
  9   2   2   4   1   2   1135.57897503      62710000.0 
  9   0   2   4   1   2   1135.57897064      25090000.0 
  9   1   2   4   0   2   1135.57902937      34130000.0 
  9   3   2   5   2   2   2059.50417801      47640000.0 
  9   1   2   5   2   2   2059.50417708       5489000.0 
  9   3   2   5   4   2    2059.5041943        361300.0 
  9   5   2   5   4   2   2059.50419198      33360000.0 
  9   2   2   5   1   2   2059.50421432      34500000.0 
  9   0   2   5   1   2   2059.50419989      18170000.0 
  9   1   2   5   0   2   2059.50427529      19260000.0 
  9   2   2   5   3   2   2059.50443681       1758000.0 
  9   4   2   5   3   2   2059.50443076      50730000.0 
  9   3   2   6   2   2   3690.63147683      30160000.0 
  9   1   2   6   2   2   3690.63147384       5009000.0 
  9   2   2   6   3   2   3690.63150822       2113000.0 
  9   4   2   6   3   2   3690.63148879      37070000.0 
  9   3   2   6   4   2   3690.63151868        748600.0 
  9   5   2   6   4   2   3690.63151121      37280000.0 
  9   6   2   6   5   2   3690.63151121      24780000.0 
  9   2   2   6   1   2   3690.63157996      21190000.0 
  9   0   2   6   1   2   3690.63153363      13950000.0 
  9   1   2   6   0   2   3690.63164722      12210000.0 
  9   3   2   7   2   2   7064.09928794      20080000.0 
  9   1   2   7   2   2   7064.09927699       4636000.0 
  9   2   2   7   3   2   7064.09938103       2367000.0 
  9   4   2   7   3   2   7064.09930984      26390000.0 
  9   3   2   7   4   2   7064.09940294       1130000.0 
  9   5   2   7   4   2   7064.09937556      31820000.0 
  9   7   2   7   6   2   7064.09937556      26520000.0 
  9   2   2   7   1   2   7064.09964388      14040000.0 
  9   0   2   7   1   2   7064.09947412      11290000.0 
  9   1   2   7   0   2   7064.09969864       8383000.0 
  9   6   2   7   5   2   7064.09979721      33670000.0 
  9   4   2   7   5   2   7064.09979174        445900.0 
  9   3   2   8   2   2   17367.6773733      13520000.0 
  9   1   2   8   2   2   17367.6773071       4364000.0 
  9   2   2   8   1   2   17367.6780023       9566000.0 
  9   0   2   8   1   2   17367.6769761       9419000.0 
  9   3   2   8   4   2   17367.6778368       1553000.0 
  9   5   2   8   4   2   17367.6776712      24190000.0 
  9   6   2   8   5   2   17367.6777043      31530000.0 
  9   4   2   8   5   2   17367.6776712        852200.0 
  9   6   2   8   7   2   17367.6777043        123800.0 
  9   8   2   8   7   2   17367.6777043      52140000.0 
  9   2   2   8   3   2    17367.678234       2613000.0 
  9   4   2   8   3   2   17367.6778036      18290000.0 
  9   1   2   8   0   2   17367.6788298       5960000.0 
  9   5   2   8   6   2   17367.6827026        395700.0 
  9   7   2   8   6   2   17367.6826695      40700000.0 
 10   1   2   1   0   2   57.5294842009    1078000000.0 
 10   2   2   2   1   2   237.309135908     262400000.0 
 10   0   2   2   1   2   237.309135765      39760000.0 
 10   1   2   2   0   2   237.309149367     157500000.0 
 10   3   2   3   2   2   563.283198595      91310000.0 
 10   1   2   3   2   2   563.283198526       3740000.0 
 10   2   2   3   1   2   563.283215343      96940000.0 
 10   0   2   3   1   2   563.283214542      26660000.0 
 10   1   2   3   0   2   563.283241039      52940000.0 
 10   2   2   4   3   2   1084.84171299        770700.0 
 10   4   2   4   3   2   1084.84171157      39580000.0 
 10   3   2   4   2   2   1084.84171777      56110000.0 
 10   1   2   4   2   2   1084.84171751       4147000.0 
 10   2   2   4   1   2   1084.84175755      45340000.0 
 10   0   2   4   1   2   1084.84175458      18060000.0 
 10   1   2   4   0   2   1084.84180727      24870000.0 
 10   3   2   5   2   2   1898.47298616      33740000.0 
 10   1   2   5   2   2   1898.47298537       3832000.0 
 10   5   2   5   4   2   1898.47299604      20820000.0 
 10   2   2   5   1   2   1898.47301661      24970000.0 
 10   0   2   5   1   2   1898.47300751      12970000.0 
 10   1   2   5   0   2   1898.47306882      14020000.0 
 10   2   2   5   3   2   1898.47320567       1189000.0 
 10   4   2   5   3   2   1898.47320132      34350000.0 
 10   3   2   6   2   2   3203.67315534      21440000.0 
 10   1   2   6   2   2   3203.67315309       3433000.0 
 10   2   2   6   3   2   3203.67317786       1391000.0 
 10   4   2   6   3   2   3203.67316547      25220000.0 
 10   3   2   6   4   2   3203.67318687        466900.0 
 10   5   2   6   4   2   3203.67317561      23400000.0 
 10   6   2   6   5   2   3203.67313506      13500000.0 
 10   2   2   6   1   2   3203.67323193      15360000.0 
 10   0   2   6   1   2   3203.67320602       9850000.0 
 10   1   2   6   0   2   3203.67328374       8879000.0 
 10   3   2   7   2   2   5472.06916448      14400000.0 
 10   1   2   7   2   2   5472.06915791       3103000.0 
 10   2   2   7   3   2   5472.06921705       1505000.0 
 10   4   2   7   3   2   5472.06918091      18160000.0 
 10   3   2   7   4   2   5472.06923348        671300.0 
 10   5   2   7   4   2   5472.06920062      20230000.0 
 10   7   2   7   6   2   5472.06921377      11340000.0 
 10   2   2   7   1   2   5472.06937478      10230000.0 
 10   0   2   7   1   2    5472.0692992       7859000.0 
 10   1   2   7   0   2   5472.06941092       6097000.0 
 10   4   2   7   5   2   5472.06947007        242000.0 
 10   6   2   7   5   2   5472.06933535      18600000.0 
 10   3   2   8   2   2   10125.1891646      10090000.0 
 10   1   2   8   2   2   10125.1891421       2873000.0 
 10   2   2   8   1   2   10125.1893671       7205000.0 
 10   0   2   8   1   2   10125.1891083       6553000.0 
 10   3   2   8   4   2   10125.1893221        871300.0 
 10   5   2   8   4   2   10125.1892096      16140000.0 
 10   4   2   8   5   2   10125.1892771        426700.0 
 10   6   2   8   5   2   10125.1888158      18320000.0 
 10   8   2   8   7   2   10125.1893333      13700000.0 
 10   2   2   8   3   2   10125.1894458       1603000.0 
 10   4   2   8   3   2   10125.1893221      13160000.0 
 10   1   2   8   0   2   10125.1896596       4440000.0 
 10   7   2   8   6   2   10125.1909534      18340000.0 
 10   5   2   8   6   2   10125.1909196        170400.0 
 10   3   2   9   2   2   24280.4697604       7102000.0 
 10   1   2   9   2   2   24280.4696311       2709000.0 
 10   2   2   9   3   2   24280.4704721       1714000.0 
 10   4   2   9   3   2   24280.4697604       9374000.0 
 10   2   2   9   1   2   24280.4706015       5160000.0 
 10   0   2   9   1   2   24280.4691135       5596000.0 
 10   4   2   9   5   2   24280.4700839        671700.0 
 10   6   2   9   5   2   24280.4674314      15430000.0 
 10   7   2   9   6   2   24280.4700839      19470000.0 
 10   5   2   9   6   2   24280.4698898        375500.0 
 10   8   2   9   7   2   24280.4704721      24400000.0 
 10   6   2   9   7   2   24280.4674961        176600.0 
 10   9   2   9   8   2   24280.4704721      30420000.0 
 10   7   2   9   8   2   24280.4700839         55790.0 
 10   3   2   9   4   2   24280.4706015       1097000.0 
 10   5   2   9   4   2   24280.4699545      12110000.0 
 10   1   2   9   0   2   24280.4716366       3308000.0 
 11   1   2   1   0   2   57.4288076001     809300000.0 
 11   2   2   2   1   2   235.605377836     195700000.0 
 11   0   2   2   1   2   235.605377732      29810000.0 
 11   1   2   2   0   2   235.605391122     118200000.0 
 11   3   2   3   2   2   553.777794115      66980000.0 
 11   1   2   3   2   2   553.777794115       2771000.0 
 11   2   2   3   1   2   553.777810268      72330000.0 
 11   0   2   3   1   2   553.777809696      19930000.0 
 11   1   2   3   0   2   553.777835205      39760000.0 
 11   2   2   4   3   2   1050.12677633        556400.0 
 11   4   2   4   3   2   1050.12677561      28140000.0 
 11   3   2   4   2   2   1050.12678093      41200000.0 
 11   1   2   4   2   2   1050.12678093       3049000.0 
 11   2   2   4   1   2   1050.12681808      33860000.0 
 11   0   2   4   1   2   1050.12681602      13440000.0 
 11   1   2   4   0   2   1050.12686504      18680000.0 
 11   3   2   5   2   2   1794.65024029      24810000.0 
 11   1   2   5   2   2   1794.65024029       2790000.0 
 11   5   2   5   4   2   1794.65025124      14010000.0 
 11   2   2   5   1   2   1794.65026715      18650000.0 
 11   0   2   5   1   2   1794.65026114       9596000.0 
 11   1   2   5   0   2   1794.65031486      10520000.0 
 11   2   2   5   3   2   1794.65043609        846200.0 
 11   4   2   5   3   2   1794.65043397      24460000.0 
 11   3   2   6   2   2   2918.73468484      15790000.0 
 11   1   2   6   2   2   2918.73468484       2468000.0 
 11   2   2   6   3   2   2918.73470261        972000.0 
 11   4   2   6   3   2     2918.734697      18000000.0 
 11   3   2   6   4   2   2918.73471102        314000.0 
 11   5   2   6   4   2   2918.73470728      15790000.0 
 11   6   2   6   5   2   2918.73470074       8302000.0 
 11   2   2   6   1   2   2918.73474748      11480000.0 
 11   0   2   6   1   2   2918.73473159       7228000.0 
 11   1   2   6   0   2   2918.73479329       6650000.0 
 11   3   2   7   2   2   4690.01925319      10630000.0 
 11   1   2   7   2   2   4690.01925319       2193000.0 
 11   2   2   7   3   2   4690.01928939       1026000.0 
 11   4   2   7   3   2   4690.01927491      13010000.0 
 11   3   2   7   4   2   4690.01930388        437100.0 
 11   5   2   7   4   2   4690.01929422      13720000.0 
 11   7   2   7   6   2   4690.01917836       6013000.0 
 11   2   2   7   1   2   4690.01940526       7648000.0 
 11   0   2   7   1   2   4690.01936422       5704000.0 
 11   1   2   7   0   2   4690.01943905       4556000.0 
 11   4   2   7   5   2   4690.01948733        148200.0 
 11   6   2   7   5   2   4690.01946319      11500000.0 
 11   3   2   8   2   2   7737.77607508       7505000.0 
 11   1   2   8   2   2   7737.77607508       1986000.0 
 11   2   2   8   1   2   7737.77618677       5408000.0 
 11   0   2   8   1   2   7737.77607508       4693000.0 
 11   3   2   8   4   2   7737.77616706        543200.0 
 11   5   2   8   4   2   7737.77614078      11080000.0 
 11   4   2   8   5   2   7737.77616706        247100.0 
 11   6   2   8   5   2   7737.77610136      11480000.0 
 11   8   2   8   7   2   7737.77627219       5626000.0 
 11   2   2   8   3   2   7737.77623277       1059000.0 
 11   4   2   8   3   2   7737.77619334       9527000.0 
 11   1   2   8   0   2   7737.77637731       3317000.0 
 11   5   2   8   6   2   7737.77713947         89580.0 
 11   7   2   8   6   2   7737.77681753       9856000.0 
 11   3   2   9   2   2   13955.1998574       5486000.0 
 11   1   2   9   2   2   13955.1998574       1848000.0 
 11   2   2   9   3   2   13955.2000711       1099000.0 
 11   4   2   9   3   2   13955.1999429       7081000.0 
 11   2   2   9   1   2   13955.2001139       3995000.0 
 11   0   2   9   1   2   13955.1997505       4010000.0 
 11   4   2   9   5   2   13955.2000497        363300.0 
 11   6   2   9   5   2    13955.199836      10150000.0 
 11   5   2   9   6   2   13955.2000284        180200.0 
 11   7   2   9   6   2   13955.1989812      11010000.0 
 11   8   2   9   7   2   13955.2004131      10560000.0 
 11   6   2   9   7   2   13955.1998574         72500.0 
 11   9   2   9   8   2   13955.2004131       7564000.0 
 11   3   2   9   4   2   13955.2001352        651900.0 
 11   5   2   9   4   2   13955.2000497       8707000.0 
 11   1   2   9   0   2   13955.2005199       2527000.0 
 11   3   2  10   2   2   32816.4595424       4009000.0 
 11   1   2  10   2   2   32816.4595424       1749000.0 
 11   2   2  10   3   2    32816.460606       1153000.0 
 11   4   2  10   3   2   32816.4598969       5184000.0 
 11  10   2  10   9   2    32816.461906      18710000.0 
 11   9   2  10   8   2    32816.461906      15340000.0 
 11   7   2  10   8   2    32816.453988         85770.0 
 11   2   2  10   1   2   32816.4608424       2976000.0 
 11   0   2  10   1   2   32816.4588333       3491000.0 
 11   3   2  10   4   2   32816.4608424        778700.0 
 11   5   2  10   4   2   32816.4603697       6567000.0 
 11   8   2  10   7   2    32816.462615      12530000.0 
 11   6   2  10   7   2   32816.4595424        180700.0 
 11   4   2  10   5   2   32816.4610787        512900.0 
 11   6   2  10   5   2   32816.4598969       8211000.0 
 11   1   2  10   0   2   32816.4622605       1953000.0 
 11   5   2  10   6   2    32816.465215        319500.0 
 11   7   2  10   6   2   32816.4594242      10180000.0 
 12   1   2   1   0   2   57.3524703887     622800000.0 
 12   2   2   2   1   2   234.325820625     149800000.0 
 12   0   2   2   1   2   234.325820534      22920000.0 
 12   1   2   2   0   2   234.325833767      91040000.0 
 12   3   2   3   2   2   546.760223202      50670000.0 
 12   1   2   3   2   2   546.760223169       2111000.0 
 12   2   2   3   1   2   546.760238916      55420000.0 
 12   0   2   3   1   2   546.760238424      15290000.0 
 12   1   2   3   0   2   546.760263225      30620000.0 
 12   2   2   4   3   2   1025.17541318        415900.0 
 12   4   2   4   3   2   1025.17541284      20800000.0 
 12   3   2   4   2   2   1025.17541768      31190000.0 
 12   1   2   4   2   2   1025.17541757       2311000.0 
 12   2   2   4   1   2   1025.17545297      25950000.0 
 12   0   2   4   1   2   1025.17545124      10280000.0 
 12   1   2   4   0   2   1025.17549772      14380000.0 
 12   3   2   5   2   2   1722.98387241      18800000.0 
 12   1   2   5   2   2   1722.98387208       2099000.0 
 12   5   2   5   4   2   1722.98388316       9954000.0 
 12   2   2   5   1   2   1722.98389684      14300000.0 
 12   0   2   5   1   2   1722.98389196       7306000.0 
 12   1   2   5   0   2   1722.98394082       8094000.0 
 12   2   2   5   3   2   1722.98405256        625900.0 
 12   4   2   5   3   2   1722.98405159      18100000.0 
 12   3   2   6   2   2   2733.80105794      11970000.0 
 12   1   2   6   2   2   2733.80105712       1839000.0 
 12   2   2   6   3   2   2733.80107271        709500.0 
 12   4   2   6   3   2   2733.80107024      13340000.0 
 12   3   2   6   4   2   2733.80108091        222800.0 
 12   5   2   6   4   2   2733.80107927      11240000.0 
 12   6   2   6   5   2   2733.80108173       5533000.0 
 12   2   2   6   1   2   2733.80111207       8799000.0 
 12   0   2   6   1   2   2733.80109977       5470000.0 
 12   1   2   6   0   2   2733.80115226       5108000.0 
 12   3   2   7   2   2   4230.19738769       8070000.0 
 12   1   2   7   2   2   4230.19738573       1614000.0 
 12   2   2   7   3   2   4230.19741519        736300.0 
 12   4   2   7   3   2    4230.1974093       9660000.0 
 12   3   2   7   4   2   4230.19742893        303400.0 
 12   5   2   7   4   2     4230.197425       9787000.0 
 12   7   2   7   6   2   4230.19740537       3624000.0 
 12   2   2   7   1   2   4230.19750944       5861000.0 
 12   0   2   7   1   2   4230.19747999       4282000.0 
 12   1   2   7   0   2   4230.19753694       3492000.0 
 12   6   2   7   5   2    4230.1975821       7686000.0 
 12   4   2   7   5   2    4230.1975821         98430.0 
 12   3   2   8   2   2   6561.12239459       5708000.0 
 12   1   2   8   2   2   6561.12238986       1439000.0 
 12   2   2   8   1   2   6561.12247017       4144000.0 
 12   0   2   8   1   2   6561.12239931       3485000.0 
 12   3   2   8   4   2   6561.12246072        366200.0 
 12   5   2   8   4   2   6561.12245127       7937000.0 
 12   6   2   8   5   2   6561.12247017       7710000.0 
 12   4   2   8   5   2   6561.12247017        158200.0 
 12   8   2   8   7   2    6561.1226922       2892000.0 
 12   2   2   8   3   2   6561.12250324        743100.0 
 12   4   2   8   3   2   6561.12248907       7096000.0 
 12   1   2   8   0   2   6561.12260717       2535000.0 
 12   7   2   8   6   2   6561.12311736       5974000.0 
 12   3   2   9   2   2   10544.6607535       4198000.0 
 12   1   2   9   2   2   10544.6607413       1312000.0 
 12   2   2   9   3   2   10544.6608633        749200.0 
 12   4   2   9   3   2   10544.6608267       5322000.0 
 12   2   2   9   1   2   10544.6608877       3070000.0 
 12   0   2   9   1   2   10544.6607047       2940000.0 
 12   6   2   9   5   2   10544.6608877       6903000.0 
 12   4   2   9   5   2   10544.6608877        221300.0 
 12   5   2   9   6   2   10544.6608755        101400.0 
 12   7   2   9   6   2   10544.6607413       6761000.0 
 12   8   2   9   7   2   10544.6614734       5500000.0 
 12   9   2   9   8   2   10544.6614612       2978000.0 
 12   3   2   9   4   2   10544.6609121        422700.0 
 12   5   2   9   4   2   10544.6608877       6306000.0 
 12   1   2   9   0   2   10544.6611196       1929000.0 
 12   3   2  10   2   2   18639.5511041       3179000.0 
 12   1   2  10   2   2    18639.551066       1228000.0 
 12   2   2  10   3   2   18639.5514091        766800.0 
 12   4   2  10   3   2   18639.5512947       4057000.0 
 12  10   2  10   9   2   18639.5530867       4406000.0 
 12   9   2  10   8   2   18639.5530867       6362000.0 
 12   7   2  10   8   2   18639.5508372         33570.0 
 12   2   2  10   1   2   18639.5514854       2355000.0 
 12   0   2  10   1   2   18639.5509135       2563000.0 
 12   3   2  10   4   2   18639.5515235        484600.0 
 12   5   2  10   4   2   18639.5514472       4973000.0 
 12   8   2  10   7   2   18639.5533536       6869000.0 
 12   6   2  10   7   2   18639.5515616         83110.0 
 12   6   2  10   5   2    18639.551676       5856000.0 
 12   4   2  10   5   2    18639.551676        294600.0 
 12   1   2  10   0   2   18639.5519429       1523000.0 
 12   5   2  10   6   2   18639.5530104        166300.0 
 12   7   2  10   6   2    18639.552591       6568000.0 
 12  11   2  11  10   2   43146.5132216      12010000.0 
 12   9   2  11   8   2   43146.5132216       8343000.0 
 12   7   2  11   8   2   43146.5011685         93360.0 
 12   8   2  11   9   2   43146.5134259         44610.0 
 12  10   2  11   9   2   43146.5132216      10030000.0 
 12   3   2  11   2   2   43146.5058672       2397000.0 
 12   1   2  11   2   2   43146.5056629       1168000.0 
 12   2   2  11   3   2   43146.5072972        795700.0 
 12   4   2  11   3   2   43146.5066843       3047000.0 
 12   2   2  11   1   2   43146.5072972       1812000.0 
 12   0   2  11   1   2   43146.5042329       2268000.0 
 12   3   2  11   4   2   43146.5070929        559400.0 
 12   5   2  11   4   2   43146.5066843       3797000.0 
 12   6   2  11   5   2   43146.5075015       4673000.0 
 12   4   2  11   5   2   43146.5075015        388200.0 
 12   5   2  11   6   2   43146.5087272        259800.0 
 12   7   2  11   6   2     43146.50648       5703000.0 
 12   1   2  11   0   2   43146.5091358       1212000.0 
 12   8   2  11   7   2   43146.5271133       6915000.0 
 12   6   2  11   7   2   43146.5175117        163700.0 
 13   1   2   1   0   2   57.2932023952     489500000.0 
 13   2   2   2   1   2    233.33960109     117300000.0 
 13   0   2   2   1   2   233.339601031      18000000.0 
 13   1   2   2   0   2   233.339614134      71580000.0 
 13   3   2   3   2   2   541.420769513      39300000.0 
 13   1   2   3   2   2   541.420769513       1647000.0 
 13   2   2   3   1   2   541.420784889      43410000.0 
 13   0   2   3   1   2   541.420784567      11990000.0 
 13   1   2   3   0   2    541.42080879      24080000.0 
 13   2   2   4   3   2   1006.56293848        319600.0 
 13   4   2   4   3   2   1006.56293804      15850000.0 
 13   3   2   4   2   2   1006.56294293      24210000.0 
 13   1   2   4   2   2   1006.56294293       1795000.0 
 13   2   2   4   1   2   1006.56297684      20330000.0 
 13   0   2   4   1   2   1006.56297573       8039000.0 
 13   1   2   4   0   2    1006.5630202      11310000.0 
 13   3   2   5   2   2   1671.05174536      14590000.0 
 13   1   2   5   2   2   1671.05174536       1621000.0 
 13   5   2   5   4   2   1671.05175517       7362000.0 
 13   2   2   5   1   2   1671.05176804      11200000.0 
 13   0   2   5   1   2   1671.05176497       5695000.0 
 13   1   2   5   0   2   1671.05181002       6359000.0 
 13   2   2   5   3   2   1671.05191451        477200.0 
 13   4   2   5   3   2   1671.05191329      13800000.0 
 13   3   2   6   2   2   2605.33300312       9301000.0 
 13   1   2   6   2   2   2605.33300312       1411000.0 
 13   2   2   6   3   2   2605.33301579        535600.0 
 13   4   2   6   3   2   2605.33301281      10180000.0 
 13   3   2   6   4   2   2605.33302398        164700.0 
 13   5   2   6   4   2   2605.33302174       8320000.0 
 13   6   2   6   5   2   2605.33302249       3903000.0 
 13   2   2   6   1   2   2605.33305154       6893000.0 
 13   0   2   6   1   2   2605.33304409       4244000.0 
 13   1   2   6   0   2   2605.33308953       4008000.0 
 13   3   2   7   2   2   3930.31369658       6271000.0 
 13   1   2   7   2   2   3930.31369658       1227000.0 
 13   2   2   7   3   2   3930.31371862        549100.0 
 13   4   2   7   3   2   3930.31371184       7379000.0 
 13   3   2   7   4   2   3930.31373218        220600.0 
 13   5   2   7   4   2    3930.3137271       7256000.0 
 13   7   2   7   6   2   3930.31372879       2380000.0 
 13   2   2   7   1   2   3930.31379999       4589000.0 
 13   0   2   7   1   2   3930.31378304       3302000.0 
 13   1   2   7   0   2   3930.31382711       2735000.0 
 13   4   2   7   5   2   3930.31386101         69270.0 
 13   6   2   7   5   2   3930.31385932       5431000.0 
 13   3   2   8   2   2   5866.82394504       4437000.0 
 13   1   2   8   2   2   5866.82394504       1081000.0 
 13   2   2   8   1   2    5866.8240017       3242000.0 
 13   0   2   8   1   2   5866.82396393       2666000.0 
 13   3   2   8   4   2   5866.82399792        260900.0 
 13   5   2   8   4   2   5866.82398659       5897000.0 
 13   4   2   8   5   2   5866.82399792        108500.0 
 13   6   2   8   5   2   5866.82399414       5463000.0 
 13   8   2   8   7   2   5866.82399414       1703000.0 
 13   2   2   8   3   2   5866.82402814        545500.0 
 13   4   2   8   3   2   5866.82401303       5429000.0 
 13   1   2   8   0   2   5866.82411879       1980000.0 
 13   7   2   8   6   2   5866.82456071       3934000.0 
 13   3   2   9   2   2   8859.61250828       3268000.0 
 13   1   2   9   2   2   8859.61250828        970700.0 
 13   2   2   9   3   2   8859.61257719        538700.0 
 13   4   2   9   3   2   8859.61254273       4083000.0 
 13   2   2   9   1   2   8859.61259442       2400000.0 
 13   0   2   9   1   2   8859.61250828       2225000.0 
 13   4   2   9   5   2    8859.6125858        146800.0 
 13   6   2   9   5   2   8859.61257719       4914000.0 
 13   5   2   9   6   2    8859.6125858         63590.0 
 13   7   2   9   6   2    8859.6125858       4475000.0 
 13   8   2   9   7   2    8859.6125858       3256000.0 
 13   9   2   9   8   2   8859.61257719       1481000.0 
 13   3   2   9   4   2   8859.61262026        293200.0 
 13   5   2   9   4   2   8859.61259442       4703000.0 
 13   1   2   9   0   2    8859.6127753       1501000.0 
 13   3   2  10   2   2   13949.6493893       2488000.0 
 13   1   2  10   2   2   13949.6493893        891500.0 
 13   2   2  10   3   2   13949.6495388        536800.0 
 13   4   2  10   3   2   13949.6494534       3137000.0 
 13  10   2  10   9   2   13949.6492398       1663000.0 
 13   9   2  10   8   2    13949.649432       3208000.0 
 13   2   2  10   1   2   13949.6495815       1844000.0 
 13   0   2  10   1   2   13949.6493679       1916000.0 
 13   3   2  10   4   2   13949.6496242        324500.0 
 13   5   2  10   4   2   13949.6495601       3746000.0 
 13   6   2  10   7   2   13949.6495815         45340.0 
 13   8   2  10   7   2   13949.6495815       4121000.0 
 13   4   2  10   5   2   13949.6496669        186800.0 
 13   6   2  10   5   2   13949.6496455       4216000.0 
 13   1   2  10   0   2   13949.6498804       1183000.0 
 13   5   2  10   6   2   13949.6504356         98660.0 
 13   7   2  10   6   2   13949.6504356       4402000.0 
 13  11   2  11  10   2   24263.6713859       2685000.0 
 13   7   2  11   8   2   24263.6715151         41130.0 
 13   9   2  11   8   2   24263.6714505       4429000.0 
 13  10   2  11   9   2   24263.6708691       3986000.0 
 13   3   2  11   2   2    24263.672355       1940000.0 
 13   1   2  11   2   2    24263.672355        840200.0 
 13   2   2  11   3   2   24263.6727426        545200.0 
 13   4   2  11   3   2   24263.6724842       2449000.0 
 13   2   2  11   1   2   24263.6727426       1459000.0 
 13   0   2  11   1   2   24263.6720966       1699000.0 
 13   3   2  11   4   2   24263.6727426        361500.0 
 13   5   2  11   4   2   24263.6725488       2985000.0 
 13   4   2  11   5   2   24263.6727426        234000.0 
 13   6   2  11   5   2    24263.672678       3523000.0 
 13   5   2  11   6   2   24263.6731949        144000.0 
 13   7   2  11   6   2   24263.6731949       4012000.0 
 13   1   2  11   0   2   24263.6734533        961500.0 
 13   6   2  11   7   2   24263.6758437         81920.0 
 13   8   2  11   7   2   24263.6758437       4362000.0 
 13   7   2  12   8   2   55441.4867072         89010.0 
 13   9   2  12   8   2   55441.4863699       4824000.0 
 13   8   2  12   9   2   55441.4870445         51100.0 
 13  10   2  12   9   2   55441.4836714       5726000.0 
 13  12   2  12  11   2   55441.4867072       7993000.0 
 13   9   2  12  10   2   55441.4867072         24540.0 
 13  11   2  12  10   2   55441.4863699       6774000.0 
 13   3   2  12   2   2   55441.5025606       1502000.0 
 13   1   2  12   2   2   55441.5025606        802800.0 
 13   5   2  12   6   2   55441.5025606        207300.0 
 13   7   2  12   6   2   55441.5025606       3382000.0 
 13   2   2  12   3   2   55441.5042471        561700.0 
 13   4   2  12   3   2   55441.5028979       1882000.0 
 13   3   2  12   4   2   55441.5035725        407600.0 
 13   5   2  12   4   2   55441.5025606       2312000.0 
 13   2   2  12   1   2   55441.5045844       1153000.0 
 13   0   2  12   1   2   55441.5012113       1524000.0 
 13   4   2  12   5   2   55441.5035725        294200.0 
 13   6   2  12   5   2   55441.5032352       2808000.0 
 13   1   2  12   0   2   55441.5076201        784400.0 
 13   6   2  12   7   2   55441.5069455        140200.0 
 13   8   2  12   7   2   55441.5069455       4049000.0 
 14   1   2   1   0   2   57.2462621296     391700000.0 
 14   2   2   2   1   2   232.562952972      93590000.0 
 14   0   2   2   1   2   232.562952925      14400000.0 
 14   1   2   2   0   2   232.562965929      57300000.0 
 14   3   2   3   2   2   537.257707535      31130000.0 
 14   1   2   3   2   2   537.257707535       1310000.0 
 14   2   2   3   1   2   537.257722676      34650000.0 
 14   0   2   3   1   2   537.257722422       9575000.0 
 14   1   2   3   0   2   537.257746211      19280000.0 
 14   2   2   4   3   2    992.26855352        251300.0 
 14   4   2   4   3   2   992.268553088      12380000.0 
 14   3   2   4   2   2   992.268557842      19180000.0 
 14   1   2   4   2   2   992.268557842       1423000.0 
 14   2   2   4   1   2   992.268590796      16230000.0 
 14   0   2   4   1   2   992.268589932       6408000.0 
 14   1   2   4   0   2   992.268632935       9049000.0 
 14   3   2   5   2   2   1632.02063959      11570000.0 
 14   1   2   5   2   2   1632.02063959       1280000.0 
 14   5   2   5   4   2   1632.02064924       5618000.0 
 14   2   2   5   1   2   1632.02066122       8944000.0 
 14   0   2   5   1   2   1632.02065888       4527000.0 
 14   1   2   5   0   2   1632.02070126       5087000.0 
 14   2   2   5   3   2   1632.02080093        372800.0 
 14   4   2   5   3   2   1632.02079976      10780000.0 
 14   3   2   6   2   2   2511.67976088       7373000.0 
 14   1   2   6   2   2   2511.67976088       1107000.0 
 14   2   2   6   3   2   2511.67977265        415300.0 
 14   4   2   6   3   2   2511.67976988       7959000.0 
 14   3   2   6   4   2   2511.67978027        125600.0 
 14   5   2   6   4   2   2511.67977888       6354000.0 
 14   6   2   6   5   2   2511.67977888       2874000.0 
 14   2   2   6   1   2   2511.67980588       5501000.0 
 14   0   2   6   1   2   2511.67980034       3362000.0 
 14   1   2   6   0   2   2511.67984119       3203000.0 
 14   3   2   7   2   2   3721.00705088       4972000.0 
 14   1   2   7   2   2   3721.00705088        957000.0 
 14   2   2   7   3   2   3721.00707064        421900.0 
 14   4   2   7   3   2   3721.00706456       5773000.0 
 14   3   2   7   4   2   3721.00708279        166300.0 
 14   5   2   7   4   2   3721.00707975       5546000.0 
 14   7   2   7   6   2   3721.00707975       1660000.0 
 14   2   2   7   1   2   3721.00714357       3660000.0 
 14   0   2   7   1   2   3721.00713141       2604000.0 
 14   1   2   7   0   2   3721.00716788       2182000.0 
 14   6   2   7   5   2   3721.00719675       4003000.0 
 14   3   2   8   2   2     5412.373894       3518000.0 
 14   1   2   8   2   2     5412.373894        836000.0 
 14   2   2   8   1   2   5412.37394222       2583000.0 
 14   0   2   8   1   2    5412.3739165       2090000.0 
 14   3   2   8   4   2   5412.37393901        193700.0 
 14   5   2   8   4   2   5412.37393258       4512000.0 
 14   4   2   8   5   2   5412.37393901         78260.0 
 14   6   2   8   5   2   5412.37393579       4032000.0 
 14   8   2   8   7   2   5412.37393579       1098000.0 
 14   2   2   8   3   2   5412.37396472        414300.0 
 14   4   2   8   3   2   5412.37395187       4250000.0 
 14   1   2   8   0   2   5412.37404187       1576000.0 
 14   7   2   8   6   2   5412.37441799       2749000.0 
 14   3   2   9   2   2   7862.64968436       2591000.0 
 14   1   2   9   2   2   7862.64968436        742200.0 
 14   2   2   9   3   2   7862.64973864        403100.0 
 14   4   2   9   3   2    7862.6497115       3199000.0 
 14   2   2   9   1   2    7862.6497522       1909000.0 
 14   0   2   9   1   2   7862.64969793       1731000.0 
 14   4   2   9   5   2   7862.64974542        103400.0 
 14   6   2   9   5   2   7862.64973864       3635000.0 
 14   5   2   9   6   2    7862.6497522         42960.0 
 14   7   2   9   6   2   7862.64974542       3136000.0 
 14   8   2   9   7   2   7862.64974542       2105000.0 
 14   9   2   9   8   2   7862.64974542        849800.0 
 14   3   2   9   4   2   7862.64977256        213600.0 
 14   5   2   9   4   2   7862.64975899       3605000.0 
 14   1   2   9   0   2   7862.64989467       1192000.0 
 14   3   2  10   2   2   11628.1470862       1974000.0 
 14   1   2  10   2   2   11628.1470862        671800.0 
 14   2   2  10   3   2   11628.1471901        394000.0 
 14   4   2  10   3   2   11628.1471308       2464000.0 
 14  10   2  10   9   2   11628.1471308        799700.0 
 14   9   2  10   8   2   11628.1471308       1851000.0 
 14   2   2  10   1   2   11628.1472198       1466000.0 
 14   0   2  10   1   2   11628.1471011       1475000.0 
 14   3   2  10   4   2   11628.1472495        230600.0 
 14   5   2  10   4   2   11628.1472198       2881000.0 
 14   6   2  10   7   2   11628.1472198         27780.0 
 14   8   2  10   7   2   11628.1472198       2678000.0 
 14   4   2  10   5   2   11628.1472791        127700.0 
 14   6   2  10   5   2   11628.1472643       3132000.0 
 14   1   2  10   0   2   11628.1474275        935500.0 
 14   5   2  10   6   2   11628.1478281         64230.0 
 14   7   2  10   6   2   11628.1478133       3099000.0 
 14  11   2  11  10   2   18009.6742663        971500.0 
 14   7   2  11   8   2   18009.6742663         21730.0 
 14   9   2  11   8   2   18009.6742663       2589000.0 
 14  10   2  11   9   2   18009.6742663       1943000.0 
 14   3   2  11   2   2    18009.674729       1546000.0 
 14   1   2  11   2   2    18009.674729        621700.0 
 14   2   2  11   3   2   18009.6749426        390300.0 
 14   4   2  11   3   2   18009.6748002       1937000.0 
 14   2   2  11   1   2   18009.6749426       1161000.0 
 14   0   2  11   1   2   18009.6746578       1292000.0 
 14   3   2  11   4   2   18009.6749426        248700.0 
 14   5   2  11   4   2   18009.6748714       2317000.0 
 14   4   2  11   5   2   18009.6749426        153400.0 
 14   6   2  11   5   2    18009.674907       2645000.0 
 14   5   2  11   6   2   18009.6752273         89170.0 
 14   7   2  11   6   2   18009.6751917       2858000.0 
 14   1   2  11   0   2   18009.6753341        758300.0 
 14   6   2  11   7   2    18009.676651         47270.0 
 14   8   2  11   7   2    18009.676651       2871000.0 
 14   7   2  12   8   2   30912.9818428         42850.0 
 14   9   2  12   8   2   30912.9818428       2967000.0 
 14   8   2  12   9   2   30912.9819477         21580.0 
 14  10   2  12   9   2   30912.9819477       2939000.0 
 14  12   2  12  11   2   30912.9815282       1699000.0 
 14  11   2  12  10   2   30912.9819477       2583000.0 
 14   3   2  12   2   2   30912.9867716       1236000.0 
 14   1   2  12   2   2   30912.9867716        589800.0 
 14   5   2  12   6   2   30912.9868764        120900.0 
 14   7   2  12   6   2   30912.9867716       2526000.0 
 14   2   2  12   3   2   30912.9872959        394700.0 
 14   4   2  12   3   2   30912.9868764       1544000.0 
 14   3   2  12   4   2   30912.9870861        271800.0 
 14   5   2  12   4   2   30912.9868764       1870000.0 
 14   2   2  12   1   2   30912.9874007        942200.0 
 14   0   2  12   1   2   30912.9865618       1162000.0 
 14   4   2  12   5   2   30912.9870861        184500.0 
 14   6   2  12   5   2   30912.9869813       2204000.0 
 14   1   2  12   0   2   30912.9883445        631000.0 
 14   6   2  12   7   2   30912.9881348         74980.0 
 14   8   2  12   7   2   30912.9881348       2799000.0 
 14   3   2  13   2   2    69872.242728        978900.0 
 14   1   2  13   2   2    69872.242728        566200.0 
 14   2   2  13   3   2    69872.244871        404900.0 
 14   4   2  13   3   2    69872.242728       1211000.0 
 14   2   2  13   1   2    69872.244871        761500.0 
 14   0   2  13   1   2    69872.240585       1055000.0 
 14   3   2  13   4   2    69872.244871        301400.0 
 14   5   2  13   4   2   69872.2437995       1470000.0 
 14   4   2  13   5   2   69872.2443353        224400.0 
 14   6   2  13   5   2   69872.2437995       1765000.0 
 14   5   2  13   6   2   69872.2443353        164300.0 
 14   7   2  13   6   2   69872.2437995       2102000.0 
 14   6   2  13   7   2   69872.2437995        116900.0 
 14   8   2  13   7   2   69872.2437995       2489000.0 
 14   7   2  13   8   2   69872.2437995         79680.0 
 14   9   2  13   8   2   69872.2437995       2934000.0 
 14   8   2  13   9   2   69872.2443353         50890.0 
 14  10   2  13   9   2   69872.2443353       3445000.0 
 14  13   2  13  12   2   69872.2443353       5486000.0 
 14  10   2  13  11   2    69872.244871         14160.0 
 14  12   2  13  11   2    69872.242728       4709000.0 
 14   1   2  13   0   2   69872.2480855        525500.0 
 14   9   2  13  10   2    69872.249157         29360.0 
 14  11   2  13  10   2    69872.249157       4033000.0 
 15   1   2   1   0   2   57.2084491378     318400000.0 
 15   2   2   2   1   2   231.940150679      75870000.0 
 15   0   2   2   1   2   231.940150643      11700000.0 
 15   1   2   2   0   2   231.940163572      46580000.0 
 15   3   2   3   2   2   533.945532022      25080000.0 
 15   1   2   3   2   2   533.945532022       1059000.0 
 15   2   2   3   1   2   533.945546945      28100000.0 
 15   0   2   3   1   2   533.945546757       7770000.0 
 15   1   2   3   0   2   533.945570222      15670000.0 
 15   2   2   4   3   2   981.029108769        201300.0 
 15   4   2   4   3   2   981.029108558       9864000.0 
 15   3   2   4   2   2   981.029113099      15460000.0 
 15   1   2   4   2   2   981.029113099       1147000.0 
 15   2   2   4   1   2   981.029145205      13160000.0 
 15   0   2   4   1   2   981.029144572       5192000.0 
 15   1   2   4   0   2     981.0291865       7355000.0 
 15   3   2   5   2   2   1601.83658443       9327000.0 
 15   1   2   5   2   2   1601.83658443       1029000.0 
 15   5   2   5   4   2   1601.83659372       4397000.0 
 15   2   2   5   1   2   1601.83660498       7253000.0 
 15   0   2   5   1   2   1601.83660329       3660000.0 
 15   1   2   5   0   2   1601.83664384       4132000.0 
 15   2   2   5   3   2   1601.83673957        297200.0 
 15   4   2   5   3   2   1601.83673901       8598000.0 
 15   3   2   6   2   2   2440.89383971       5946000.0 
 15   1   2   6   2   2   2440.89383971        886400.0 
 15   2   2   6   3   2   2440.89385017        329200.0 
 15   4   2   6   3   2   2440.89384886       6348000.0 
 15   3   2   6   4   2   2440.89385801         98250.0 
 15   5   2   6   4   2   2440.89385671       4975000.0 
 15   6   2   6   5   2   2440.89385736       2187000.0 
 15   2   2   6   1   2   2440.89388155       4460000.0 
 15   0   2   6   1   2   2440.89387763       2711000.0 
 15   1   2   6   0   2   2440.89391555       2600000.0 
 15   3   2   7   2   2   3567.72693134       4010000.0 
 15   1   2   7   2   2   3567.72693134        762000.0 
 15   2   2   7   3   2    3567.7269481        332000.0 
 15   4   2   7   3   2   3567.72694531       4606000.0 
 15   3   2   7   4   2   3567.72696068        128800.0 
 15   5   2   7   4   2   3567.72695788       4345000.0 
 15   7   2   7   6   2   3567.72695928       1212000.0 
 15   2   2   7   1   2   3567.72701515       2966000.0 
 15   0   2   7   1   2   3567.72700677       2092000.0 
 15   1   2   7   0   2    3567.7270389       1769000.0 
 15   6   2   7   5   2   3567.72706683       3048000.0 
 15   3   2   8   2   2    5094.0393167       2836000.0 
 15   1   2   8   2   2    5094.0393167        661300.0 
 15   2   2   8   1   2   5094.03935657       2091000.0 
 15   0   2   8   1   2   5094.03933948       1671000.0 
 15   3   2   8   4   2   5094.03935657        148500.0 
 15   5   2   8   4   2   5094.03935087       3537000.0 
 15   4   2   8   5   2   5094.03935942         58640.0 
 15   6   2   8   5   2   5094.03935657       3073000.0 
 15   8   2   8   7   2   5094.03935657        755000.0 
 15   2   2   8   3   2    5094.0393765        323200.0 
 15   4   2   8   3   2   5094.03937081       3392000.0 
 15   1   2   8   0   2   5094.03944769       1275000.0 
 15   7   2   8   6   2   5094.03978371       2009000.0 
 15   3   2   9   2   2   7208.26461978       2088000.0 
 15   1   2   9   2   2   7208.26461978        582200.0 
 15   2   2   9   3   2    7208.2646597        311100.0 
 15   4   2   9   3   2   7208.26464829       2554000.0 
 15   2   2   9   1   2    7208.2646711       1544000.0 
 15   0   2   9   1   2   7208.26463689       1375000.0 
 15   4   2   9   5   2    7208.2646768         76190.0 
 15   6   2   9   5   2    7208.2646711       2774000.0 
 15   5   2   9   6   2    7208.2646768         30630.0 
 15   7   2   9   6   2    7208.2646768       2295000.0 
 15   8   2   9   7   2    7208.2646768       1450000.0 
 15   9   2   9   8   2    7208.2646711        536700.0 
 15   3   2   9   4   2   7208.26469391        161500.0 
 15   5   2   9   4   2    7208.2646825       2829000.0 
 15   1   2   9   0   2   7208.26479654        961800.0 
 15   3   2  10   2   2   10251.7541641       1590000.0 
 15   1   2  10   2   2   10251.7541641        521400.0 
 15   2   2  10   3   2   10251.7542333        299800.0 
 15   4   2  10   3   2   10251.7542103       1968000.0 
 15  10   2  10   9   2   10251.7541987        446500.0 
 15   9   2  10   8   2   10251.7541987       1172000.0 
 15   2   2  10   1   2   10251.7542564       1183000.0 
 15   0   2  10   1   2   10251.7541872       1163000.0 
 15   3   2  10   4   2    10251.754291        171300.0 
 15   5   2  10   4   2   10251.7542679       2264000.0 
 15   8   2  10   7   2   10251.7542795       1850000.0 
 15   4   2  10   5   2   10251.7543256         92020.0 
 15   6   2  10   5   2   10251.7543141       2394000.0 
 15   1   2  10   0   2   10251.7544294        752500.0 
 15   5   2  10   6   2   10251.7547408         44630.0 
 15   7   2  10   6   2   10251.7547408       2274000.0 
 15  11   2  11  10   2    14909.402129        451600.0 
 15   9   2  11   8   2    14909.402129       1649000.0 
 15  10   2  11   9   2    14909.402129       1091000.0 
 15   3   2  11   2   2   14909.4024462       1246000.0 
 15   1   2  11   2   2   14909.4024462        475800.0 
 15   2   2  11   3   2   14909.4025681        291600.0 
 15   4   2  11   3   2   14909.4025193       1550000.0 
 15   2   2  11   1   2   14909.4025681        935500.0 
 15   0   2  11   1   2   14909.4024218       1008000.0 
 15   3   2  11   4   2   14909.4025925        180400.0 
 15   5   2  11   4   2   14909.4025437       1825000.0 
 15   4   2  11   5   2   14909.4026169        107500.0 
 15   6   2  11   5   2   14909.4025925       2030000.0 
 15   5   2  11   6   2   14909.4027877         59870.0 
 15   7   2  11   6   2   14909.4027877       2106000.0 
 15   1   2  11   0   2   14909.4028608        607500.0 
 15   6   2  11   7   2   14909.4037878         30140.0 
 15   8   2  11   7   2   14909.4037878       1993000.0 
 15   7   2  12   8   2       22781.676         24020.0 
 15   9   2  12   8   2    22781.675943       1913000.0 
 15  10   2  12   9   2       22781.676       1672000.0 
 15  12   2  12  11   2   22781.6757722        590000.0 
 15  11   2  12  10   2       22781.676       1217000.0 
 15   3   2  12   2   2   22781.6786199        999800.0 
 15   1   2  12   2   2   22781.6786199        443600.0 
 15   5   2  12   6   2   22781.6786768         77520.0 
 15   7   2  12   6   2   22781.6786768       1882000.0 
 15   2   2  12   3   2   22781.6788477        288000.0 
 15   4   2  12   3   2   22781.6787338       1244000.0 
 15   3   2  12   4   2   22781.6787908        191300.0 
 15   5   2  12   4   2   22781.6786768       1486000.0 
 15   2   2  12   1   2   22781.6789047        759800.0 
 15   0   2  12   1   2   22781.6785629        896500.0 
 15   4   2  12   5   2   22781.6788477        124400.0 
 15   6   2  12   5   2   22781.6787908       1708000.0 
 15   1   2  12   0   2   22781.6794742        504100.0 
 15   6   2  12   7   2   22781.6794173         45250.0 
 15   8   2  12   7   2   22781.6794173       1967000.0 
 15   3   2  13   2   2   38672.9115599        816700.0 
 15   1   2  13   2   2   38672.9115599        423500.0 
 15   2   2  13   3   2   38672.9120522        290700.0 
 15   4   2  13   3   2    38672.911724       1011000.0 
 15   2   2  13   1   2   38672.9120522        630000.0 
 15   0   2  13   1   2   38672.9110675        816400.0 
 15   3   2  13   4   2   38672.9122164        206400.0 
 15   5   2  13   4   2   38672.9118881       1216000.0 
 15   4   2  13   5   2   38672.9122164        145400.0 
 15   6   2  13   5   2   38672.9120522       1428000.0 
 15   5   2  13   6   2   38672.9120522         99920.0 
 15   7   2  13   6   2   38672.9120522       1640000.0 
 15   6   2  13   7   2   38672.9120522         65960.0 
 15   8   2  13   7   2   38672.9120522       1835000.0 
 15   7   2  13   8   2   38672.9120522         41110.0 
 15   9   2  13   8   2   38672.9118881       1988000.0 
 15   8   2  13   9   2   38672.9122164         23570.0 
 15  10   2  13   9   2   38672.9120522       2062000.0 
 15  13   2  13  12   2   38672.9110675       1111000.0 
 15  12   2  13  11   2   38672.9115599       1723000.0 
 15   1   2  13   0   2   38672.9132011        427900.0 
 15   9   2  13  10   2   38672.9135293         11890.0 
 15  11   2  13  10   2   38672.9135293       2001000.0 
 15   3   2  14   2   2   86609.6454948        659600.0 
 15   2   2  14   3   2   86609.6479642        297300.0 
 15   4   2  14   3   2   86609.6463179        807100.0 
 15   2   2  14   1   2   86609.6479642        519100.0 
 15   0   2  14   1   2   86609.6430253        748400.0 
 15   3   2  14   4   2   86609.6487874        226100.0 
 15   5   2  14   4   2   86609.6471411        969600.0 
 15   4   2  14   5   2   86609.6479642        172500.0 
 15   6   2  14   5   2   86609.6471411       1152000.0 
 15   5   2  14   6   2   86609.6479642        130300.0 
 15   7   2  14   6   2   86609.6479642       1359000.0 
 15   6   2  14   7   2   86609.6479642         96310.0 
 15   8   2  14   7   2   86609.6479642       1594000.0 
 15   7   2  14   8   2   86609.6479642         69020.0 
 15   9   2  14   8   2   86609.6471411       1861000.0 
 15   8   2  14   9   2   86609.6479642         47290.0 
 15  10   2  14   9   2   86609.6471411       2165000.0 
 15   9   2  14  10   2   86609.6471411         30340.0 
 15  11   2  14  10   2   86609.6471411       2511000.0 
 15  14   2  14  13   2   86609.6471411       3866000.0 
 15  10   2  14  11   2   86609.6471411         17570.0 
 15  12   2  14  11   2   86609.6438484       2905000.0 
 15  11   2  14  12   2   86609.6504337          8505.0 
 15  13   2  14  12   2   86609.6454948       3355000.0 
100	0	0	0 0	0	1.0	   1.0
# n,l,2,n,l,2,  Energy (Angstrom) Einstein A (s-1)
# File computed  using the RAP package (Witthoeft, 2011) using AUTOSTRUCTURE data 
# For the final state of H-like Be