  2   1   2   1   0   2     7.189483324        1.79e+13 
  3   1   2   1   0   2   6.06612654907        4.78e+12 
  3   2   2   2   1   2    38.823212736       1.848e+12 
  3   0   2   2   1   2   38.8232077257       1.804e+11 
  3   1   2   2   0   2   38.8232105876       6.415e+11 
  4   1   2   1   0   2   5.75158672638       1.949e+12 
  4   2   2   2   1   2   28.7579357384       5.894e+11 
  4   0   2   2   1   2   28.7579345428   73670000000.0 
  4   1   2   2   0   2   28.7579354505       2.763e+11 
  4   3   2   3   2   2   110.923474924        3.94e+11 
  4   1   2   3   2   2   110.923459241    9931000000.0 
  4   2   2   3   1   2   110.923495193       2.011e+11 
  4   0   2   3   1   2   110.923477405   52450000000.0 
  4   1   2   3   0   2   110.923500142   87590000000.0 
  5   1   2   1   0   2   5.61678392255       9.823e+11 
  5   2   2   2   1   2   25.6767281914       2.693e+11 
  5   0   2   2   1   2   25.6767275192   36820000000.0 
  5   1   2   2   0   2   25.6767281172       1.414e+11 
  5   3   2   3   2   2   75.8265908466       1.298e+11 
  5   1   2   3   2   2   75.8265850955    4273000000.0 
  5   2   2   3   1   2   75.8266005418   96920000000.0 
  5   0   2   3   1   2    75.826594679   25850000000.0 
  5   1   2   3   0   2   75.8266042083   46800000000.0 
  5   4   2   4   3   2   239.649449313       1.216e+11 
  5   2   2   4   3   2   239.649431502    1442000000.0 
  5   3   2   4   2   2   239.649469733   73850000000.0 
  5   1   2   4   2   2   239.649412286    5385000000.0 
  5   2   2   4   1   2   239.649504705   42460000000.0 
  5   0   2   4   1   2   239.649446143   18430000000.0 
  5   1   2   4   0   2   239.649495314   21070000000.0 
  6   1   2   1   0   2   5.54617295212       5.638e+11 
  6   0   2   2   1   2   24.2645081005   21000000000.0 
  6   2   2   2   1   2   24.2645080286        1.47e+11 
  6   1   2   2   0   2   24.2645085123   81680000000.0 
  6   1   2   3   2   2   64.7053560832    2236000000.0 
  6   3   2   3   2   2   64.7053559307   61330000000.0 
  6   0   2   3   1   2    64.705363931   14490000000.0 
  6   2   2   3   1   2   64.7053634197   53660000000.0 
  6   1   2   3   0   2   64.7053700008   27290000000.0 
  6   4   2   4   3   2     155.2928422   39230000000.0 
  6   2   2   4   3   2   155.292834224     613000000.0 
  6   1   2   4   2   2   155.292848684    2691000000.0 
  6   3   2   4   2   2   155.292847805   36780000000.0 
  6   0   2   4   1   2   155.292867907   10240000000.0 
  6   2   2   4   1   2   155.292864962   24640000000.0 
  6   1   2   4   0   2   155.292883548   12730000000.0 
  6   4   2   5   3   2   441.172841526   31600000000.0 
  6   2   2   5   3   2   441.172777152    1117000000.0 
  6   5   2   5   4   2    441.17284945   47000000000.0 
  6   3   2   5   4   2   441.172818843     325000000.0 
  6   1   2   5   2   2   441.172886294    2741000000.0 
  6   3   2   5   2   2   441.172879203   20670000000.0 
  6   0   2   5   1   2   441.172995607    7663000000.0 
  6   2   2   5   1   2   441.172971835   12840000000.0 
  6   1   2   5   0   2   441.173084758    6943000000.0 
  7   1   2   1   0   2   5.50444827357       3.533e+11 
  7   2   2   2   1   2   23.4856475149   89470000000.0 
  7   0   2   2   1   2    23.485647391   13110000000.0 
  7   1   2   2   0   2   23.4856477283   51360000000.0 
  7   3   2   3   2   2   59.4480463936   34490000000.0 
  7   1   2   3   2   2   59.4480457894    1325000000.0 
  7   2   2   3   1   2   59.4480535179   32850000000.0 
  7   0   2   3   1   2   59.4480527244    8939000000.0 
  7   1   2   3   0   2   59.4480575372   17220000000.0 
  7   2   2   4   3   2   128.103526001     321200000.0 
  7   4   2   4   3   2   128.103524638   18460000000.0 
  7   3   2   4   2   2   128.103531515   20970000000.0 
  7   1   2   4   2   2    128.10352871    1540000000.0 
  7   2   2   4   1   2   128.103546918   15250000000.0 
  7   0   2   4   1   2   128.103543233    6212000000.0 
  7   1   2   4   0   2   128.103552434    8082000000.0 
  7   2   2   5   3   2   275.222424289     546400000.0 
  7   4   2   5   3   2   275.222417996   15660000000.0 
  7   3   2   5   4   2   275.222423308     132900000.0 
  7   5   2   5   4   2   275.222409991   14540000000.0 
  7   3   2   5   2   2   275.222446798   12380000000.0 
  7   1   2   5   2   2   275.222433848    1517000000.0 
  7   2   2   5   1   2   275.222500055    8294000000.0 
  7   0   2   5   1   2   275.222483048    4622000000.0 
  7   1   2   5   0   2   275.222511086    4546000000.0 
  7   4   2   6   5   2   731.668231342      95850000.0 
  7   6   2   6   5   2   731.668209312   21170000000.0 
  7   3   2   6   4   2   731.668287152     317300000.0 
  7   5   2   6   4   2    731.66819304   15210000000.0 
  7   2   2   6   1   2   731.668340494    4870000000.0 
  7   0   2   6   1   2   731.668220298    3615000000.0 
  7   2   2   6   3   2   731.668359998     721200000.0 
  7   4   2   6   3   2   731.668315526   10760000000.0 
  7   1   2   6   0   2   731.668307302    2798000000.0 
  7   3   2   6   2   2   731.668464214    7413000000.0 
  7   1   2   6   2   2   731.668372687    1459000000.0 
  8   1   2   1   0   2   5.47770168603       2.359e+11 
  8   2   2   2   1   2   23.0063485526   58650000000.0 
  8   0   2   2   1   2   23.0063484779    8727000000.0 
  8   1   2   2   0   2   23.0063488077   34360000000.0 
  8   3   2   3   2   2   56.4701290995   21540000000.0 
  8   1   2   3   2   2   56.4701289161     853300000.0 
  8   2   2   3   1   2    56.470135587   21600000000.0 
  8   0   2   3   1   2    56.470135137    5906000000.0 
  8   1   2   3   0   2   56.4701395164   11540000000.0 
  8   2   2   4   3   2   115.031737341     191600000.0 
  8   4   2   4   3   2   115.031736408   10410000000.0 
  8   3   2   4   2   2   115.031741541   13180000000.0 
  8   1   2   4   2   2   115.031740781     970400000.0 
  8   2   2   4   1   2   115.031754206   10070000000.0 
  8   0   2   4   1   2   115.031752339    4057000000.0 
  8   1   2   4   0   2    115.03175991    5422000000.0 
  8   2   2   5   3   2   221.214882305     311000000.0 
  8   4   2   5   3   2   221.214878857    8958000000.0 
  8   3   2   5   4   2   221.214880764      68250000.0 
  8   5   2   5   4   2   221.214877488    6682000000.0 
  8   3   2   5   2   2    221.21489594    7869000000.0 
  8   1   2   5   2   2   221.214893126     927400000.0 
  8   2   2   5   1   2   221.214931253    5525000000.0 
  8   0   2   5   1   2   221.214924347    2972000000.0 
  8   1   2   5   0   2   221.214943025    3061000000.0 
  8   4   2   6   5   2   443.693848992      37310000.0 
  8   6   2   6   5   2   443.693806995    6217000000.0 
  8   3   2   6   4   2    443.69386338     149700000.0 
  8   5   2   6   4   2   443.693850202    7367000000.0 
  8   2   2   6   1   2   443.693886646    3370000000.0 
  8   0   2   6   1   2   443.693858865    2316000000.0 
  8   2   2   6   3   2   443.693893819     389200000.0 
  8   4   2   6   3   2   443.693879949    6465000000.0 
  8   1   2   6   0   2   443.693893127    1937000000.0 
  8   3   2   6   2   2   443.693928492    4931000000.0 
  8   1   2   6   2   2   443.693917172     868800000.0 
  8   3   2   7   2   2   1127.31095645    3147000000.0 
  8   1   2   7   2   2   1127.31088337     821000000.0 
  8   2   2   7   3   2    1127.3110213     455300000.0 
  8   4   2   7   3   2   1127.31093176    4389000000.0 
  8   3   2   7   4   2   1127.31106202     242000000.0 
  8   5   2   7   4   2   1127.31097695    5978000000.0 
  8   5   2   7   6   2   1127.31102924      34010000.0 
  8   7   2   7   6   2   1127.31102004   10640000000.0 
  8   2   2   7   1   2   1127.31123857    2155000000.0 
  8   0   2   7   1   2   1127.31105923    1877000000.0 
  8   4   2   7   5   2   1127.31115517     110200000.0 
  8   6   2   7   5   2   1127.31088407    8019000000.0 
  8   1   2   7   0   2    1127.3111687    1296000000.0 
  9   1   2   1   0   2   5.45951400519       1.653e+11 
  9   2   2   2   1   2   22.6888907955   40590000000.0 
  9   0   2   2   1   2   22.6888907455    6104000000.0 
  9   1   2   2   0   2   22.6888910584   24110000000.0 
  9   3   2   3   2   2   54.5951442187   14440000000.0 
  9   1   2   3   2   2   54.5951440839     583400000.0 
  9   2   2   3   1   2   54.5951502338   14970000000.0 
  9   0   2   3   1   2    54.595149944    4108000000.0 
  9   1   2   3   0   2    54.595153992    8103000000.0 
  9   2   2   4   3   2   107.510431197     124600000.0 
  9   4   2   4   3   2   107.510430466    6541000000.0 
  9   3   2   4   2   2   107.510435055    8857000000.0 
  9   1   2   4   2   2   107.510434533     653700000.0 
  9   2   2   4   1   2   107.510445929    6997000000.0 
  9   0   2   4   1   2   107.510444806    2799000000.0 
  9   1   2   4   0   2   107.510451243    3808000000.0 
  9   2   2   5   3   2   194.982647688     196100000.0 
  9   4   2   5   3   2   194.982645285    5660000000.0 
  9   3   2   5   4   2   194.982647113      40310000.0 
  9   5   2   5   4   2   194.982644655    3721000000.0 
  9   3   2   5   2   2   194.982658903    5314000000.0 
  9   1   2   5   2   2   194.982657184     612400000.0 
  9   2   2   5   1   2   194.982685716    3849000000.0 
  9   0   2   5   1   2    194.98268202    2027000000.0 
  9   1   2   5   0   2    194.98269595    2149000000.0 
  9   6   2   6   5   2   349.408900445    2764000000.0 
  9   3   2   6   4   2   349.408913628      83520000.0 
  9   5   2   6   4   2   349.408905737    4159000000.0 
  9   2   2   6   1   2   349.408926061    2364000000.0 
  9   0   2   6   1   2   349.408914191    1557000000.0 
  9   2   2   6   3   2   349.408930509     235700000.0 
  9   4   2   6   3   2   349.408922792    4136000000.0 
  9   1   2   6   0   2   349.408933577    1363000000.0 
  9   3   2   6   2   2   349.408954008    3365000000.0 
  9   1   2   6   2   2   349.408948488     558800000.0 
  9   3   2   7   2   2   668.790450359    2240000000.0 
  9   1   2   7   2   2   668.790430137     517200000.0 
  9   2   2   7   3   2    668.79046587     264100000.0 
  9   4   2   7   3   2   668.790437598    2944000000.0 
  9   3   2   7   4   2   668.790487515     126100000.0 
  9   5   2   7   4   2   668.790458605    3550000000.0 
  9   7   2   7   6   2   668.790473625    2958000000.0 
  9   2   2   7   1   2   668.790542341    1566000000.0 
  9   0   2   7   1   2   668.790498854    1260000000.0 
  9   4   2   7   5   2   668.790516229      49740000.0 
  9   6   2   7   5   2   668.790504695    3756000000.0 
  9   1   2   7   0   2   668.790530561     935200000.0 
  9   3   2   8   2   2   1644.27708057    1508000000.0 
  9   1   2   8   2   2   1644.27695833     486900000.0 
  9   2   2   8   3   2   1644.27722447     291500000.0 
  9   4   2   8   3   2   1644.27705357    2040000000.0 
  9   3   2   8   4   2   1644.27727105     173200000.0 
  9   5   2   8   4   2    1644.2770963    2698000000.0 
  9   2   2   8   1   2   1644.27737993    1067000000.0 
  9   0   2   8   1   2   1644.27711706    1051000000.0 
  9   4   2   8   5   2   1644.27723455      95070000.0 
  9   6   2   8   5   2   1644.27716483    3518000000.0 
  9   6   2   8   7   2   1644.27718441      13810000.0 
  9   8   2   8   7   2   1644.27717878    5817000000.0 
  9   1   2   8   0   2   1644.27733988     664900000.0 
  9   5   2   8   6   2   1644.27767306      44140000.0 
  9   7   2   8   6   2   1644.27765259    4540000000.0 
 10   1   2   1   0   2   5.44657838172       1.203e+11 
 10   2   2   2   1   2   22.4671372139   29280000000.0 
 10   0   2   2   1   2   22.4671371784    4436000000.0 
 10   1   2   2   0   2   22.4671374804   17570000000.0 
 10   3   2   3   2   2   53.3285900807   10190000000.0 
 10   1   2   3   2   2   53.3285899967     417300000.0 
 10   2   2   3   1   2   53.3285958152   10820000000.0 
 10   0   2   3   1   2   53.3285956152    2974000000.0 
 10   1   2   3   0   2   53.3285994504    5906000000.0 
 10   2   2   4   3   2   102.706907929      85980000.0 
 10   4   2   4   3   2   102.706907431    4416000000.0 
 10   3   2   4   2   2   102.706911467    6260000000.0 
 10   1   2   4   2   2   102.706911156     462700000.0 
 10   2   2   4   1   2   102.706921374    5059000000.0 
 10   0   2   4   1   2   102.706920632    2015000000.0 
 10   1   2   4   0   2   102.706926406    2775000000.0 
 10   2   2   5   3   2   179.737090186     132700000.0 
 10   4   2   5   3   2   179.737088662    3832000000.0 
 10   5   2   5   4   2   179.737088077    2323000000.0 
 10   3   2   5   2   2   179.737099769    3764000000.0 
 10   1   2   5   2   2   179.737098815     427600000.0 
 10   2   2   5   1   2     179.7371225    2786000000.0 
 10   0   2   5   1   2   179.737120227    1447000000.0 
 10   1   2   5   0   2   179.737131756    1565000000.0 
 10   6   2   6   5   2    303.30633379    1506000000.0 
 10   3   2   6   4   2   303.306345803      52090000.0 
 10   5   2   6   4   2   303.306341038    2610000000.0 
 10   2   2   6   1   2    303.30635502    1714000000.0 
 10   0   2   6   1   2   303.306348549    1099000000.0 
 10   2   2   6   3   2   303.306358372     155200000.0 
 10   4   2   6   3   2   303.306354031    2814000000.0 
 10   1   2   6   0   2   303.306362278     990600000.0 
 10   3   2   6   2   2    303.30637623    2392000000.0 
 10   1   2   6   2   2   303.306373514     383100000.0 
 10   3   2   7   2   2   518.065708522    1606000000.0 
 10   1   2   7   2   2   518.065700599     346200000.0 
 10   2   2   7   3   2   518.065717387     167900000.0 
 10   4   2   7   3   2   518.065704723    2026000000.0 
 10   3   2   7   4   2   518.065730818      74900000.0 
 10   5   2   7   4   2   518.065716916    2256000000.0 
 10   7   2   7   6   2   518.065726429    1266000000.0 
 10   2   2   7   1   2   518.065763274    1141000000.0 
 10   0   2   7   1   2   518.065744395     876800000.0 
 10   4   2   7   5   2   518.065751906      27000000.0 
 10   6   2   7   5   2   518.065735059    2075000000.0 
 10   1   2   7   0   2   518.065760859     680200000.0 
 10   3   2   8   2   2   958.597759917    1125000000.0 
 10   1   2   8   2   2   958.597732791     320500000.0 
 10   2   2   8   3   2   958.597807311     178800000.0 
 10   4   2   8   3   2    958.59776395    1468000000.0 
 10   3   2   8   4   2   958.597824655      97210000.0 
 10   5   2   8   4   2    958.59777706    1800000000.0 
 10   2   2   8   1   2   958.597860151     803800000.0 
 10   0   2   8   1   2   958.597795513     731100000.0 
 10   4   2   8   5   2   958.597825462      47600000.0 
 10   6   2   8   5   2   958.597767782    2044000000.0 
 10   8   2   8   7   2   958.597672389    1529000000.0 
 10   1   2   8   0   2    958.59786247     495400000.0 
 10   5   2   8   6   2    958.59797309      19020000.0 
 10   7   2   8   6   2   958.597967846    2047000000.0 
 10   3   2   9   2   2    2298.7425927     792400000.0 
 10   1   2   9   2   2   2298.74243671     302200000.0 
 10   2   2   9   3   2   2298.74277884     191200000.0 
 10   4   2   9   3   2   2298.74252949    1046000000.0 
 10   3   2   9   4   2   2298.74292671     122400000.0 
 10   5   2   9   4   2     2298.742653    1351000000.0 
 10   2   2   9   1   2   2298.74301775     575600000.0 
 10   0   2   9   1   2   2298.74264605     624300000.0 
 10   4   2   9   5   2   2298.74287104      74940000.0 
 10   6   2   9   5   2   2298.74253935    1721000000.0 
 10   5   2   9   6   2   2298.74278928      41890000.0 
 10   7   2   9   6   2   2298.74275912    2172000000.0 
 10   6   2   9   7   2   2298.74257936      19700000.0 
 10   8   2   9   7   2   2298.74199253    2723000000.0 
 10   7   2   9   8   2   2298.74277014       6225000.0 
 10   9   2   9   8   2   2298.74276666    3394000000.0 
 10   1   2   9   0   2   2298.74295048     369000000.0 
 11   1   2   1   0   2   5.43704686963   90300000000.0 
 11   2   2   2   1   2   22.3058346758   21830000000.0 
 11   0   2   2   1   2   22.3058346498    3325000000.0 
 11   1   2   2   0   2   22.3058349444   13190000000.0 
 11   3   2   3   2   2   52.4286700393    7473000000.0 
 11   1   2   3   2   2   52.4286699835     309100000.0 
 11   2   2   3   1   2   52.4286755747    8070000000.0 
 11   0   2   3   1   2   52.4286754309    2223000000.0 
 11   1   2   3   0   2   52.4286791208    4436000000.0 
 11   2   2   4   3   2   99.4202867428      62080000.0 
 11   4   2   4   3   2   99.4202863686    3139000000.0 
 11   3   2   4   2   2   99.4202900847    4597000000.0 
 11   1   2   4   2   2   99.4202898841     340200000.0 
 11   2   2   4   1   2   99.4202993415    3777000000.0 
 11   0   2   4   1   2   99.4202988241    1499000000.0 
 11   1   2   4   0   2   99.4203041737    2084000000.0 
 11   2   2   5   3   2   169.907717613      94410000.0 
 11   4   2   5   3   2    169.90771652    2729000000.0 
 11   5   2   5   4   2   169.907716118    1563000000.0 
 11   3   2   5   2   2   169.907726252    2768000000.0 
 11   1   2   5   2   2   169.907725666     311300000.0 
 11   2   2   5   1   2   169.907746489    2081000000.0 
 11   0   2   5   1   2   169.907744978    1071000000.0 
 11   1   2   5   0   2   169.907755103    1174000000.0 
 11   6   2   6   5   2   276.329914732     926200000.0 
 11   3   2   6   4   2   276.329921083      35030000.0 
 11   5   2   6   4   2   276.329917958    1762000000.0 
 11   2   2   6   1   2   276.329928532    1281000000.0 
 11   0   2   6   1   2   276.329924535     806400000.0 
 11   2   2   6   3   2   276.329931314     108400000.0 
 11   4   2   6   3   2   276.329928423    2009000000.0 
 11   1   2   6   0   2   276.329935462     741900000.0 
 11   3   2   6   2   2   276.329946338    1762000000.0 
 11   1   2   6   2   2   276.329944788     275300000.0 
 11   3   2   7   2   2   444.025484466    1186000000.0 
 11   1   2   7   2   2   444.025480463     244600000.0 
 11   2   2   7   3   2   444.025490459     114500000.0 
 11   4   2   7   3   2   444.025482995    1452000000.0 
 11   3   2   7   4   2   444.025500844      48770000.0 
 11   5   2   7   4   2   444.025492774    1531000000.0 
 11   7   2   7   6   2   444.025497339     670800000.0 
 11   2   2   7   1   2   444.025524167     853300000.0 
 11   0   2   7   1   2   444.025513847     636400000.0 
 11   4   2   7   5   2   444.025517655      16530000.0 
 11   6   2   7   5   2   444.025513306    1283000000.0 
 11   1   2   7   0   2    444.02552473     508300000.0 
 11   3   2   8   2   2   732.570501423     837300000.0 
 11   1   2   8   2   2   732.570490528     221600000.0 
 11   2   2   8   3   2   732.570527689     118100000.0 
 11   4   2   8   3   2   732.570507371    1063000000.0 
 11   3   2   8   4   2   732.570539231      60610000.0 
 11   5   2   8   4   2   732.570517265    1236000000.0 
 11   2   2   8   1   2   732.570558548     603400000.0 
 11   0   2   8   1   2   732.570530456     523500000.0 
 11   4   2   8   5   2   732.570543295      27570000.0 
 11   6   2   8   5   2   732.570531458    1281000000.0 
 11   8   2   8   7   2   732.570534343     627700000.0 
 11   1   2   8   0   2   732.570566262     370000000.0 
 11   5   2   8   6   2    732.57063175       9994000.0 
 11   7   2   8   6   2   732.570622092    1100000000.0 
 11   3   2   9   2   2   1321.20232935     612000000.0 
 11   1   2   9   2   2   1321.20229391     206100000.0 
 11   2   2   9   3   2   1321.20238624     122600000.0 
 11   4   2   9   3   2   1321.20232015     790000000.0 
 11   3   2   9   4   2   1321.20243968      72740000.0 
 11   5   2   9   4   2   1321.20236823     971400000.0 
 11   2   2   9   1   2   1321.20246516     445700000.0 
 11   0   2   9   1   2   1321.20237379     447400000.0 
 11   4   2   9   5   2   1321.20243298      40540000.0 
 11   6   2   9   5   2   1321.20239448    1133000000.0 
 11   5   2   9   6   2   1321.20241325      20110000.0 
 11   7   2   9   6   2   1321.20238183    1228000000.0 
 11   6   2   9   7   2   1321.20240769       8089000.0 
 11   8   2   9   7   2   1321.20240444    1178000000.0 
 11   9   2   9   8   2   1321.20220752     843900000.0 
 11   1   2   9   0   2   1321.20246363     281900000.0 
 11   3   2  10   2   2    3106.8836993     447300000.0 
 11   1   2  10   2   2   3106.88350334     195100000.0 
 11   2   2  10   3   2   3106.88399802     128700000.0 
 11   4   2  10   3   2   3106.88363257     578400000.0 
 11   2   2  10   1   2   3106.88428296     332000000.0 
 11   0   2  10   1   2   3106.88377769     389500000.0 
 11   3   2  10   4   2   3106.88415479      86880000.0 
 11   5   2  10   4   2   3106.88375968     732600000.0 
 11   4   2  10   5   2   3106.88413254      57220000.0 
 11   6   2  10   5   2   3106.88391963     916100000.0 
 11   1   2  10   0   2   3106.88418233     217900000.0 
 11   6   2  10   7   2   3106.88397471      20160000.0 
 11   8   2  10   7   2    3106.8839567    1397000000.0 
 11  10   2  10   9   2   3106.88396306    2087000000.0 
 11   5   2  10   6   2   3106.88436558      35650000.0 
 11   7   2  10   6   2   3106.88419186    1135000000.0 
 11   7   2  10   8   2   3106.88526384       9569000.0 
 11   9   2  10   8   2   3106.88427978    1711000000.0 
 12   1   2   1   0   2   5.42981967911   69490000000.0 
 12   2   2   2   1   2   22.1846931779   16720000000.0 
 12   0   2   2   1   2   22.1846931582    2557000000.0 
 12   1   2   2   0   2   22.1846934476   10160000000.0 
 12   3   2   3   2   2   51.7642846278    5653000000.0 
 12   1   2   3   2   2   51.7642845895     235600000.0 
 12   2   2   3   1   2   51.7642900182    6183000000.0 
 12   0   2   3   1   2   51.7642899112    1706000000.0 
 12   1   2   3   0   2   51.7642934968    3416000000.0 
 12   2   2   4   3   2   97.0580277697      46400000.0 
 12   4   2   4   3   2   97.0580274771    2320000000.0 
 12   3   2   4   2   2   97.0580309743    3480000000.0 
 12   1   2   4   2   2   97.0580308399     257800000.0 
 12   2   2   4   1   2   97.0580397767    2895000000.0 
 12   0   2   4   1   2   97.0580394005    1147000000.0 
 12   1   2   4   0   2   97.0580444586    1604000000.0 
 12   2   2   5   3   2   163.122736573      69830000.0 
 12   4   2   5   3   2   163.122735746    2019000000.0 
 12   5   2   5   4   2   163.122735451    1111000000.0 
 12   3   2   5   2   2   163.122744591    2097000000.0 
 12   1   2   5   2   2   163.122744211     234200000.0 
 12   2   2   5   1   2   163.122763188    1595000000.0 
 12   0   2   5   1   2   163.122762125     815100000.0 
 12   1   2   5   0   2   163.122771344     903000000.0 
 12   6   2   6   5   2   258.821407754     617200000.0 
 12   3   2   6   4   2   258.821412775      24860000.0 
 12   5   2   6   4   2    258.82141054    1254000000.0 
 12   2   2   6   1   2   258.821419171     981600000.0 
 12   0   2   6   1   2   258.821416495     610200000.0 
 12   2   2   6   3   2   258.821421611      79160000.0 
 12   4   2   6   3   2   258.821419531    1488000000.0 
 12   1   2   6   0   2   258.821425794     569900000.0 
 12   3   2   6   2   2   258.821434931    1336000000.0 
 12   1   2   6   2   2   258.821433976     205200000.0 
 12   3   2   7   2   2   400.492059467     900400000.0 
 12   1   2   7   2   2   400.492057179     180100000.0 
 12   2   2   7   3   2   400.492064008      82150000.0 
 12   4   2   7   3   2   400.492059027    1078000000.0 
 12   3   2   7   4   2   400.492072791      33850000.0 
 12   5   2   7   4   2    400.49206744    1092000000.0 
 12   7   2   7   6   2   400.492073108     404400000.0 
 12   2   2   7   1   2   400.492091431     653900000.0 
 12   0   2   7   1   2   400.492085024     477700000.0 
 12   4   2   7   5   2   400.492087224      10980000.0 
 12   6   2   7   5   2   400.492084249     857500000.0 
 12   1   2   7   0   2   400.492093191     389600000.0 
 12   3   2   8   2   2   621.171351938     636800000.0 
 12   1   2   8   2   2   621.171346433     160500000.0 
 12   2   2   8   3   2   621.171370018      82900000.0 
 12   4   2   8   3   2   621.171358035     791700000.0 
 12   3   2   8   4   2   621.171379122      40850000.0 
 12   5   2   8   4   2    621.17136625     885500000.0 
 12   2   2   8   1   2   621.171392206     462300000.0 
 12   0   2   8   1   2   621.171376793     388800000.0 
 12   4   2   8   5   2   621.171383864      17650000.0 
 12   6   2   8   5   2   621.171376708     860200000.0 
 12   8   2   8   7   2   621.171376666     322600000.0 
 12   1   2   8   0   2   621.171400886     282800000.0 
 12   7   2   8   6   2    621.17144632     666500000.0 
 12   3   2   9   2   2   998.311093092     468400000.0 
 12   1   2   9   2   2   998.311078875     146300000.0 
 12   2   2   9   3   2   998.311123496      83580000.0 
 12   4   2   9   3   2   998.311092546     593700000.0 
 12   3   2   9   4   2   998.311156088      47160000.0 
 12   5   2   9   4   2    998.31112284     703500000.0 
 12   2   2   9   1   2   998.311168556     342500000.0 
 12   0   2   9   1   2   998.311128746     328000000.0 
 12   4   2   9   5   2   998.311156963      24690000.0 
 12   6   2   9   5   2    998.31113848     770200000.0 
 12   5   2   9   6   2   998.311148541      11310000.0 
 12   7   2   9   6   2   998.311142745     754300000.0 
 12   8   2   9   7   2   998.311138698     613600000.0 
 12   9   2   9   8   2   998.311144495     332200000.0 
 12   1   2   9   0   2   998.311175774     215200000.0 
 12   3   2  10   2   2   1764.69130681     354700000.0 
 12   1   2  10   2   2   1764.69126239     137000000.0 
 12   2   2  10   3   2   1764.69139669      85550000.0 
 12   4   2  10   3   2   1764.69129998     452700000.0 
 12   2   2  10   1   2   1764.69148862     262700000.0 
 12   0   2  10   1   2   1764.69136423     286000000.0 
 12   3   2  10   4   2   1764.69145376      54070000.0 
 12   5   2  10   4   2   1764.69134987     554800000.0 
 12   4   2  10   5   2   1764.69146128      32870000.0 
 12   6   2  10   5   2   1764.69140353     653300000.0 
 12   1   2  10   0   2   1764.69148144     169900000.0 
 12   6   2  10   7   2    1764.6914213       9272000.0 
 12   8   2  10   7   2    1764.6913984     766400000.0 
 12  10   2  10   9   2   1764.69105837     491600000.0 
 12   5   2  10   6   2   1764.69154535      18550000.0 
 12   7   2  10   6   2   1764.69152723     732800000.0 
 12   7   2  10   8   2   1764.69187307       3745000.0 
 12   9   2  10   8   2   1764.69187205     709700000.0 
 12   3   2  11   2   2   4084.87663101     267400000.0 
 12   1   2  11   2   2   4084.87639297     130300000.0 
 12   2   2  11   3   2   4084.87706864      88770000.0 
 12   4   2  11   3   2   4084.87655044     339900000.0 
 12   2   2  11   1   2    4084.8774074     202100000.0 
 12   0   2  11   1   2   4084.87674087     253000000.0 
 12   3   2  11   4   2   4084.87726274      62410000.0 
 12   5   2  11   4   2   4084.87670608     423600000.0 
 12   1   2  11   0   2    4084.8772664     135200000.0 
 12   4   2  11   5   2   4084.87723344      43310000.0 
 12   6   2  11   5   2   4084.87692398     521400000.0 
 12   5   2  11   6   2   4084.87707414      28990000.0 
 12   7   2  11   6   2   4084.87697709     636200000.0 
 12   7   2  11   8   2   4084.87700822      10420000.0 
 12   9   2  11   8   2   4084.87700272     930800000.0 
 12  11   2  11  10   2   4084.87700089    1340000000.0 
 12   6   2  11   7   2   4084.87722429      18260000.0 
 12   8   2  11   7   2    4084.8771016     771500000.0 
 12   8   2  11   9   2    4084.8788027       4976000.0 
 12  10   2  11   9   2   4084.87696976    1119000000.0 
 13   1   2   1   0   2    5.4242085063   54620000000.0 
 13   2   2   2   1   2   22.0913232481   13090000000.0 
 13   0   2   2   1   2   22.0913232329    2008000000.0 
 13   1   2   2   0   2   22.0913235183    7986000000.0 
 13   3   2   3   2   2   51.2587739868    4385000000.0 
 13   1   2   3   2   2   51.2587739596     183700000.0 
 13   2   2   3   1   2   51.2587792675    4844000000.0 
 13   0   2   3   1   2   51.2587791859    1337000000.0 
 13   1   2   3   0   2   51.2587826938    2687000000.0 
 13   2   2   4   3   2   95.2958993707      35660000.0 
 13   4   2   4   3   2   95.2958991444    1768000000.0 
 13   3   2   4   2   2   95.2959024769    2701000000.0 
 13   1   2   4   2   2   95.2959023833     200200000.0 
 13   2   2   4   1   2   95.2959109457    2269000000.0 
 13   0   2   4   1   2   95.2959106637     896900000.0 
 13   1   2   4   0   2   95.2959155119    1261000000.0 
 13   2   2   5   3   2   158.206083627      53240000.0 
 13   4   2   5   3   2   158.206083004    1540000000.0 
 13   5   2   5   4   2    158.20608277     821300000.0 
 13   3   2   5   2   2   158.206091216    1628000000.0 
 13   1   2   5   2   2   158.206090958     180900000.0 
 13   2   2   5   1   2   158.206108663    1250000000.0 
 13   0   2   5   1   2   158.206107885     635400000.0 
 13   1   2   5   0   2    158.20611648     709400000.0 
 13   6   2   6   5   2   246.658747585     435500000.0 
 13   3   2   6   4   2   246.658751731      18370000.0 
 13   5   2   6   4   2   246.658750069     928200000.0 
 13   2   2   6   1   2   246.658757426     769000000.0 
 13   0   2   6   1   2   246.658755537     473500000.0 
 13   2   2   6   3   2   246.658759643      59760000.0 
 13   4   2   6   3   2   246.658758128    1136000000.0 
 13   1   2   6   0   2   246.658763796     447200000.0 
 13   3   2   6   2   2   246.658771854    1038000000.0 
 13   1   2   6   2   2   246.658771227     157400000.0 
 13   3   2   7   2   2   372.100695182     699700000.0 
 13   1   2   7   2   2   372.100693754     136900000.0 
 13   2   2   7   3   2   372.100698844      61260000.0 
 13   4   2   7   3   2   372.100695394     823300000.0 
 13   3   2   7   4   2   372.100706684      24610000.0 
 13   5   2   7   4   2     372.1007029     809500000.0 
 13   7   2   7   6   2   372.100707945     265500000.0 
 13   2   2   7   1   2   372.100722516     511900000.0 
 13   0   2   7   1   2   372.100718216     368400000.0 
 13   4   2   7   5   2   372.100719735       7728000.0 
 13   6   2   7   5   2   372.100717517     606000000.0 
 13   1   2   7   0   2   372.100724841     305100000.0 
 13   3   2   8   2   2   555.438934016     495000000.0 
 13   1   2   8   2   2   555.438930833     120600000.0 
 13   2   2   8   3   2   555.438947896      60850000.0 
 13   4   2   8   3   2   555.438940211     605700000.0 
 13   3   2   8   4   2   555.438955751      29110000.0 
 13   5   2   8   4   2   555.438947321     657900000.0 
 13   2   2   8   1   2   555.438965636     361700000.0 
 13   0   2   8   1   2   555.438956055     297500000.0 
 13   4   2   8   5   2   555.438960863      12100000.0 
 13   6   2   8   5   2    555.43895592     609500000.0 
 13   8   2   8   7   2   555.438957477     189900000.0 
 13   1   2   8   0   2   555.438974371     220900000.0 
 13   7   2   8   6   2    555.43901168     438900000.0 
 13   3   2   9   2   2   838.779847698     364600000.0 
 13   1   2   9   2   2   838.779840441     108300000.0 
 13   2   2   9   3   2   838.779867849      60100000.0 
 13   4   2   9   3   2   838.779850323     455500000.0 
 13   3   2   9   4   2   838.779892169      32720000.0 
 13   5   2   9   4   2   838.779872944     524700000.0 
 13   2   2   9   1   2   838.779899658     267700000.0 
 13   0   2   9   1   2   838.779877808     248300000.0 
 13   4   2   9   5   2   838.779895797      16380000.0 
 13   6   2   9   5   2   838.779884525     548200000.0 
 13   5   2   9   6   2   838.779891088       7095000.0 
 13   7   2   9   6   2   838.779887768     499300000.0 
 13   8   2   9   7   2   838.779888308     363300000.0 
 13   9   2   9   8   2   838.779887073     165200000.0 
 13   1   2   9   0   2   838.779908845     167500000.0 
 13   3   2  10   2   2   1320.67679511     277600000.0 
 13   1   2  10   2   2   1320.67677712      99460000.0 
 13   2   2  10   3   2   1320.67684219      59890000.0 
 13   4   2  10   3   2   1320.67679875     350000000.0 
 13   2   2  10   1   2   1320.67689368     205800000.0 
 13   0   2  10   1   2   1320.67683952     213800000.0 
 13   3   2  10   4   2   1320.67687741      36200000.0 
 13   5   2  10   4   2   1320.67682975     417900000.0 
 13   4   2  10   5   2   1320.67688909      20840000.0 
 13   6   2  10   5   2   1320.67686114     470400000.0 
 13   1   2  10   0   2   1320.67689981     132000000.0 
 13   6   2  10   7   2    1320.6768711       5059000.0 
 13   8   2  10   7   2   1320.67686727     459700000.0 
 13  10   2  10   9   2   1320.67686957     185500000.0 
 13   5   2  10   6   2   1320.67693924      11010000.0 
 13   7   2  10   6   2   1320.67693101     491100000.0 
 13   9   2  10   8   2   1320.67711935     357900000.0 
 13   3   2  11   2   2   2297.15217409     216400000.0 
 13   1   2  11   2   2   2297.15211966      93740000.0 
 13   2   2  11   3   2   2297.15230264      60830000.0 
 13   4   2  11   3   2    2297.1521712     273200000.0 
 13   2   2  11   1   2   2297.15240977     162800000.0 
 13   0   2  11   1   2    2297.1522459     189600000.0 
 13   3   2  11   4   2   2297.15237387      40330000.0 
 13   5   2  11   4   2   2297.15222968     333000000.0 
 13   1   2  11   0   2   2297.15239588     107300000.0 
 13   4   2  11   5   2   2297.15238719      26100000.0 
 13   6   2  11   5   2   2297.15230264     393000000.0 
 13   5   2  11   6   2   2297.15234608      16070000.0 
 13   7   2  11   6   2   2297.15232118     447600000.0 
 13   7   2  11   8   2   2297.15233102       4589000.0 
 13   9   2  11   8   2   2297.15231481     494100000.0 
 13  11   2  11  10   2   2297.15232986     299500000.0 
 13   6   2  11   7   2   2297.15239761       9139000.0 
 13   8   2  11   7   2   2297.15238603     486600000.0 
 13  10   2  11   9   2   2297.15292747     444700000.0 
 13   3   2  12   2   2    5248.8976156     167600000.0 
 13   1   2  12   2   2    5248.8973314      89560000.0 
 13   2   2  12   3   2   5248.89822934      62670000.0 
 13   4   2  12   3   2   5248.89754304     209900000.0 
 13   2   2  12   1   2   5248.89862238     128600000.0 
 13   0   2  12   1   2   5248.89776677     170000000.0 
 13   3   2  12   4   2   5248.89847121      45470000.0 
 13   5   2  12   4   2   5248.89771839     258000000.0 
 13   1   2  12   0   2   5248.89843191      87510000.0 
 13   4   2  12   5   2   5248.89846214      32820000.0 
 13   6   2  12   5   2   5248.89802073     313300000.0 
 13   5   2  12   6   2   5248.89822934      23130000.0 
 13   7   2  12   6   2   5248.89809934     377400000.0 
 13   6   2  12   7   2   5248.89818097      15640000.0 
 13   8   2  12   7   2    5248.8981205     451800000.0 
 13  10   2  12   9   2   5248.89814771     638800000.0 
 13   8   2  12   9   2   5248.89812957       5701000.0 
 13  12   2  12  11   2   5248.89815074     891800000.0 
 13   7   2  12   8   2    5248.8983019       9931000.0 
 13   9   2  12   8   2   5248.89821725     538200000.0 
 13  11   2  12  10   2   5248.90132225     755800000.0 
 13   9   2  12  10   2   5248.90124364       2738000.0 
 14   1   2   1   0   2   5.41976445744   43710000000.0 
 14   2   2   2   1   2   22.0177944287   10440000000.0 
 14   0   2   2   1   2   22.0177944168    1606000000.0 
 14   1   2   2   0   2   22.0177946993    6393000000.0 
 14   3   2   3   2   2   50.8646378852    3473000000.0 
 14   1   2   3   2   2   50.8646378656     146100000.0 
 14   2   2   3   1   2   50.8646430811    3865000000.0 
 14   0   2   3   1   2   50.8646430172    1068000000.0 
 14   1   2   3   0   2   50.8646464659    2151000000.0 
 14   2   2   4   3   2    93.942584768      28030000.0 
 14   4   2   4   3   2   93.9425845792    1381000000.0 
 14   3   2   4   2   2   93.9425878003    2140000000.0 
 14   1   2   4   2   2   93.9425877334     158700000.0 
 14   2   2   4   1   2   93.9425960166    1811000000.0 
 14   0   2   4   1   2   93.9425957987     714900000.0 
 14   1   2   4   0   2   93.9426004919    1010000000.0 
 14   2   2   5   3   2   154.510830808      41590000.0 
 14   4   2   5   3   2   154.510830297    1203000000.0 
 14   5   2   5   4   2   154.510830145     626800000.0 
 14   3   2   5   2   2   154.510838083    1290000000.0 
 14   1   2   5   2   2   154.510837902     142800000.0 
 14   2   2   5   1   2   154.510854687     997800000.0 
 14   0   2   5   1   2   154.510854098     505100000.0 
 14   1   2   5   0   2   154.510862246     567500000.0 
 14   6   2   6   5   2   237.792168375     320600000.0 
 14   3   2   6   4   2   237.792171912      14010000.0 
 14   5   2   6   4   2   237.792170647     708900000.0 
 14   2   2   6   1   2   237.792177118     613700000.0 
 14   0   2   6   1   2   237.792175722     375100000.0 
 14   2   2   6   3   2   237.792179179      46340000.0 
 14   4   2   6   3   2   237.792177969     887900000.0 
 14   1   2   6   0   2    237.79218328     357400000.0 
 14   3   2   6   2   2   237.792190615     822600000.0 
 14   1   2   6   2   2   237.792190186     123600000.0 
 14   3   2   7   2   2   352.284681841     554700000.0 
 14   1   2   7   2   2   352.284680901     106800000.0 
 14   2   2   7   3   2   352.284684932      47070000.0 
 14   4   2   7   3   2   352.284682276     644000000.0 
 14   3   2   7   4   2    352.28469215      18550000.0 
 14   5   2   7   4   2   352.284689372     618800000.0 
 14   7   2   7   6   2   352.284693989     185300000.0 
 14   2   2   7   1   2    352.28470615     408300000.0 
 14   0   2   7   1   2   352.284703086     290500000.0 
 14   6   2   7   5   2   352.284702555     446600000.0 
 14   1   2   7   0   2   352.284708765     243400000.0 
 14   3   2   8   2   2     512.4140788     392500000.0 
 14   1   2   8   2   2   512.414076812      93260000.0 
 14   2   2   8   3   2    512.41409021      46220000.0 
 14   4   2   8   3   2   512.414084592     474100000.0 
 14   3   2   8   4   2   512.414097298      21610000.0 
 14   5   2   8   4   2    512.41409142     503400000.0 
 14   2   2   8   1   2   512.414105308     288200000.0 
 14   0   2   8   1   2   512.414098825     233200000.0 
 14   4   2   8   5   2   512.414102168       8731000.0 
 14   6   2   8   5   2   512.414098912     449800000.0 
 14   8   2   8   7   2   512.414100295     122500000.0 
 14   1   2   8   0   2   512.414113866     175800000.0 
 14   7   2   8   6   2   512.414146397     306700000.0 
 14   3   2   9   2   2   744.392839638     289100000.0 
 14   1   2   9   2   2   744.392835443      82800000.0 
 14   2   2   9   3   2   744.392854658      44980000.0 
 14   4   2   9   3   2     744.3928428     356900000.0 
 14   3   2   9   4   2   744.392874664      23830000.0 
 14   5   2   9   4   2   744.392862259     402200000.0 
 14   2   2   9   1   2   744.392879711     213000000.0 
 14   0   2   9   1   2   744.392866029     193100000.0 
 14   4   2   9   5   2   744.392878616      11540000.0 
 14   6   2   9   5   2   744.392871745     405500000.0 
 14   5   2   9   6   2   744.392876549       4793000.0 
 14   7   2   9   6   2    744.39287436     349800000.0 
 14   8   2   9   7   2   744.392874846     234900000.0 
 14   9   2   9   8   2   744.392874725      94810000.0 
 14   1   2   9   0   2   744.392889318     132900000.0 
 14   3   2  10   2   2   1100.88961071     220200000.0 
 14   1   2  10   2   2   1100.88960153      74950000.0 
 14   2   2  10   3   2   1100.88964156      43960000.0 
 14   4   2  10   3   2   1100.88961563     274900000.0 
 14   2   2  10   1   2   1100.88967734     163500000.0 
 14   0   2  10   1   2   1100.88964741     164500000.0 
 14   3   2  10   4   2    1100.8896679      25730000.0 
 14   5   2  10   4   2   1100.88964076     321400000.0 
 14   4   2  10   5   2    1100.8896784      14240000.0 
 14   6   2  10   5   2   1100.88966337     349400000.0 
 14   1   2  10   0   2   1100.88968678     104400000.0 
 14   6   2  10   7   2   1100.88967029       3100000.0 
 14   8   2  10   7   2    1100.8896679     298800000.0 
 14  10   2  10   9   2   1100.88966657      89210000.0 
 14   5   2  10   6   2   1100.88971684       7166000.0 
 14   7   2  10   6   2   1100.88971205     345800000.0 
 14   9   2  10   8   2   1100.88984491     206500000.0 
 14   3   2  11   2   2   1705.05781803     172500000.0 
 14   1   2  11   2   2   1705.05779602      69360000.0 
 14   2   2  11   3   2   1705.05788439      43540000.0 
 14   4   2  11   3   2   1705.05782218     216100000.0 
 14   2   2  11   1   2   1705.05794341     129500000.0 
 14   0   2  11   1   2   1705.05787163     144100000.0 
 14   3   2  11   4   2   1705.05792809      27740000.0 
 14   5   2  11   4   2   1705.05786301     258500000.0 
 14   1   2  11   0   2   1705.05794819      84600000.0 
 14   4   2  11   5   2   1705.05794117      17120000.0 
 14   6   2  11   5   2   1705.05790512     295100000.0 
 14   5   2  11   6   2   1705.05792714       9948000.0 
 14   7   2  11   6   2   1705.05791565     318900000.0 
 14   7   2  11   8   2   1705.05792108       2425000.0 
 14   9   2  11   8   2   1705.05791693     288900000.0 
 14  11   2  11  10   2   1705.05791055     108400000.0 
 14   6   2  11   7   2   1705.05795744       5273000.0 
 14   8   2  11   7   2    1705.0579517     320300000.0 
 14  10   2  11   9   2   1705.05824298     216800000.0 
 14   3   2  12   2   2   2926.67263211     137900000.0 
 14   1   2  12   2   2   2926.67256725      65800000.0 
 14   2   2  12   3   2   2926.67280976      44040000.0 
 14   4   2  12   3   2   2926.67262647     172300000.0 
 14   2   2  12   1   2   2926.67293195     105100000.0 
 14   0   2  12   1   2   2926.67272046     129700000.0 
 14   3   2  12   4   2   2926.67289811      30330000.0 
 14   5   2  12   4   2   2926.67270636     208600000.0 
 14   1   2  12   0   2   2926.67290939      70400000.0 
 14   4   2  12   5   2   2926.67291221      20580000.0 
 14   6   2  12   5   2     2926.672806     245900000.0 
 14   5   2  12   6   2   2926.67286521      13490000.0 
 14   7   2  12   6   2   2926.67283138     281800000.0 
 14   6   2  12   7   2   2926.67285581       8365000.0 
 14   8   2  12   7   2    2926.6728389     312300000.0 
 14   8   2  12   9   2   2926.67284171       2407000.0 
 14  10   2  12   9   2   2926.67282668     327900000.0 
 14  12   2  12  11   2   2926.67284171     189600000.0 
 14   7   2  12   8   2   2926.67289435       4781000.0 
 14   9   2  12   8   2   2926.67288213     331000000.0 
 14  11   2  12  10   2   2926.67380422     288100000.0 
 14   3   2  13   2   2   6615.12302745     109200000.0 
 14   1   2  13   2   2    6615.1226961      63160000.0 
 14   2   2  13   3   2    6615.1238534      45170000.0 
 14   4   2  13   3   2     6615.122917     135100000.0 
 14   2   2  13   1   2    6615.1243048      84960000.0 
 14   0   2  13   1   2   6615.12322433     117700000.0 
 14   3   2  13   4   2   6615.12411752      33620000.0 
 14   5   2  13   4   2   6615.12313789     164000000.0 
 14   1   2  13   0   2   6615.12405509      58630000.0 
 14   4   2  13   5   2   6615.12411272      25030000.0 
 14   6   2  13   5   2   6615.12357008     196900000.0 
 14   5   2  13   6   2     6615.123839      18330000.0 
 14   7   2  13   6   2   6615.12366612     234500000.0 
 14   6   2  13   7   2   6615.12377657      13050000.0 
 14   8   2  13   7   2   6615.12369013     277700000.0 
 14  12   2  13  11   2   6615.12369493     525400000.0 
 14  10   2  13  11   2    6615.1236229       1580000.0 
 14   9   2  13  10   2   6615.12367092       3275000.0 
 14  11   2  13  10   2   6615.12357488     449900000.0 
 14  13   2  13  12   2   6615.12369974     612100000.0 
 14   7   2  13   8   2   6615.12376217       8889000.0 
 14   9   2  13   8   2   6615.12369974     327300000.0 
 14   8   2  13   9   2   6615.12382459       5677000.0 
 14  10   2  13   9   2   6615.12374776     384300000.0 
 15   1   2   1   0   2   5.41618452917   35520000000.0 
 15   2   2   2   1   2   21.9588308958    8465000000.0 
 15   0   2   2   1   2   21.9588308863    1305000000.0 
 15   1   2   2   0   2   21.9588311664    5196000000.0 
 15   3   2   3   2   2   50.5510590943    2799000000.0 
 15   1   2   3   2   2   50.5510590794     118200000.0 
 15   2   2   3   1   2   50.5510642227    3134000000.0 
 15   0   2   3   1   2   50.5510641722     866800000.0 
 15   1   2   3   0   2    50.551067574    1748000000.0 
 15   2   2   4   3   2   92.8784952953      22460000.0 
 15   4   2   4   3   2   92.8784951439    1100000000.0 
 15   3   2   4   2   2   92.8784982716    1725000000.0 
 15   1   2   4   2   2   92.8784982214     128000000.0 
 15   2   2   4   1   2   92.8785062906    1469000000.0 
 15   0   2   4   1   2   92.8785061202     579200000.0 
 15   1   2   4   0   2   92.8785106924     820500000.0 
 15   2   2   5   3   2   151.653168629      33160000.0 
 15   4   2   5   3   2   151.653168225     959200000.0 
 15   5   2   5   4   2   151.653168116     490500000.0 
 15   3   2   5   2   2    151.65317567    1041000000.0 
 15   1   2   5   2   2   151.653175536     114800000.0 
 15   2   2   5   1   2   151.653191633     809200000.0 
 15   0   2   5   1   2   151.653191179     408300000.0 
 15   1   2   5   0   2   151.653198988     461000000.0 
 15   6   2   6   5   2   231.090542655     244000000.0 
 15   3   2   6   4   2   231.090545761      10960000.0 
 15   5   2   6   4   2   231.090544782     555000000.0 
 15   2   2   6   1   2   231.090550601     497600000.0 
 15   0   2   6   1   2   231.090549547     302400000.0 
 15   2   2   6   3   2   231.090552547      36730000.0 
 15   4   2   6   3   2   231.090551609     708200000.0 
 15   1   2   6   0   2   231.090556591     290100000.0 
 15   3   2   6   2   2   231.090563424     663400000.0 
 15   1   2   6   2   2   231.090563113      98900000.0 
 15   3   2   7   2   2   337.772954899     447300000.0 
 15   1   2   7   2   2   337.772954235      85010000.0 
 15   2   2   7   3   2   337.772957578      37040000.0 
 15   4   2   7   3   2   337.772955575     513900000.0 
 15   3   2   7   4   2   337.772964377      14380000.0 
 15   5   2   7   4   2   337.772962286     484700000.0 
 15   7   2   7   6   2   337.772966568     135200000.0 
 15   2   2   7   1   2   337.772977084     330900000.0 
 15   0   2   7   1   2   337.772974831     233400000.0 
 15   6   2   7   5   2   337.772974443     340000000.0 
 15   1   2   7   0   2   337.772979851     197400000.0 
 15   3   2   8   2   2   482.275895162     316500000.0 
 15   1   2   8   2   2   482.275893809      73780000.0 
 15   2   2   8   3   2   482.275904937      36050000.0 
 15   4   2   8   3   2   482.275900853     378400000.0 
 15   3   2   8   4   2   482.275911548      16560000.0 
 15   5   2   8   4   2   482.275907285     394600000.0 
 15   2   2   8   1   2   482.275918312     233300000.0 
 15   0   2   8   1   2   482.275913717     186400000.0 
 15   4   2   8   5   2   482.275916423       6542000.0 
 15   6   2   8   5   2   482.275913998     342800000.0 
 15   8   2   8   7   2   482.275915223      84230000.0 
 15   1   2   8   0   2   482.275926632     142300000.0 
 15   7   2   8   6   2   482.275956061     224100000.0 
 15   3   2   9   2   2   682.439227177     233000000.0 
 15   1   2   9   2   2   682.439224468      64960000.0 
 15   2   2   9   3   2   682.439239136      34700000.0 
 15   4   2   9   3   2   682.439230959     285000000.0 
 15   3   2   9   4   2   682.439256614      18010000.0 
 15   5   2   9   4   2   682.439248079     315600000.0 
 15   2   2   9   1   2   682.439260192     172300000.0 
 15   0   2   9   1   2   682.439250993     153400000.0 
 15   4   2   9   5   2   682.439261061       8500000.0 
 15   6   2   9   5   2   682.439256206     309400000.0 
 15   5   2   9   6   2    682.43926009       3418000.0 
 15   7   2   9   6   2   682.439258403     256000000.0 
 15   8   2   9   7   2   682.439258812     161800000.0 
 15   9   2   9   8   2   682.439258812      59880000.0 
 15   1   2   9   0   2   682.439269749     107300000.0 
 15   3   2  10   2   2   970.580230382     177400000.0 
 15   1   2  10   2   2   970.580224903      58170000.0 
 15   2   2  10   3   2   970.580253021      33440000.0 
 15   4   2  10   3   2   970.580236481     219600000.0 
 15   2   2  10   1   2   970.580280829     132000000.0 
 15   0   2  10   1   2   970.580262222     129700000.0 
 15   3   2  10   4   2   970.580274833      19110000.0 
 15   5   2  10   4   2    970.58025757     252500000.0 
 15   4   2  10   5   2   970.580285274      10270000.0 
 15   6   2  10   5   2   970.580275454     267100000.0 
 15   1   2  10   0   2   970.580291167      83960000.0 
 15   8   2  10   7   2   970.580278968     206400000.0 
 15  10   2  10   9   2   970.580278968      49820000.0 
 15   5   2  10   6   2     970.5803167       4979000.0 
 15   7   2  10   6   2   970.580313289     253600000.0 
 15   9   2  10   8   2   970.580416768     130800000.0 
 15   3   2  11   2   2   1411.54095392     139000000.0 
 15   1   2  11   2   2   1411.54094233      53090000.0 
 15   2   2  11   3   2   1411.54099656      32530000.0 
 15   4   2  11   3   2   1411.54096157     172900000.0 
 15   2   2  11   1   2   1411.54103701     104400000.0 
 15   0   2  11   1   2   1411.54099765     112500000.0 
 15   3   2  11   4   2   1411.54102935      20130000.0 
 15   5   2  11   4   2   1411.54099284     203700000.0 
 15   1   2  11   0   2   1411.54104663      67780000.0 
 15   4   2  11   5   2   1411.54104313      11990000.0 
 15   6   2  11   5   2   1411.54102236     226500000.0 
 15   5   2  11   6   2   1411.54103679       6680000.0 
 15   7   2  11   6   2   1411.54102957     235000000.0 
 15   9   2  11   8   2   1411.54103088     183900000.0 
 15  11   2  11  10   2    1411.5410287      50380000.0 
 15   6   2  11   7   2   1411.54105821       3362000.0 
 15   8   2  11   7   2   1411.54105428     222300000.0 
 15  10   2  11   9   2   1411.54125609     121700000.0 
 15   3   2  12   2   2   2156.84493185     111500000.0 
 15   1   2  12   2   2   2156.84490479      49490000.0 
 15   2   2  12   3   2    2156.8450217      32130000.0 
 15   4   2  12   3   2   2156.84494002     138700000.0 
 15   2   2  12   1   2   2156.84508806      84760000.0 
 15   0   2  12   1   2   2156.84499617     100000000.0 
 15   3   2  12   4   2   2156.84507632      21340000.0 
 15   5   2  12   4   2   2156.84499107     165800000.0 
 15   1   2  12   0   2   2156.84509061      56240000.0 
 15   4   2  12   5   2   2156.84509521      13880000.0 
 15   6   2  12   5   2   2156.84504671     190600000.0 
 15   5   2  12   6   2   2156.84507734       8648000.0 
 15   7   2  12   6   2   2156.84506049     210000000.0 
 15   6   2  12   7   2   2156.84507377       5048000.0 
 15   8   2  12   7   2   2156.84506458     219400000.0 
 15  10   2  12   9   2   2156.84506305     186600000.0 
 15  12   2  12  11   2   2156.84506356      65820000.0 
 15   7   2  12   8   2    2156.8450947       2680000.0 
 15   9   2  12   8   2   2156.84508908     213500000.0 
 15  11   2  12  10   2   2156.84559498     135800000.0 
 15   3   2  13   2   2   3661.34052517      91120000.0 
 15   1   2  13   2   2    3661.3404472      47240000.0 
 15   2   2  13   3   2   3661.34075907      32440000.0 
 15   4   2  13   3   2    3661.3405237     112800000.0 
 15   2   2  13   1   2   3661.34089735      70280000.0 
 15   0   2  13   1   2   3661.34063256      91090000.0 
 15   3   2  13   4   2    3661.3408591      23030000.0 
 15   5   2  13   4   2   3661.34061344     135600000.0 
 15   1   2  13   0   2   3661.34086352      47740000.0 
 15   4   2  13   5   2      3661.34089      16230000.0 
 15   6   2  13   5   2   3661.34075025     159300000.0 
 15   5   2  13   6   2   3661.34082821      11150000.0 
 15   7   2  13   6   2   3661.34077967     182900000.0 
 15   6   2  13   7   2    3661.3408135       7359000.0 
 15   8   2  13   7   2   3661.34078702     204700000.0 
 15  12   2  13  11   2   3661.34078114     192200000.0 
 15   9   2  13  10   2   3661.34078408       1327000.0 
 15  11   2  13  10   2   3661.34076937     223200000.0 
 15  13   2  13  12   2   3661.34078555     123900000.0 
 15   7   2  13   8   2   3661.34080909       4587000.0 
 15   9   2  13   8   2   3661.34079291     221800000.0 
 15   8   2  13   9   2   3661.34082821       2630000.0 
 15  10   2  13   9   2   3661.34081939     230100000.0 
 15   3   2  14   2   2   8199.72908602      73590000.0 
 15   2   2  14   3   2   8199.73015586      33170000.0 
 15   4   2  14   3   2   8199.72897534      90040000.0 
 15   2   2  14   1   2   8199.73066496      57920000.0 
 15   0   2  14   1   2   8199.72933688      83500000.0 
 15   3   2  14   4   2   8199.73052478      25220000.0 
 15   5   2  14   4   2   8199.72929261     108200000.0 
 15   4   2  14   5   2   8199.73048051      19250000.0 
 15   6   2  14   5   2   8199.72977957     128500000.0 
 15   5   2  14   6   2   8199.73012635      14530000.0 
 15   7   2  14   6   2   8199.72988287     151600000.0 
 15   6   2  14   7   2   8199.73004519      10750000.0 
 15   8   2  14   7   2   8199.72991238     177800000.0 
 15   7   2  14   8   2   8199.73001568       7700000.0 
 15   9   2  14   8   2   8199.72993452     207600000.0 
 15  14   2  14  13   2   8199.72994189     431300000.0 
 15  13   2  14  12   2   8199.72994927     374300000.0 
 15  11   2  14  12   2   8199.72986811        948800.0 
 15   8   2  14   9   2    8199.7300083       5276000.0 
 15  10   2  14   9   2   8199.72996403     241500000.0 
 15   9   2  14  10   2   8199.73005257       3385000.0 
 15  11   2  14  10   2   8199.72997878     280100000.0 
 15  10   2  14  11   2   8199.73011159       1961000.0 
 15  12   2  14  11   2   8199.73011159     324100000.0 
100	0	0	0 0	0	1.0	   1.0
# n,l,2,n,l,2,  Energy (Angstrom) Einstein A (s-1)
# File computed  using the RAP package (Witthoeft, 2011) using AUTOSTRUCTURE data 
# For the final state of H-like Al