  2   1   2    2   0    2   778.366422007     563900000.0 
  3   0   2    2   1    2     103.2099115   45970000000.0 
  3   1   2    2   0    2   88.3095070905   85220000000.0 
  3   1   2    3   0    2   2856.52903339      69940000.0 
  3   2   2    2   1    2   98.4635797998       2.751e+11 
  3   2   2    3   1    2   8549.03267569       2071000.0 
  4   0   2    2   1    2   74.7399725028   17680000000.0 
  4   0   2    3   1    2   299.342572238   12370000000.0 
  4   1   2    2   0    2    67.532702447   39130000000.0 
  4   1   2    3   0    2   260.830537597   10440000000.0 
  4   1   2    3   2    2   297.012699683    1807000000.0 
  4   1   2    4   0    2   6984.33423007      16110000.0 
  4   2   2    2   1    2   73.6827421548   90770000000.0 
  4   2   2    3   1    2   283.075064978   28400000000.0 
  4   2   2    4   1    2   20491.7256577        639500.0 
  4   3   2    3   2    2    292.59615999   56560000000.0 
  4   3   2    4   2    2   494984.812602           28.22 
  5   0   2    2   1    2   66.4196066284    8598000000.0 
  5   0   2    3   1    2   199.333105695    5805000000.0 
  5   0   2    4   1    2   652.359790905    4160000000.0 
  5   1   2    2   0    2   60.9284418276   20420000000.0 
  5   1   2    3   0    2   183.858603927    5978000000.0 
  5   1   2    3   2    2   201.129757554     771400000.0 
  5   1   2    4   0    2   572.006174099    2376000000.0 
  5   1   2    4   2    2     642.5681656     952300000.0 
  5   1   2    5   0    2   13858.3101162       5186000.0 
  5   2   2    2   1    2   65.9944189862   41990000000.0 
  5   2   2    3   1    2   195.551999979   14120000000.0 
  5   2   2    4   1    2   613.535460172    5835000000.0 
  5   2   2    4   3    2   633.281263356     209500000.0 
  5   2   2    5   1    2   40253.8669494        230300.0 
  5   3   2    3   2    2   200.084015052   18660000000.0 
  5   3   2    4   2    2    632.01500301   10590000000.0 
  5   3   2    5   2    2   874536.506718           18.25 
  5   4   2    4   3    2   632.815983678   17430000000.0 
  6   0   2    2   1    2   62.6725640017    4813000000.0 
  6   0   2    3   1    2   169.008044725    3190000000.0 
  6   0   2    4   1    2    411.00736755    2208000000.0 
  6   0   2    5   1    2   1207.74244852    1682000000.0 
  6   1   2    2   0    2   57.8634930952   11890000000.0 
  6   1   2    3   0    2   158.520813198    3570000000.0 
  6   1   2    3   2    2   171.195577497     402700000.0 
  6   1   2    4   0    2    382.03071784    1541000000.0 
  6   1   2    4   2    2   412.266953073     471500000.0 
  6   1   2    5   0    2   1062.11622044     756500000.0 
  6   1   2    5   2    2    1184.1111049     476400000.0 
  6   1   2    6   0    2   24174.1044143       2060000.0 
  6   2   2    2   1    2   62.4545633985   23040000000.0 
  6   2   2    3   1    2   167.432023869    7910000000.0 
  6   2   2    4   1    2   401.809526665    3488000000.0 
  6   2   2    4   3    2   410.185573711      89050000.0 
  6   2   2    5   1    2    1131.6235716    1736000000.0 
  6   2   2    5   3    2    1165.9084384     162100000.0 
  6   2   2    6   1    2    69791.455924         96870.0 
  6   3   2    3   2    2   170.756412873    8823000000.0 
  6   3   2    4   2    2   409.729293714    5282000000.0 
  6   3   2    5   2    2    1163.4151741    2960000000.0 
  6   3   2    5   4    2    1164.9887818      46610000.0 
  6   3   2    6   2    2   1439600.37915           9.967 
  6   4   2    4   3    2   410.066702936    5626000000.0 
  6   4   2    5   3    2   1164.94857064    4531000000.0 
  6   5   2    5   4    2   1164.97239914    6741000000.0 
  7   0   2    2   1    2    60.625975694    2956000000.0 
  7   0   2    3   1    2   154.906362661    1942000000.0 
  7   0   2    4   1    2   336.509868002    1317000000.0 
  7   0   2    5   1    2   731.729225502     970400000.0 
  7   0   2    6   1    2   2010.98776548     778700000.0 
  7   1   2    2   0    2   56.1633399691    7495000000.0 
  7   1   2    3   0    2   146.381272029    2277000000.0 
  7   1   2    3   2    2   157.123323597     238200000.0 
  7   1   2    4   0    2   318.395727829    1004000000.0 
  7   1   2    4   2    2    339.12468949     269300000.0 
  7   1   2    5   0    2   682.746880027     531800000.0 
  7   1   2    5   2    2   731.170291893     260900000.0 
  7   1   2    6   0    2   1771.41115409     297700000.0 
  7   1   2    6   2    2   1965.30567615     250600000.0 
  7   1   2    7   0    2   38629.3785502        944900.0 
  7   2   2    2   1    2   60.4980083001   14060000000.0 
  7   2   2    3   1    2   154.073646248    4871000000.0 
  7   2   2    4   1    2   332.604824678    2185000000.0 
  7   2   2    4   3    2   338.323550443      46690000.0 
  7   2   2    5   1    2   713.513269728    1153000000.0 
  7   2   2    5   3    2   726.992592593      79300000.0 
  7   2   2    6   1    2   1879.14133353     650400000.0 
  7   2   2    6   3    2   1933.73136862     104600000.0 
  7   2   2    7   1    2   111075.943442         45970.0 
  7   3   2    3   2    2   156.890275102    4964000000.0 
  7   3   2    4   2    2   338.040916561    3015000000.0 
  7   3   2    5   2    2    726.15085487    1776000000.0 
  7   3   2    5   4    2   726.763571981      19060000.0 
  7   3   2    6   2    2   1929.45686143    1061000000.0 
  7   3   2    6   4    2   1932.09139019      45500000.0 
  7   3   2    7   2    2   2217194.74453           5.466 
  7   4   2    4   3    2   338.271054265    2647000000.0 
  7   4   2    5   3    2   726.750241049    2247000000.0 
  7   4   2    6   3    2   1932.01765656    1542000000.0 
  7   4   2    6   5    2   1932.06271533      13750000.0 
  7   5   2    5   4    2    726.75893508    2085000000.0 
  7   5   2    6   4    2   1932.05861899    2181000000.0 
  7   6   2    6   5    2   1932.05861899    3036000000.0 
  8   0   2    2   1    2   59.3744599794    1939000000.0 
  8   0   2    3   1    2   146.989839865    1270000000.0 
  8   0   2    4   1    2   301.262930095     850700000.0 
  8   0   2    5   1    2   583.327011008     613900000.0 
  8   0   2    6   1    2   1183.50672492     477100000.0 
  8   0   2    7   1    2   3107.60215252     398800000.0 
  8   1   2    2   0    2   55.1138323546    5015000000.0 
  8   1   2    3   0    2   139.459676362    1534000000.0 
  8   1   2    3   2    2   149.176160286     153000000.0 
  8   1   2    4   0    2    287.37266042     682100000.0 
  8   1   2    4   2    2   304.152497625     169400000.0 
  8   1   2    5   0    2   554.407274417     367800000.0 
  8   1   2    5   2    2   585.916810049     159200000.0 
  8   1   2    6   0    2   1106.71111645     221300000.0 
  8   1   2    6   2    2   1179.40775101     147600000.0 
  8   1   2    7   0    2   2740.15004766     135500000.0 
  8   1   2    7   2    2   3029.81058427     139900000.0 
  8   1   2    8   0    2   57920.7423886        481600.0 
  8   2   2    2   1    2   59.2924739429    9219000000.0 
  8   2   2    3   1    2   146.488385798    3212000000.0 
  8   2   2    4   1    2   299.164011037    1452000000.0 
  8   2   2    4   3    2   303.782615392      27870000.0 
  8   2   2    5   1    2   575.508847671     777500000.0 
  8   2   2    5   3    2   584.246283494      45160000.0 
  8   2   2    6   1    2   1151.76181821     463000000.0 
  8   2   2    6   3    2   1172.04161008      56440000.0 
  8   2   2    7   1    2   2897.87903072     285400000.0 
  8   2   2    7   3    2   2979.50608969      65990000.0 
  8   2   2    8   1    2   166016.950264         23950.0 
  8   3   2    3   2    2   149.035436162    3101000000.0 
  8   3   2    4   2    2    303.56807493    1894000000.0 
  8   3   2    5   2    2   583.751880142    1130000000.0 
  8   3   2    5   4    2   584.147785184       9785000.0 
  8   3   2    6   2    2   1170.66843436     706900000.0 
  8   3   2    6   4    2   1171.63775502      21460000.0 
  8   3   2    7   2    2   2972.79932145     450000000.0 
  8   3   2    7   4    2   2976.85865208      34710000.0 
  8   3   2    8   2    2   3266190.10754           3.111 
  8   4   2    4   3    2   303.753756226    1493000000.0 
  8   4   2    5   3    2   584.139547287    1285000000.0 
  8   4   2    6   3    2   1171.61214674     927100000.0 
  8   4   2    6   5    2   1171.62871668       5351000.0 
  8   4   2    7   3    2   2976.73223794     629500000.0 
  8   4   2    7   5    2   2976.81002999      15800000.0 
  8   5   2    5   4    2   584.145538462     958300000.0 
  8   5   2    6   4    2   1171.62871668    1056000000.0 
  8   5   2    7   4    2   2976.80030576     857300000.0 
  8   5   2    7   6    2   2976.81002999       4877000.0 
  8   6   2    6   5    2   1171.62871668     891600000.0 
  8   6   2    7   5    2   2976.81002999    1150000000.0 
  8   7   2    7   6    2   2976.81002999    1527000000.0 
  9   0   2    2   1    2   58.5492509016    1335000000.0 
  9   0   2    3   1    2   142.033940996     875600000.0 
  9   0   2    4   1    2   281.156420629     582300000.0 
  9   0   2    5   1    2   512.378115327     414800000.0 
  9   0   2    6   1    2   923.936051133     315700000.0 
  9   0   2    7   1    2    1788.3620578     255800000.0 
  9   0   2    8   1    2   4543.09208657     220800000.0 
  9   1   2    2   0    2   54.4174264362    3512000000.0 
  9   1   2    3   0    2   135.085256659    1080000000.0 
  9   1   2    3   2    2   144.181868439     104200000.0 
  9   1   2    4   0    2   269.396332908     482300000.0 
  9   1   2    4   2    2   284.088870378     113900000.0 
  9   1   2    5   0    2   491.176262279     261800000.0 
  9   1   2    5   2    2   515.748961022     105000000.0 
  9   1   2    6   0    2   880.452947735     160000000.0 
  9   1   2    6   2    2   925.853867685      94680000.0 
  9   1   2    7   0    2    1674.6368518     105000000.0 
  9   1   2    7   2    2   1778.55399677      87070000.0 
  9   1   2    8   0    2   4008.56481767      68610000.0 
  9   1   2    8   2    2   4421.30844024      82410000.0 
  9   1   2    9   0    2   82737.1563464        265900.0 
  9   2   2    2   1    2   58.4933886857    6377000000.0 
  9   2   2    3   1    2   141.705642182    2231000000.0 
  9   2   2    4   1    2   279.872911665    1012000000.0 
  9   2   2    4   3    2   283.911054394      18120000.0 
  9   2   2    5   1    2   508.131366161     545100000.0 
  9   2   2    5   3    2   514.930612102      28480000.0 
  9   2   2    6   1    2   910.218468324     328600000.0 
  9   2   2    6   3    2   922.837577547      34190000.0 
  9   2   2    7   1    2   1737.67307758     213200000.0 
  9   2   2    7   3    2   1766.69588971      38280000.0 
  9   2   2    8   1    2    4229.6575956     140400000.0 
  9   2   2    8   3    2   4346.01004392      42240000.0 
  9   2   2    9   1    2   236692.737662         13430.0 
  9   3   2    3   2    2   144.089559177    2078000000.0 
  9   3   2    4   2    2    283.73072224    1274000000.0 
  9   3   2    5   2    2   514.569768427     763200000.0 
  9   3   2    5   4    2   514.877369663       5778000.0 
  9   3   2    6   2    2   922.060682348     482700000.0 
  9   3   2    6   4    2   922.661914646      11980000.0 
  9   3   2    7   2    2   1764.60902417     320900000.0 
  9   3   2    7   4    2   1766.03850813      18090000.0 
  9   3   2    8   2    2   4336.12508743     215600000.0 
  9   3   2    8   4    2    4342.0134177      24850000.0 
  9   3   2    9   2    2   4579231.35682           1.851 
  9   4   2    4   3    2   283.893099307     938100000.0 
  9   4   2    5   3    2   514.871551484     811800000.0 
  9   4   2    6   3    2    922.64790187     593200000.0 
  9   4   2    6   5    2   922.658177864       2663000.0 
  9   4   2    7   3    2   1766.00086046     422200000.0 
  9   4   2    7   5    2   1766.02824042       7134000.0 
  9   4   2    8   3    2   4341.80653891     292600000.0 
  9   4   2    8   5    2   4341.93066382      13630000.0 
  9   5   2    5   4    2   514.875915106     533700000.0 
  9   5   2    6   4    2   922.657243673     596500000.0 
  9   5   2    7   4    2   1766.02139535     509100000.0 
  9   5   2    7   6    2   1766.02481788       1799000.0 
  9   5   2    8   4    2   4341.90997584     387000000.0 
  9   5   2    8   6    2   4341.90997584       6331000.0 
  9   6   2    6   5    2   922.658177864     396400000.0 
  9   6   2    7   5    2   1766.02824042     538700000.0 
  9   6   2    8   5    2   4341.93066382     504500000.0 
  9   6   2    8   7    2   4341.93066382       1981000.0 
  9   7   2    7   6    2   1766.02481788     424200000.0 
  9   7   2    8   6    2   4341.90997584     651200000.0 
  9   8   2    8   7    2   4341.90997584     834300000.0 
 10   0   2    2   1    2   57.9747669267     946700000.0 
 10   0   2    3   1    2   138.699788191     625900000.0 
 10   0   2    4   1    2   268.385432267     415300000.0 
 10   0   2    5   1    2   471.491426907     293700000.0 
 10   0   2    6   1    2   798.995402081     220700000.0 
 10   0   2    7   1    2   1372.84084232     175200000.0 
 10   0   2    8   1    2   2568.31676583     146800000.0 
 10   0   2    9   1    2   6362.97456953     130100000.0 
 10   1   2    2   0    2   53.9303554194    2633000000.0 
 10   1   2    3   0    2   132.123102066     805900000.0 
 10   1   2    3   2    2   140.812315412      75140000.0 
 10   1   2    4   0    2   257.866891388     359000000.0 
 10   1   2    4   2    2   271.297389074      81670000.0 
 10   1   2    5   0    2   454.154112977     194600000.0 
 10   1   2    5   2    2   475.083188183      73960000.0 
 10   1   2    6   0    2    768.19916408     119100000.0 
 10   1   2    6   2    2   802.535515661      65280000.0 
 10   1   2    7   0    2    1310.4251666      78960000.0 
 10   1   2    7   2    2   1373.20908253      58360000.0 
 10   1   2    8   0    2   2407.12956653      55040000.0 
 10   1   2    8   2    2   2550.08294436      53710000.0 
 10   1   2    9   0    2   5616.29938245      37740000.0 
 10   1   2    9   2    2   6182.69244861      50950000.0 
 10   1   2   10   0    2   113539.377025        157400.0 
 10   2   2    2   1    2    57.934904827    4617000000.0 
 10   2   2    3   1    2   138.471849446    1618000000.0 
 10   2   2    4   1    2   267.533279196     735700000.0 
 10   2   2    4   3    2   271.220841514      12550000.0 
 10   2   2    5   1    2   468.867782015     397000000.0 
 10   2   2    5   3    2   474.650882248      19310000.0 
 10   2   2    6   1    2   791.490058028     240200000.0 
 10   2   2    6   3    2   801.014590719      22550000.0 
 10   2   2    7   1    2   1350.83174102     157300000.0 
 10   2   2    7   3    2   1368.30581007      24350000.0 
 10   2   2    8   1    2   2492.34748076     108700000.0 
 10   2   2    8   3    2   2532.29618349      25910000.0 
 10   2   2    9   1    2   5916.20435113      75370000.0 
 10   2   2    9   3    2   6075.92372316      27700000.0 
 10   2   2   10   1    2   326736.120473          7853.0 
 10   3   2    3   2    2   140.748503924    1465000000.0 
 10   3   2    4   2    2   271.060619176     900400000.0 
 10   3   2    5   2    2   474.357600381     540800000.0 
 10   3   2    5   4    2   474.618991592       3737000.0 
 10   3   2    6   2    2   800.467174213     343300000.0 
 10   3   2    6   4    2   800.920252247       7472000.0 
 10   3   2    7   2    2   1367.16442273     230300000.0 
 10   3   2    7   4    2   1368.02233832      10740000.0 
 10   3   2    8   2    2   2529.31603577     161100000.0 
 10   3   2    8   4    2   2531.31842765      13940000.0 
 10   3   2    9   2    2   6062.01963758     113200000.0 
 10   3   2    9   4    2   6070.21695832      17550000.0 
 10   3   2   10   2    2   6284600.27587           1.112 
 10   4   2    4   3    2    271.20889495     633400000.0 
 10   4   2    5   3    2   474.614294881     549600000.0 
 10   4   2    6   3    2    800.91039727     403600000.0 
 10   4   2    6   5    2   800.918140446       1541000.0 
 10   4   2    7   3    2   1368.00180145     290500000.0 
 10   4   2    7   5    2   1368.01823089       3872000.0 
 10   4   2    8   3    2   2531.25514575     210600000.0 
 10   4   2    8   5    2   2531.29733333       6827000.0 
 10   4   2    9   3    2   6069.93392305     150000000.0 
 10   4   2    9   5    2   6070.13608841      10750000.0 
 10   5   2    5   4    2       474.61825     333100000.0 
 10   5   2    6   4    2   800.918140446     374400000.0 
 10   5   2    7   4    2   1368.01617719     323600000.0 
 10   5   2    7   6    2   1368.01823089        862500.0 
 10   5   2    8   4    2   2531.29733333     258200000.0 
 10   5   2    8   6    2   2531.29733333       2727000.0 
 10   5   2    9   4    2   6070.09565426     193700000.0 
 10   5   2    9   6    2   6070.09565426       6007000.0 
 10   6   2    6   5    2   800.918140446     216000000.0 
 10   6   2    7   5    2   1368.01823089     297500000.0 
 10   6   2    8   5    2   2531.29733333     293100000.0 
 10   6   2    8   7    2   2531.29733333        691700.0 
 10   6   2    9   5    2   6070.13608841     246800000.0 
 10   6   2    9   7    2   6070.13608841       2825000.0 
 10   7   2    7   6    2   1368.01823089     181500000.0 
 10   7   2    8   6    2   2531.29733333     293500000.0 
 10   7   2    9   6    2   6070.09565426     311500000.0 
 10   7   2    9   8    2   6070.13608841        892700.0 
 10   8   2    8   7    2   2531.29733333     219200000.0 
 10   8   2    9   7    2   6070.13608841     390500000.0 
 10   9   2    9   8    2   6070.13608841     486700000.0 
 11   0   2    2   1    2   57.5579985868     694300000.0 
 11   0   2    3   1    2   136.337990407     462800000.0 
 11   0   2    4   1    2    259.68083151     306800000.0 
 11   0   2    5   1    2   445.270516631     215900000.0 
 11   0   2    6   1    2   726.497046232     160800000.0 
 11   0   2    7   1    2   1171.90294189     126000000.0 
 11   0   2    8   1    2   1944.55489997     103500000.0 
 11   0   2    9   1    2   3545.39987861      89060000.0 
 11   0   2   10   1    2   8614.08704201      80750000.0 
 11   1   2    2   0    2   53.5758508744    1974000000.0 
 11   1   2    3   0    2   130.015477438     606600000.0 
 11   1   2    3   2    2   138.420863557      57890000.0 
 11   1   2    4   0    2   249.958591996     270900000.0 
 11   1   2    4   2    2   262.557819985      60130000.0 
 11   1   2    5   0    2   430.183640723     147100000.0 
 11   1   2    5   2    2   448.916162995      53960000.0 
 11   1   2    6   0    2   702.030932696      90220000.0 
 11   1   2    6   2    2   730.596981779      47020000.0 
 11   1   2    7   0    2   1128.91789436      60070000.0 
 11   1   2    7   2    2   1175.20671645      41300000.0 
 11   1   2    8   0    2   1858.30269018      42390000.0 
 11   1   2    8   2    2   1942.36229468      37100000.0 
 11   1   2    9   0    2   3325.06400058      31010000.0 
 11   1   2    9   2    2   3515.74499606      34380000.0 
 11   1   2   10   0    2    7604.5383537      22060000.0 
 11   1   2   10   2    2   8358.94438482      32740000.0 
 11   1   2   11   0    2   151423.569292         97430.0 
 11   2   2    2   1    2   57.5285224079    3436000000.0 
 11   2   2    3   1    2   136.172722211    1207000000.0 
 11   2   2    4   1    2   259.081924651     550100000.0 
 11   2   2    4   3    2   262.538682137       9085000.0 
 11   2   2    5   1    2   443.512543931     297400000.0 
 11   2   2    5   3    2   448.683634838      13760000.0 
 11   2   2    6   1    2   721.828836493     180200000.0 
 11   2   2    6   3    2   729.742206619      15770000.0 
 11   2   2    7   1    2   1159.80369297     118500000.0 
 11   2   2    7   3    2   1172.66149611      16620000.0 
 11   2   2    8   1    2   1911.46699333      82590000.0 
 11   2   2    8   3    2   1934.87690273      17130000.0 
 11   2   2    9   1    2   3436.92781172      59950000.0 
 11   2   2    9   3    2   3490.22769839      17760000.0 
 11   2   2   10   1    2   8000.58858648      43350000.0 
 11   2   2   10   3    2   8212.12839969      18630000.0 
 11   2   2   11   1    2   435180.057307          4894.0 
 11   3   2    3   2    2    138.37455869    1082000000.0 
 11   3   2    4   2    2   262.391270546     661200000.0 
 11   3   2    5   2    2   448.429500081     397700000.0 
 11   3   2    5   4    2    448.66309023       2576000.0 
 11   3   2    6   2    2   729.308856225     252900000.0 
 11   3   2    6   4    2   729.684942147       5025000.0 
 11   3   2    7   2    2   1171.87732201     170100000.0 
 11   3   2    7   4    2   1172.50759462       6995000.0 
 11   3   2    8   2    2    1933.2841986     120000000.0 
 11   3   2    8   4    2   1934.45384145       8693000.0 
 11   3   2    9   2    2    3486.1152491      87590000.0 
 11   3   2    9   4    2   3488.82463744      10430000.0 
 11   3   2   10   2    2   8193.37385362      63900000.0 
 11   3   2   10   4    2   8204.29127053      12460000.0 
 11   3   2   11   2    2   8360248.07352          0.7146 
 11   4   2    4   3    2    262.53028657     450200000.0 
 11   4   2    5   3    2   448.659114072     391400000.0 
 11   4   2    6   3    2   729.677346514     288100000.0 
 11   4   2    6   5    2   729.683773578        983100.0 
 11   4   2    7   3    2   1172.49401701     208200000.0 
 11   4   2    7   5    2   1172.50608598       2371000.0 
 11   4   2    8   3    2   1934.42099007     152400000.0 
 11   4   2    8   5    2    1934.4456285       3953000.0 
 11   4   2    9   3    2    3488.7444966     113300000.0 
 11   4   2    9   5    2   3488.81128037       5813000.0 
 11   4   2   10   3    2   8203.92196404      82940000.0 
 11   4   2   10   5    2   8204.14354394       8207000.0 
 11   5   2    5   4    2   448.662648431     224200000.0 
 11   5   2    6   4    2   729.683773578     252700000.0 
 11   5   2    7   4    2   1172.50457735     219500000.0 
 11   5   2    7   6    2   1172.50608598        486000.0 
 11   5   2    8   4    2    1934.4456285     177200000.0 
 11   5   2    8   6    2    1934.4456285       1433000.0 
 11   5   2    9   4    2   3488.79792341     139300000.0 
 11   5   2    9   6    2   3488.79792341       2884000.0 
 11   5   2   10   4    2   8204.14354394     105100000.0 
 11   5   2   10   6    2   8204.14354394       5112000.0 
 11   6   2    6   5    2   729.683773578     132800000.0 
 11   6   2    7   5    2   1172.50608598     184000000.0 
 11   6   2    8   5    2    1934.4456285     183600000.0 
 11   6   2    8   7    2    1934.4456285        318500.0 
 11   6   2    9   5    2   3488.81128037     162400000.0 
 11   6   2    9   7    2   3488.81128037       1160000.0 
 11   6   2   10   5    2   8204.14354394     131400000.0 
 11   6   2   10   7    2   8204.14354394       2892000.0 
 11   7   2    7   6    2   1172.50608598      96200000.0 
 11   7   2    8   6    2    1934.4456285     157700000.0 
 11   7   2    9   6    2   3488.79792341     176200000.0 
 11   7   2    9   8    2   3488.81128037        295100.0 
 11   7   2   10   6    2   8204.14354394     162800000.0 
 11   7   2   10   8    2   8204.14354394       1372000.0 
 11   8   2    8   7    2    1934.4456285      90020000.0 
 11   8   2    9   7    2   3488.81128037     168900000.0 
 11   8   2   10   7    2   8204.14354394     200400000.0 
 11   8   2   10   9    2   8204.14354394        436700.0 
 11   9   2    9   8    2   3488.81128037     121000000.0 
 11   9   2   10   8    2   8204.14354394     245400000.0 
 11  10   2   10   9    2   8204.14354394     299300000.0 
 12   0   2    2   1    2   57.2456742397     518400000.0 
 12   0   2    3   1    2   134.598529451     350400000.0 
 12   0   2    4   1    2   253.442382673     232600000.0 
 12   0   2    5   1    2   427.238201062     163300000.0 
 12   0   2    6   1    2   679.690909579     121000000.0 
 12   0   2    7   1    2   1054.73896205      93970000.0 
 12   0   2    8   1    2   1641.91371939      76150000.0 
 12   0   2    9   1    2   2653.61420593      64240000.0 
 12   0   2   10   1    2   4742.08257444      56810000.0 
 12   0   2   11   1    2   11339.8088601      52170000.0 
 12   1   2    2   0    2   53.3094776541    1513000000.0 
 12   1   2    3   0    2   128.457817497     467200000.0 
 12   1   2    3   2    2   136.656657113      44010000.0 
 12   1   2    4   0    2   244.264230923     209200000.0 
 12   1   2    4   2    2   256.282146109      45610000.0 
 12   1   2    5   0    2   413.590025916     113800000.0 
 12   1   2    5   2    2   430.876233382      40680000.0 
 12   1   2    6   0    2   658.890308474      69880000.0 
 12   1   2    6   2    2     683.9906326      35130000.0 
 12   1   2    7   0    2   1021.37882723      46590000.0 
 12   1   2    7   2    2   1059.12145412      30480000.0 
 12   1   2    8   0    2   1583.80687042      32980000.0 
 12   1   2    8   2    2   1644.46188078      26930000.0 
 12   1   2    9   0    2   2538.00188832      24400000.0 
 12   1   2    9   2    2   2647.60823394      24390000.0 
 12   1   2   10   0    2   4449.08988824      18490000.0 
 12   1   2   10   2    2   4697.10751214      22760000.0 
 12   1   2   11   0    2   10013.1532739      13600000.0 
 12   1   2   11   2    2   10993.0278063      21800000.0 
 12   1   2   12   0    2   196860.453662         62910.0 
 12   2   2    2   1    2    57.223242959    2619000000.0 
 12   2   2    3   1    2   134.474587176     923500000.0 
 12   2   2    4   1    2   253.003301961     421800000.0 
 12   2   2    4   3    2   256.298724676       6797000.0 
 12   2   2    5   1    2   425.991936106     228300000.0 
 12   2   2    5   3    2   430.760341009      10180000.0 
 12   2   2    6   1    2    676.54210853     138600000.0 
 12   2   2    6   3    2   683.488897123      11520000.0 
 12   2   2    7   1    2   1047.17579814      91180000.0 
 12   2   2    7   3    2   1057.64635289      11930000.0 
 12   2   2    8   1    2   1623.65862915      63720000.0 
 12   2   2    8   3    2   1640.51854719      12030000.0 
 12   2   2    9   1    2   2606.25615623      46610000.0 
 12   2   2    9   3    2   2636.79094437      12120000.0 
 12   2   2   10   1    2   4592.94093929      35290000.0 
 12   2   2   10   3    2   4661.88016698      12390000.0 
 12   2   2   11   1    2   10522.7140878      26310000.0 
 12   2   2   11   3    2    10797.386637      12850000.0 
 12   2   2   12   1    2   565653.035382          3175.0 
 12   3   2    3   2    2   136.621908992     817100000.0 
 12   3   2    4   2    2   256.159963389     500500000.0 
 12   3   2    5   2    2   430.530980643     301300000.0 
 12   3   2    5   4    2   430.746291515       1860000.0 
 12   3   2    6   2    2    683.12101567     191800000.0 
 12   3   2    6   4    2   683.450963451       3566000.0 
 12   3   2    7   2    2   1057.03784386     129100000.0 
 12   3   2    7   4    2   1057.55061351       4855000.0 
 12   3   2    8   2    2   1639.44422756      91260000.0 
 12   3   2    8   4    2    1640.2852648       5860000.0 
 12   3   2    9   2    2   2634.62589735      67080000.0 
 12   3   2    9   4    2   2636.17308594       6764000.0 
 12   3   2   10   2    2   4656.40126314      50760000.0 
 12   3   2   10   4    2   4659.92534032       7756000.0 
 12   3   2   11   2    2    10772.624038      38190000.0 
 12   3   2   11   4    2   10786.7784091       8952000.0 
 12   3   2   12   2    2   10720788.7061          0.4745 
 12   4   2    4   3    2   256.292525483     332800000.0 
 12   4   2    5   3    2   430.742830186     289600000.0 
 12   4   2    6   3    2   683.444812442     213400000.0 
 12   4   2    6   5    2   683.450450863        671500.0 
 12   4   2    7   3    2   1057.54079507     154600000.0 
 12   4   2    7   5    2   1057.55061351       1575000.0 
 12   4   2    8   3    2   1640.26459741     113500000.0 
 12   4   2    8   5    2   1640.28231228       2531000.0 
 12   4   2    9   3    2   2636.13495601      85150000.0 
 12   4   2    9   5    2   2636.17308594       3540000.0 
 12   4   2   10   3    2   4659.83002485      64920000.0 
 12   4   2   10   5    2   4659.90151108       4714000.0 
 12   4   2   11   3    2   10786.3953695      48740000.0 
 12   4   2   11   5    2   10786.6507262       6211000.0 
 12   5   2    5   4    2   430.745884297     159300000.0 
 12   5   2    6   4    2   683.449938275     179800000.0 
 12   5   2    7   4    2   1057.54815889     156600000.0 
 12   5   2    7   6    2    1057.5493862        304200.0 
 12   5   2    8   4    2   1640.27935978     127000000.0 
 12   5   2    8   6    2   1640.27935978        857700.0 
 12   5   2    9   4    2   2636.15783383     100900000.0 
 12   5   2    9   6    2   2636.15783383       1623000.0 
 12   5   2   10   4    2    4659.8776821      79570000.0 
 12   5   2   10   6    2    4659.8776821       2661000.0 
 12   5   2   11   4    2   10786.5230463      60740000.0 
 12   5   2   11   6    2   10786.5230463       4157000.0 
 12   6   2    6   5    2   683.449938275      88520000.0 
 12   6   2    7   5    2    1057.5493862     123000000.0 
 12   6   2    8   5    2   1640.27935978     123400000.0 
 12   6   2    8   7    2   1640.27935978        174100.0 
 12   6   2    9   5    2   2636.16545986     110500000.0 
 12   6   2    9   7    2   2636.16545986        588900.0 
 12   6   2   10   5    2    4659.8776821      93690000.0 
 12   6   2   10   7    2    4659.8776821       1330000.0 
 12   6   2   11   5    2   10786.5230463      74770000.0 
 12   6   2   11   7    2   10786.5230463       2618000.0 
 12   7   2    7   6    2    1057.5493862      57990000.0 
 12   7   2    8   6    2   1640.27935978      95590000.0 
 12   7   2    9   6    2   2636.15783383     108200000.0 
 12   7   2    9   8    2   2636.16545986        130400.0 
 12   7   2   10   6    2    4659.8776821     105100000.0 
 12   7   2   10   8    2    4659.8776821        537100.0 
 12   7   2   11   6    2   10786.5230463      91250000.0 
 12   7   2   11   8    2   10786.5230463       1494000.0 
 12   8   2    8   7    2   1640.27935978      46270000.0 
 12   8   2    9   7    2   2636.16545986      88000000.0 
 12   8   2   10   7    2    4659.8776821     109900000.0 
 12   8   2   10   9    2    4659.8776821        136900.0 
 12   8   2   11   7    2   10786.5230463     110600000.0 
 12   8   2   11   9    2   10786.5230463        713700.0 
 12   9   2    9   8    2   2636.16545986      47640000.0 
 12   9   2   10   8    2    4659.8776821     101800000.0 
 12   9   2   11   8    2   10786.5230463     133500000.0 
 12   9   2   11  10    2   10786.5230463        228400.0 
 12  10   2   10   9    2    4659.8776821      70500000.0 
 12  10   2   11   9    2   10786.5230463     160400000.0 
 12  11   2   11  10    2   10786.5230463     192100000.0 
 13   0   2    2   1    2   57.0053772659     389800000.0 
 13   0   2    3   1    2   133.277576937     269600000.0 
 13   0   2    4   1    2   248.799176337     179900000.0 
 13   0   2    5   1    2   414.207207457     126200000.0 
 13   0   2    6   1    2   647.294052464      93240000.0 
 13   0   2    7   1    2   978.724658352      72030000.0 
 13   0   2    8   1    2   1464.81227446      57860000.0 
 13   0   2    9   1    2   2219.85208571      48180000.0 
 13   0   2   10   1    2   3514.76865637      42060000.0 
 13   0   2   11   1    2   6179.67367864      37470000.0 
 13   0   2   12   1    2     14586.57404      34910000.0 
 13   1   2    2   0    2   53.1040996298    1178000000.0 
 13   1   2    3   0    2   127.271737432     366300000.0 
 13   1   2    3   2    2    135.31513247      34410000.0 
 13   1   2    4   0    2   240.011062031     164700000.0 
 13   1   2    4   2    2   251.604173362      35430000.0 
 13   1   2    5   0    2   401.541821258      89690000.0 
 13   1   2    5   2    2    417.81576194      31480000.0 
 13   1   2    6   0    2   628.831688798      55170000.0 
 13   1   2    6   2    2   651.654431167      27020000.0 
 13   1   2    7   0    2   950.917444691      36810000.0 
 13   1   2    7   2    2   983.549042697      23240000.0 
 13   1   2    8   0    2   1420.58075529      26090000.0 
 13   1   2    8   2    2    1469.1860257      20290000.0 
 13   1   2    9   0    2   2143.35587392      19350000.0 
 13   1   2    9   2    2   2221.00449676      18090000.0 
 13   1   2   10   0    2   3363.46538418      14810000.0 
 13   1   2   10   2    2   3503.31021544      16550000.0 
 13   1   2   11   0    2   5799.92642426      11590000.0 
 13   1   2   11   2    2    6115.6809503      15530000.0 
 13   1   2   12   0    2   12882.1023763       8752000.0 
 13   1   2   12   2    2   14128.3902076      14950000.0 
 13   1   2   13   0    2   250554.588947         42080.0 
 13   2   2    2   1    2   56.9879019057    2034000000.0 
 13   2   2    3   1    2   133.182092945     720800000.0 
 13   2   2    4   1    2   248.466635747     330000000.0 
 13   2   2    4   3    2   251.644193776       5229000.0 
 13   2   2    5   1    2   413.286341646     179000000.0 
 13   2   2    5   3    2   417.773046544       7771000.0 
 13   2   2    6   1    2   645.047992797     108700000.0 
 13   2   2    6   3    2   651.360050092       8704000.0 
 13   2   2    7   1    2   973.598781168      71590000.0 
 13   2   2    7   3    2    982.64330149       8908000.0 
 13   2   2    8   1    2   1453.36023362      50060000.0 
 13   2   2    8   3    2   1466.85420587       8837000.0 
 13   2   2    9   1    2   2193.65696541      36680000.0 
 13   2   2    9   3    2   2215.24899055       8719000.0 
 13   2   2   10   1    2    3449.5477912      28080000.0 
 13   2   2   10   3    2    3488.2904347       8672000.0 
 13   2   2   11   1    2   5980.85532015      21810000.0 
 13   2   2   11   3    2   6068.59996937       8808000.0 
 13   2   2   12   1    2    13525.299295      16710000.0 
 13   2   2   12   3    2   13874.5571644       9073000.0 
 13   2   2   13   1    2   720369.201581          2130.0 
 13   3   2    3   2    2   135.288373746     633400000.0 
 13   3   2    4   2    2   251.511674892     388200000.0 
 13   3   2    5   2    2   417.560748511     233900000.0 
 13   3   2    5   4    2   417.763278779       1393000.0 
 13   3   2    6   2    2   651.034305383     148900000.0 
 13   3   2    6   4    2    651.33397852       2635000.0 
 13   3   2    7   2    2   982.137068743     100300000.0 
 13   3   2    7   4    2   982.579728991       3530000.0 
 13   3   2    8   2    2   1466.03769396      70960000.0 
 13   3   2    8   4    2   1466.71018831       4175000.0 
 13   3   2    9   2    2   2213.81746095      52220000.0 
 13   3   2    9   4    2   2214.90977678       4692000.0 
 13   3   2   10   2    2   3485.46188917      39780000.0 
 13   3   2   10   4    2   3487.43605052       5197000.0 
 13   3   2   11   2    2   6061.49544024      30970000.0 
 13   3   2   11   4    2   6065.97419887       5785000.0 
 13   3   2   12   2    2   13842.5216084      23930000.0 
 13   3   2   12   4    2   13860.6287931       6523000.0 
 13   3   2   13   2    2   13601000.5967          0.3242 
 13   4   2    4   3    2   251.639398993     253600000.0 
 13   4   2    5   3    2   417.759831441     220800000.0 
 13   4   2    6   3    2   651.327926489     162900000.0 
 13   4   2    6   5    2   651.333047431        482200.0 
 13   4   2    7   3    2   982.570193826     118100000.0 
 13   4   2    7   5    2   982.578669519       1108000.0 
 13   4   2    8   3    2   1466.69130286      86860000.0 
 13   4   2    8   5    2   1466.70546691       1736000.0 
 13   4   2    9   3    2   2214.87747612      65320000.0 
 13   4   2    9   5    2   2214.90439327       2349000.0 
 13   4   2   10   3    2   3487.36931938      50190000.0 
 13   4   2   10   5    2   3487.40935775       2989000.0 
 13   4   2   11   3    2   6065.81268721      39190000.0 
 13   4   2   11   5    2   6065.89344197       3744000.0 
 13   4   2   12   3    2   13859.9963497      30100000.0 
 13   4   2   12   5    2   13860.4179722       4707000.0 
 13   5   2    5   4    2   417.762895738     117800000.0 
 13   5   2    6   4    2   651.333047431     133100000.0 
 13   5   2    7   4    2   982.577610049     116100000.0 
 13   5   2    7   6    2   982.578669519        204900.0 
 13   5   2    8   4    2   1466.70546691      94350000.0 
 13   5   2    8   6    2   1466.70546691        560100.0 
 13   5   2    9   4    2   2214.89900979      75250000.0 
 13   5   2    9   6    2   2214.89900979       1017000.0 
 13   5   2   10   4    2   3487.40935775      59930000.0 
 13   5   2   10   6    2   3487.40935775       1579000.0 
 13   5   2   11   4    2   6065.89344197      47760000.0 
 13   5   2   11   6    2   6065.89344197       2304000.0 
 13   5   2   12   4    2   13860.2071577      37000000.0 
 13   5   2   12   6    2   13860.4179722       3317000.0 
 13   6   2    6   5    2   651.333047431      62460000.0 
 13   6   2    7   5    2   982.578669519      86900000.0 
 13   6   2    8   5    2   1466.70546691      87400000.0 
 13   6   2    8   7    2   1466.70546691        106500.0 
 13   6   2    9   5    2   2214.90439327      78620000.0 
 13   6   2    9   7    2   2214.90439327        343300.0 
 13   6   2   10   5    2   3487.40935775      67450000.0 
 13   6   2   10   7    2   3487.40935775        725500.0 
 13   6   2   11   5    2   6065.89344197      56370000.0 
 13   6   2   11   7    2   6065.89344197       1311000.0 
 13   6   2   12   5    2   13860.4179722      44930000.0 
 13   6   2   12   7    2   13860.4179722       2243000.0 
 13   7   2    7   6    2   982.578669519      38080000.0 
 13   7   2    8   6    2   1466.70546691      62940000.0 
 13   7   2    9   6    2   2214.89900979      71600000.0 
 13   7   2    9   8    2   2214.90439327         69020.0 
 13   7   2   10   6    2   3487.40935775      70430000.0 
 13   7   2   10   8    2   3487.40935775        263000.0 
 13   7   2   11   6    2   6065.89344197      64190000.0 
 13   7   2   11   8    2   6065.89344197        658100.0 
 13   7   2   12   6    2   13860.4179722      54120000.0 
 13   7   2   12   8    2   13860.4179722       1424000.0 
 13   8   2    8   7    2   1466.70546691      27240000.0 
 13   8   2    9   7    2   2214.90439327      52100000.0 
 13   8   2   10   7    2   3487.40935775      65930000.0 
 13   8   2   10   9    2   3487.40935775         57980.0 
 13   8   2   11   7    2   6065.89344197      69790000.0 
 13   8   2   11   9    2   6065.89344197        266400.0 
 13   8   2   12   7    2   13860.4179722      64790000.0 
 13   8   2   12   9    2   13860.4179722        817600.0 
 13   9   2    9   8    2   2214.90439327      23700000.0 
 13   9   2   10   8    2   3487.40935775      51320000.0 
 13   9   2   11   8    2   6065.89344197      70860000.0 
 13   9   2   11  10    2   6065.89344197         67940.0 
 13   9   2   12   8    2   13860.4179722      77190000.0 
 13   9   2   12  10    2   13860.4179722        392700.0 
 13  10   2   10   9    2   3487.40935775      26600000.0 
 13  10   2   11   9    2   6065.89344197      63770000.0 
 13  10   2   12   9    2   13860.4179722      91620000.0 
 13  10   2   12  11    2   13860.4179722        126200.0 
 13  11   2   11  10    2   6065.89344197      42960000.0 
 13  11   2   12  10    2   13860.4179722     108400000.0 
 13  12   2   12  11    2   13860.4179722     127900000.0 
 14   0   2    2   1    2   56.8164279174     288600000.0 
 14   0   2    3   1    2   132.249309341     208700000.0 
 14   0   2    4   1    2   245.239625246     140900000.0 
 14   0   2    5   1    2   404.434355041      99170000.0 
 14   0   2    6   1    2   623.740249642      73200000.0 
 14   0   2    7   1    2   925.860452452      56370000.0 
 14   0   2    8   1    2   1349.49144561      45030000.0 
 14   0   2    9   1    2   1965.33534626      37180000.0 
 14   0   2   10   1    2   2916.70787056      32500000.0 
 14   0   2   11   1    2   4542.16364941      28290000.0 
 14   0   2   12   1    2   7880.54689324      25550000.0 
 14   0   2   13   1    2   18400.1421504      24080000.0 
 14   1   2    2   0    2   52.9423294666     923200000.0 
 14   1   2    3   0    2   126.346480285     290500000.0 
 14   1   2    3   2    2   134.269710204      27500000.0 
 14   1   2    4   0    2    236.74162327     131400000.0 
 14   1   2    4   2    2   248.013625593      28050000.0 
 14   1   2    5   0    2    392.47387648      71770000.0 
 14   1   2    5   2    2   408.006877222      24890000.0 
 14   1   2    6   0    2   606.873333835      44270000.0 
 14   1   2    6   2    2    628.10309176      21270000.0 
 14   1   2    7   0    2   901.586703564      29570000.0 
 14   1   2    7   2    2    930.86833452      18190000.0 
 14   1   2    8   0    2   1313.23709593      20970000.0 
 14   1   2    8   2    2   1354.66723751      15750000.0 
 14   1   2    9   0    2   1908.04103075      15560000.0 
 14   1   2    9   2    2   1969.33202803      13880000.0 
 14   1   2   10   0    2     2818.075673      11920000.0 
 14   1   2   10   2    2   2915.58803391      12560000.0 
 14   1   2   11   0    2   4348.66471647       9431000.0 
 14   1   2   11   2    2   4523.78655573      11540000.0 
 14   1   2   12   0    2   7398.26942593       7570000.0 
 14   1   2   12   2    2   7793.06987762      10890000.0 
 14   1   2   13   0    2    16252.020474       5837000.0 
 14   1   2   13   2    2   17808.9671481      10530000.0 
 14   1   2   14   0    2   313257.834307         29010.0 
 14   2   2    2   1    2   56.8025378744    1595000000.0 
 14   2   2    3   1    2   132.174077511     570400000.0 
 14   2   2    4   1    2    244.98105112     262300000.0 
 14   2   2    4   3    2   248.069528403       4117000.0 
 14   2   2    5   1    2   403.731602035     142600000.0 
 14   2   2    5   3    2    408.01217499       6079000.0 
 14   2   2    6   1    2   622.070293141      86730000.0 
 14   2   2    6   3    2   627.938621999       6757000.0 
 14   2   2    7   1    2   922.185718912      57160000.0 
 14   2   2    7   3    2   930.296249789       6852000.0 
 14   2   2    8   1    2   1341.69876132      39990000.0 
 14   2   2    8   3    2   1353.19070834       6720000.0 
 14   2   2    9   1    2     1948.850793      29310000.0 
 14   2   2    9   3    2   1965.87380243       6532000.0 
 14   2   2   10   1    2   2880.54774428      22670000.0 
 14   2   2   10   3    2   2907.51341659       6372000.0 
 14   2   2   11   1    2   4455.07142648      17680000.0 
 14   2   2   11   3    2   4503.57580939       6306000.0 
 14   2   2   12   1    2   7622.02999406      14080000.0 
 14   2   2   12   3    2   7731.70972586       6378000.0 
 14   2   2   13   1    2   17049.9193594      11020000.0 
 14   2   2   13   3    2   17485.6958649       6539000.0 
 14   2   2   14   1    2   899572.596248          1470.0 
 14   3   2    3   2    2    134.24862395     501500000.0 
 14   3   2    4   2    2   247.941691191     307300000.0 
 14   3   2    5   2    2   407.812234004     185200000.0 
 14   3   2    5   4    2   408.005415793       1073000.0 
 14   3   2    6   2    2   627.641928796     118000000.0 
 14   3   2    6   4    2   627.920449049       2010000.0 
 14   3   2    7   2    2   929.855787039      79530000.0 
 14   3   2    7   4    2   930.252564591       2660000.0 
 14   3   2    8   2    2   1352.52390713      56240000.0 
 14   3   2    8   4    2   1353.09627183       3100000.0 
 14   3   2    9   2    2   1964.80565767      41400000.0 
 14   3   2    9   4    2   1965.66601667       3418000.0 
 14   3   2   10   2    2   2905.67777154      31610000.0 
 14   3   2   10   4    2     2907.049651       3694000.0 
 14   3   2   11   2    2    4499.9730377      24730000.0 
 14   3   2   11   4    2   4502.44098145       3982000.0 
 14   3   2   12   2    2   7722.66748023      19740000.0 
 14   3   2   12   4    2   7728.30001781       4349000.0 
 14   3   2   13   2    2   17445.5257969      15600000.0 
 14   3   2   13   4    2   17468.6010045       4823000.0 
 14   3   2   14   2    2   17193717.7366          0.2271 
 14   4   2    4   3    2     248.0658818     198000000.0 
 14   4   2    5   3    2   408.002310291     172500000.0 
 14   4   2    6   3    2    627.91525697     127300000.0 
 14   4   2    6   5    2   627.920016372        359600.0 
 14   4   2    7   3    2   930.244967584      92370000.0 
 14   4   2    7   5    2   930.252564591        814300.0 
 14   4   2    8   3    2   1353.08220795      67990000.0 
 14   4   2    8   5    2   1353.09426269       1252000.0 
 14   4   2    9   3    2   1965.64481651      51190000.0 
 14   4   2    9   5    2   1965.66601667       1655000.0 
 14   4   2   10   3    2   2907.01255615      39420000.0 
 14   4   2   10   5    2    2907.0403772       2043000.0 
 14   4   2   11   3    2   4502.37424468      30980000.0 
 14   4   2   11   5    2   4502.41873564       2455000.0 
 14   4   2   12   3    2   7728.16893525      24710000.0 
 14   4   2   12   5    2   7728.30001781       2952000.0 
 14   4   2   13   3    2   17467.5964653      19370000.0 
 14   4   2   13   5    2   17468.2661453       3590000.0 
 14   5   2    5   4    2   408.005233115      89890000.0 
 14   5   2    6   4    2   627.920016372     101700000.0 
 14   5   2    7   4    2   930.251614958      88740000.0 
 14   5   2    7   6    2   930.252564591        145600.0 
 14   5   2    8   4    2   1353.09426269      72190000.0 
 14   5   2    8   6    2   1353.09426269        389200.0 
 14   5   2    9   4    2    1965.6617766      57680000.0 
 14   5   2    9   6    2    1965.6617766        687400.0 
 14   5   2   10   4    2    2907.0403772      46100000.0 
 14   5   2   10   6    2    2907.0403772       1028000.0 
 14   5   2   11   4    2   4502.41873564      37070000.0 
 14   5   2   11   6    2   4502.41873564       1427000.0 
 14   5   2   12   4    2   7728.23447597      29920000.0 
 14   5   2   12   6    2   7728.30001781       1934000.0 
 14   5   2   13   4    2   17468.2661453      23530000.0 
 14   5   2   13   6    2   17468.2661453       2629000.0 
 14   6   2    6   5    2   627.920016372      45980000.0 
 14   6   2    7   5    2   930.252564591      64050000.0 
 14   6   2    8   5    2   1353.09426269      64510000.0 
 14   6   2    8   7    2   1353.09426269         70490.0 
 14   6   2    9   5    2   1965.66601667      58160000.0 
 14   6   2    9   7    2   1965.66601667        219800.0 
 14   6   2   10   5    2    2907.0403772      50110000.0 
 14   6   2   10   7    2    2907.0403772        444500.0 
 14   6   2   11   5    2   4502.41873564      42320000.0 
 14   6   2   11   7    2   4502.41873564        756300.0 
 14   6   2   12   5    2   7728.30001781      35270000.0 
 14   6   2   12   7    2   7728.30001781       1200000.0 
 14   6   2   13   5    2   17468.2661453      28240000.0 
 14   6   2   13   7    2   17468.2661453       1871000.0 
 14   7   2    7   6    2   930.252564591      26570000.0 
 14   7   2    8   6    2   1353.09426269      43990000.0 
 14   7   2    9   6    2    1965.6617766      50170000.0 
 14   7   2    9   8    2   1965.66601667         41160.0 
 14   7   2   10   6    2    2907.0403772      49590000.0 
 14   7   2   10   8    2    2907.0403772        149100.0 
 14   7   2   11   6    2   4502.41873564      45730000.0 
 14   7   2   11   8    2   4502.41873564        347800.0 
 14   7   2   12   6    2   7728.30001781      40410000.0 
 14   7   2   12   8    2   7728.30001781        685600.0 
 14   7   2   13   6    2   17468.2661453      33630000.0 
 14   7   2   13   8    2   17468.2661453       1275000.0 
 14   8   2    8   7    2   1353.09426269      17560000.0 
 14   8   2    9   7    2   1965.66601667      33680000.0 
 14   8   2   10   7    2    2907.0403772      42850000.0 
 14   8   2   10   9    2    2907.0403772         29690.0 
 14   8   2   11   7    2   4502.41873564      45940000.0 
 14   8   2   11   9    2   4502.41873564        125800.0 
 14   8   2   12   7    2   7728.30001781      44790000.0 
 14   8   2   12   9    2   7728.30001781        345300.0 
 14   8   2   13   7    2   17468.2661453      39820000.0 
 14   8   2   13   9    2   17468.2661453        814200.0 
 14   9   2    9   8    2   1965.66601667      13600000.0 
 14   9   2   10   8    2    2907.0403772      29610000.0 
 14   9   2   11   8    2   4502.41873564      41430000.0 
 14   9   2   11  10    2   4502.41873564         27610.0 
 14   9   2   12   8    2   7728.30001781      47470000.0 
 14   9   2   12  10    2   7728.30001781        140000.0 
 14   9   2   13   8    2   17468.2661453      46940000.0 
 14   9   2   13  10    2   17468.2661453        469700.0 
 14  10   2   10   9    2    2907.0403772      12790000.0 
 14  10   2   11   9    2   4502.41873564      31090000.0 
 14  10   2   12   9    2   7728.30001781      47030000.0 
 14  10   2   12  11    2   7728.30001781         35710.0 
 14  10   2   13   9    2   17468.2661453      55120000.0 
 14  10   2   13  11    2   17468.2661453        226500.0 
 14  11   2   11  10    2   4502.41873564      15540000.0 
 14  11   2   12  10    2   7728.30001781      41320000.0 
 14  11   2   13  10    2   17468.2661453      64530000.0 
 14  11   2   13  12    2   17468.2661453         73060.0 
 14  12   2   12  11    2   7728.30001781      27180000.0 
 14  12   2   13  11    2   17468.2661453      75340000.0 
 14  13   2   13  12    2   17468.2661453      87780000.0 
 15   0   2    2   1    2   56.6651023556     189900000.0 
 15   0   2    3   1    2   131.432316471     156200000.0 
 15   0   2    4   1    2   242.444980984     109300000.0 
 15   0   2    5   1    2   396.889680016      77980000.0 
 15   0   2    6   1    2   605.974608393      57870000.0 
 15   0   2    7   1    2   887.249204046      44610000.0 
 15   0   2    8   1    2   1268.99917699      35570000.0 
 15   0   2    9   1    2    1799.1380883      29230000.0 
 15   0   2   10   1    2   2565.05632463      26370000.0 
 15   0   2   11   1    2   3743.04613565      22470000.0 
 15   0   2   12   1    2    5750.5161327      19770000.0 
 15   0   2   13   1    2   9866.78909016      18010000.0 
 15   0   2   14   1    2   22825.6153095      17080000.0 
 15   1   2    2   0    2   52.8125811734     694800000.0 
 15   1   2    3   0    2   125.610021156     227100000.0 
 15   1   2    3   2    2     133.4382916      22470000.0 
 15   1   2    4   0    2   234.169064205     104600000.0 
 15   1   2    4   2    2   245.191719523      22440000.0 
 15   1   2    5   0    2   385.453761007      57610000.0 
 15   1   2    5   2    2   400.425460299      19990000.0 
 15   1   2    6   0    2   590.250851111      35820000.0 
 15   1   2    6   2    2   610.314330281      17080000.0 
 15   1   2    7   0    2   865.381073936      24020000.0 
 15   1   2    7   2    2   892.323022238      14560000.0 
 15   1   2    8   0    2   1237.80493238      17070000.0 
 15   1   2    8   2    2   1274.54570376      12540000.0 
 15   1   2    9   0    2   1752.84111718      12690000.0 
 15   1   2    9   2    2     1804.432018      10970000.0 
 15   1   2   10   0    2   2492.17026025       9696000.0 
 15   1   2   10   2    2   2568.12857735       9964000.0 
 15   1   2   11   0    2   3618.46520382       7695000.0 
 15   1   2   11   2    2   3738.89958396       8983000.0 
 15   1   2   12   0    2   5507.47636891       6243000.0 
 15   1   2   12   2    2   5723.32018591       8292000.0 
 15   1   2   13   0    2   9264.79838956       5119000.0 
 15   1   2   13   2    2   9750.76014381       7864000.0 
 15   1   2   14   0    2   20162.5595185       4020000.0 
 15   1   2   14   2    2   22078.4765228       7615000.0 
 15   1   2   15   0    2   385476.751269         20510.0 
 15   2   2    2   1    2   56.6538784131    1222000000.0 
 15   2   2    3   1    2   131.371948732     449300000.0 
 15   2   2    4   1    2   242.239648087     209100000.0 
 15   2   2    4   3    2   245.258964401       3306000.0 
 15   2   2    5   1    2   396.339711909     114400000.0 
 15   2   2    5   3    2   400.464173794       4858000.0 
 15   2   2    6   1    2   604.693488344      69870000.0 
 15   2   2    6   3    2   610.237085649       5368000.0 
 15   2   2    7   1    2   884.505443307      46160000.0 
 15   2   2    7   3    2   891.964046079       5404000.0 
 15   2   2    8   1    2   1263.39385957      32340000.0 
 15   2   2    8   3    2   1273.57846145       5253000.0 
 15   2   2    9   1    2    1787.8918868      23730000.0 
 15   2   2    9   3    2    1802.2087695       5051000.0 
 15   2   2   10   1    2   2542.25728697      18950000.0 
 15   2   2   10   3    2   2563.23812846       4859000.0 
 15   2   2   11   1    2   3694.69530737      14700000.0 
 15   2   2   11   3    2   3727.99365077       4721000.0 
 15   2   2   12   1    2   5637.17988531      11700000.0 
 15   2   2   12   3    2   5696.95005533       4659000.0 
 15   2   2   13   1    2   9537.76875334       9486000.0 
 15   2   2   13   3    2   9672.61827175       4702000.0 
 15   2   2   14   1    2    21138.672667       7539000.0 
 15   2   2   14   3    2   21674.6435792       4806000.0 
 15   2   2   15   1    2   1108597.37226          1037.0 
 15   3   2    3   2    2   133.421372467     404100000.0 
 15   3   2    4   2    2   245.134600253     246900000.0 
 15   3   2    5   2    2   400.273142603     149000000.0 
 15   3   2    5   4    2   400.459246206        845700.0 
 15   3   2    6   2    2   609.960554948      95020000.0 
 15   3   2    6   4    2   610.223600496       1572000.0 
 15   3   2    7   2    2   891.566976096      64060000.0 
 15   3   2    7   4    2   891.931743661       2062000.0 
 15   3   2    8   2    2   1273.00379973      45310000.0 
 15   3   2    8   4    2   1273.51082726       2376000.0 
 15   3   2    9   2    2   1801.34308001      33350000.0 
 15   3   2    9   4    2   1802.06621196       2583000.0 
 15   3   2   10   2    2   2561.87617197      25580000.0 
 15   3   2   10   4    2    2562.9425546       2743000.0 
 15   3   2   11   2    2   3725.66167332      20000000.0 
 15   3   2   11   4    2   3727.35320945       2889000.0 
 15   3   2   12   2    2   5692.35935685      16020000.0 
 15   3   2   12   4    2        5695.419       3063000.0 
 15   3   2   13   2    2   9661.23534276      13060000.0 
 15   3   2   13   4    2   9668.30806446       3303000.0 
 15   3   2   14   2    2   21624.7517798      10520000.0 
 15   3   2   14   4    2   21652.4982179       3618000.0 
 15   3   2   15   2    2   20710614.5442          0.1624 
 15   4   2    4   3    2   245.256060033     157800000.0 
 15   4   2    5   3    2   400.456430496     137600000.0 
 15   4   2    6   3    2   610.219105578     101600000.0 
 15   4   2    6   5    2   610.223600496        276400.0 
 15   4   2    7   3    2   891.925632656      73700000.0 
 15   4   2    7   5    2   891.932616668        618600.0 
 15   4   2    8   3    2   1273.50014883      54270000.0 
 15   4   2    8   5    2   1273.51082726        938200.0 
 15   4   2    9   3    2   1802.05195745      40870000.0 
 15   4   2    9   5    2   1802.06977563       1219000.0 
 15   4   2   10   3    2   2562.92092992      31490000.0 
 15   4   2   10   5    2    2562.9425546       1472000.0 
 15   4   2   11   3    2   3727.32271773      24800000.0 
 15   4   2   11   5    2   3727.35320945       1720000.0 
 15   4   2   12   3    2   5695.38340385      19890000.0 
 15   4   2   12   5    2   5695.45459659       1991000.0 
 15   4   2   13   3    2   9668.10291231      16170000.0 
 15   4   2   13   5    2   9668.30806446       2327000.0 
 15   4   2   14   3    2   21651.9837479      12910000.0 
 15   4   2   14   5    2   21652.4982179       2761000.0 
 15   5   2    5   4    2   400.459070223      70350000.0 
 15   5   2    6   4    2   610.223191865      79600000.0 
 15   5   2    7   4    2   891.930870655      69520000.0 
 15   5   2    7   6    2   891.931743661        107700.0 
 15   5   2    8   4    2   1273.50904751      56600000.0 
 15   5   2    8   6    2   1273.50904751        283300.0 
 15   5   2    9   4    2   1802.06264832      45260000.0 
 15   5   2    9   6    2   1802.06264832        490100.0 
 15   5   2   10   4    2   2562.93534633      36220000.0 
 15   5   2   10   6    2   2562.93534633        714000.0 
 15   5   2   11   4    2   3727.33796353      29210000.0 
 15   5   2   11   6    2   3727.33796353        958000.0 
 15   5   2   12   4    2   5695.38340385      23770000.0 
 15   5   2   12   6    2        5695.419       1240000.0 
 15   5   2   13   4    2    9668.2054873      19450000.0 
 15   5   2   13   6    2    9668.2054873       1599000.0 
 15   5   2   14   4    2    21651.983748      15510000.0 
 15   5   2   14   6    2    21651.983748       2084000.0 
 15   6   2    6   5    2   610.223191865      34990000.0 
 15   6   2    7   5    2   891.931743661      48770000.0 
 15   6   2    8   5    2   1273.50904751      49160000.0 
 15   6   2    8   7    2   1273.50904751         49390.0 
 15   6   2    9   5    2   1802.06621196      44380000.0 
 15   6   2    9   7    2   1802.06621196        150400.0 
 15   6   2   10   5    2   2562.93534633      38310000.0 
 15   6   2   10   7    2   2562.93534633        295000.0 
 15   6   2   11   5    2   3727.33796353      32480000.0 
 15   6   2   11   7    2   3727.33796353        482200.0 
 15   6   2   12   5    2        5695.419      27330000.0 
 15   6   2   12   7    2        5695.419        724000.0 
 15   6   2   13   5    2    9668.2054873      22850000.0 
 15   6   2   13   7    2    9668.2054873       1055000.0 
 15   6   2   14   5    2    21651.983748      18440000.0 
 15   6   2   14   7    2    21651.983748       1541000.0 
 15   7   2    7   6    2   891.931743661      19400000.0 
 15   7   2    8   6    2   1273.50904751      32150000.0 
 15   7   2    9   6    2   1802.06264832      36720000.0 
 15   7   2    9   8    2   1802.06621196         26690.0 
 15   7   2   10   6    2   2562.93534633      36380000.0 
 15   7   2   10   8    2   2562.93534633         93370.0 
 15   7   2   11   6    2   3727.33796353      33700000.0 
 15   7   2   11   8    2   3727.33796353        207900.0 
 15   7   2   12   6    2        5695.419      30110000.0 
 15   7   2   12   8    2        5695.419        384400.0 
 15   7   2   13   6    2    9668.2054873      26240000.0 
 15   7   2   13   8    2    9668.2054873        657800.0 
 15   7   2   14   6    2    21651.983748      21740000.0 
 15   7   2   14   8    2    21651.983748       1104000.0 
 15   8   2    8   7    2   1273.50904751      12080000.0 
 15   8   2    9   7    2   1802.06621196      23210000.0 
 15   8   2   10   7    2   2562.93534633      29600000.0 
 15   8   2   10   9    2   2562.93534633         17240.0 
 15   8   2   11   7    2   3727.33796353      31890000.0 
 15   8   2   11   9    2   3727.33796353         69290.0 
 15   8   2   12   7    2        5695.419      31470000.0 
 15   8   2   12   9    2        5695.419        176600.0 
 15   8   2   13   7    2    9668.2054873      29350000.0 
 15   8   2   13   9    2    9668.2054873        377100.0 
 15   8   2   14   7    2    21651.983748      25500000.0 
 15   8   2   14   9    2    21651.983748        756600.0 
 15   9   2    9   8    2   1802.06621196       8588000.0 
 15   9   2   10   8    2   2562.93534633      18750000.0 
 15   9   2   11   8    2   3727.33796353      26380000.0 
 15   9   2   11  10    2   3727.33796353         13670.0 
 15   9   2   12   8    2        5695.419      30610000.0 
 15   9   2   12  10    2        5695.419         63740.0 
 15   9   2   13   8    2    9668.2054873      31810000.0 
 15   9   2   13  10    2    9668.2054873        190300.0 
 15   9   2   14   8    2    21651.983748      29770000.0 
 15   9   2   14  10    2    21651.983748        485500.0 
 15  10   2   10   9    2   2562.93534633       7144000.0 
 15  10   2   11   9    2   3727.33796353      17460000.0 
 15  10   2   12   9    2        5695.419      26760000.0 
 15  10   2   12  11    2        5695.419         13930.0 
 15  10   2   13   9    2    9668.2054873      32990000.0 
 15  10   2   13  11    2    9668.2054873         77230.0 
 15  10   2   14   9    2    21651.983748      34630000.0 
 15  10   2   14  11    2    21651.983748        281200.0 
 15  11   2   11  10    2   3727.33796353       7225000.0 
 15  11   2   12  10    2        5695.419      19470000.0 
 15  11   2   13  10    2    9668.2054873      32010000.0 
 15  11   2   13  12    2    9668.2054873         19700.0 
 15  11   2   14  10    2    21651.983748      40180000.0 
 15  11   2   14  12    2    21651.983748        136100.0 
 15  12   2   12  11    2        5695.419       9439000.0 
 15  12   2   13  11    2    9668.2054873      27560000.0 
 15  12   2   14  11    2    21651.983748      46490000.0 
 15  12   2   14  13    2    21651.983748         44010.0 
 15  13   2   13  12    2    9668.2054873      17770000.0 
 15  13   2   14  12    2    21651.983748      53670000.0 
 15  14   2   14  13    2    21651.983748      61860000.0 
100	0	0	0	0	0	1.0	1.0
# upper n l s  lower  n l s   Energy (Angstrom) Einstein A (s-1)
# File computed on 27/02/18 using the RAP package (Witthoeft, 2011) using AUTOSTRUCTURE data 
# LS coupling	1040	levels