  2   1   2    2   0    2   614.757299369   732333333.333 
  3   0   2    2   1    2   65.7879491004        1.02e+11 
  3   1   2    2   0    2   57.8908151467 2.16333333333e+11 
  3   1   2    3   0    2   2237.70248015   93966666.6667 
  3   2   2    2   1    2   63.2482617031       6.558e+11 
  3   2   2    3   1    2   6117.25468785       3622400.0 
  4   0   2    2   1    2   47.8489026857   40100000000.0 
  4   0   2    3   1    2   190.407945618   28270000000.0 
  4   1   2    2   0    2   44.0500137767   98966666666.7 
  4   1   2    3   0    2   170.228468953   26833333333.3 
  4   1   2    3   2    2   189.966028768   4250666666.67 
  4   1   2    4   0    2   5691.86158651      19100000.0 
  4   2   2    2   1    2   47.2833304276      2.2124e+11 
  4   2   2    3   1    2   181.756606609   69720000000.0 
  4   2   2    4   1    2   13460.3698671       1438400.0 
  4   3   2    3   2    2   187.278232809       1.381e+11 
  4   3   2    4   2    2   347149.348571           52.31 
  5   0   2    2   1    2   42.5732615484   19470000000.0 
  5   0   2    3   1    2   127.523655633   13210000000.0 
  5   0   2    4   1    2   414.231119596    9440000000.0 
  5   1   2    2   0    2   39.6685982936   51566666666.7 
  5   1   2    3   0    2   119.305460782   15200000000.0 
  5   1   2    3   2    2   128.675502337   1825333333.33 
  5   1   2    4   0    2   372.706355828    6150000000.0 
  5   1   2    4   2    2   410.999025798   2246666666.67 
  5   1   2    5   0    2   10720.7887059       7150000.0 
  5   2   2    2   1    2   42.3394564296      1.0308e+11 
  5   2   2    3   1    2   125.448606382   34504000000.0 
  5   2   2    4   1    2   393.109460334   14504000000.0 
  5   2   2    4   3    2   405.273612945     510800000.0 
  5   2   2    5   1    2   27447.8024096        457280.0 
  5   3   2    3   2    2   128.061568462   45550000000.0 
  5   3   2    4   2    2   404.534717197   25850000000.0 
  5   3   2    5   2    2   614890.040486           33.64 
  5   4   2    4   3    2   405.002353303   42560000000.0 
  6   0   2    2   1    2   40.2369975553   10850000000.0 
  6   0   2    3   1    2   108.314864979    7252000000.0 
  6   0   2    4   1    2   262.771248389    5038000000.0 
  6   0   2    5   1    2   767.041719555    3826000000.0 
  6   1   2    2   0    2   37.6432187707   29700000000.0 
  6   1   2    3   0    2   102.688389809   9023333333.33 
  6   1   2    3   2    2    109.55494055   953733333.333 
  6   1   2    4   0    2   247.559641402    3940000000.0 
  6   1   2    4   2    2   263.890605815   1114666666.67 
  6   1   2    5   0    2   689.831218774   1976666666.67 
  6   1   2    5   2    2   757.621416694   1125333333.33 
  6   1   2    6   0    2   19233.1582946       2634000.0 
  6   2   2    2   1    2   40.0615404094   55408000000.0 
  6   2   2    3   1    2   107.361139823   19304000000.0 
  6   2   2    4   1    2   257.281978599    8592000000.0 
  6   2   2    4   3    2   262.512060205     217200000.0 
  6   2   2    5   1    2   724.953890215    4313600000.0 
  6   2   2    5   3    2   746.127407111     395200000.0 
  6   2   2    6   1    2   43393.6685714        255880.0 
  6   3   2    3   2    2   109.289793334   21530000000.0 
  6   3   2    4   2    2   262.245760188   12890000000.0 
  6   3   2    5   2    2   744.675041738    7228000000.0 
  6   3   2    5   4    2   745.592629714     113800000.0 
  6   3   2    6   2    2   1012518.93334           18.31 
  6   4   2    4   3    2   262.442732395   13740000000.0 
  6   4   2    5   3    2   745.567618957   11060000000.0 
  6   5   2    5   4    2   745.582259197   16460000000.0 
  7   0   2    2   1    2   38.9282963801    6678000000.0 
  7   0   2    3   1    2   99.3260820019    4425000000.0 
  7   0   2    4   1    2   215.466286334    3013000000.0 
  7   0   2    5   1    2   467.460984089    2225000000.0 
  7   0   2    6   1    2    1276.3040327    1776000000.0 
  7   1   2    2   0    2   36.5178744891   18700000000.0 
  7   1   2    3   0    2   94.7253188636    5760000000.0 
  7   1   2    3   2    2   100.538073015     566400000.0 
  7   1   2    4   0    2   205.843017845   2556666666.67 
  7   1   2    4   2    2   217.009678034   639733333.333 
  7   1   2    5   0    2   440.864557329    1380000000.0 
  7   1   2    5   2    2   467.604187192     621000000.0 
  7   1   2    6   0    2   1151.98604369     777300000.0 
  7   1   2    6   2    2   1256.92005517   593733333.333 
  7   1   2    7   0    2   30712.3804388       1210000.0 
  7   2   2    2   1    2    38.805921641   33688000000.0 
  7   2   2    3   1    2    98.794472311   11904000000.0 
  7   2   2    4   1    2   213.017377685    5372000000.0 
  7   2   2    4   3    2   216.524056115     113900000.0 
  7   2   2    5   1    2   457.233838435    2852000000.0 
  7   2   2    5   3    2   465.261406924     193400000.0 
  7   2   2    6   1    2    1203.7873712    1620000000.0 
  7   2   2    6   3    2   1237.48891882     255100000.0 
  7   2   2    7   1    2   82842.4581818         69760.0 
  7   3   2    3   2    2   100.414580773   12120000000.0 
  7   3   2    4   2    2   216.359137343    7359000000.0 
  7   3   2    5   2    2   464.771390305    4335000000.0 
  7   3   2    5   4    2   465.128656392      46530000.0 
  7   3   2    6   2    2   1235.00175506    2590000000.0 
  7   3   2    6   4    2   1236.53848972     111100000.0 
  7   3   2    7   2    2   1563065.24872           10.02 
  7   4   2    4   3    2   216.493449013    6462000000.0 
  7   4   2    5   3    2   465.120109759    5485000000.0 
  7   4   2    6   3    2   1236.48983214    3766000000.0 
  7   4   2    6   5    2   1236.51835508      33560000.0 
  7   5   2    5   4    2   465.125807479    5090000000.0 
  7   5   2    6   4    2   1236.51835508    5326000000.0 
  7   6   2    6   5    2   1236.51835508    7412000000.0 
  8   0   2    2   1    2   38.1270438381    4387000000.0 
  8   0   2    3   1    2   94.2711756257    2898000000.0 
  8   0   2    4   1    2   193.014997806    1950000000.0 
  8   0   2    5   1    2   373.264802719    1411000000.0 
  8   0   2    6   1    2   755.652498395    1097000000.0 
  8   0   2    7   1    2   1971.27037212     911900000.0 
  8   1   2    2   0    2   35.8272868095   12600000000.0 
  8   1   2    3   0    2   90.2146340498    3870000000.0 
  8   1   2    3   2    2   95.4716173035   364666666.667 
  8   1   2    4   0    2   185.669731051    1730000000.0 
  8   1   2    4   2    2   194.706858681   404666666.667 
  8   1   2    5   0    2   357.640125589   940333333.333 
  8   1   2    5   2    2   375.037879661   378933333.333 
  8   1   2    6   0    2   715.778037159     569500000.0 
  8   1   2    6   2    2   755.611144279     351000000.0 
  8   1   2    7   0    2   1780.70531222     355100000.0 
  8   1   2    7   2    2   1938.86604255     331000000.0 
  8   1   2    8   0    2   46023.5878788        617500.0 
  8   2   2    2   1    2   38.0840119474   22210000000.0 
  8   2   2    3   1    2   94.0085356607    7803000000.0 
  8   2   2    4   1    2   191.917207043    3544000000.0 
  8   2   2    4   3    2   194.419271694      67960000.0 
  8   2   2    5   1    2   369.180942071    1905000000.0 
  8   2   2    5   3    2   373.911743297     110100000.0 
  8   2   2    6   1    2   739.100880821    1139000000.0 
  8   2   2    6   3    2   750.082550752     137700000.0 
  8   2   2    7   1    2   1862.46533682     706200000.0 
  8   2   2    7   3    2   1906.72754131     161000000.0 
  8   2   2    8   1    2   126459.483764         34700.0 
  8   3   2    3   2    2   95.3870122845    7568000000.0 
  8   3   2    4   2    2   194.294001571    4624000000.0 
  8   3   2    5   2    2   373.623682194    2758000000.0 
  8   3   2    5   4    2   373.854525001      23890000.0 
  8   3   2    6   2    2   749.282626177    1726000000.0 
  8   3   2    6   4    2   749.848008959      52400000.0 
  8   3   2    7   2    2   1902.82571382    1099000000.0 
  8   3   2    7   4    2   1905.19277368      84740000.0 
  8   3   2    8   2    2   2295382.97229           5.699 
  8   4   2    4   3    2   194.402432497    3645000000.0 
  8   4   2    5   3    2   373.849463636    3137000000.0 
  8   4   2    6   3    2   749.831966724    2264000000.0 
  8   4   2    6   5    2     749.8424558      13060000.0 
  8   4   2    7   3    2   1905.10913014    1537000000.0 
  8   4   2    7   5    2   1905.15692555      38580000.0 
  8   5   2    5   4    2   373.853144615    2340000000.0 
  8   5   2    6   4    2     749.8424558    2579000000.0 
  8   5   2    7   4    2   1905.15692555    2093000000.0 
  8   5   2    7   6    2   1905.15692555      11910000.0 
  8   6   2    6   5    2     749.8424558    2177000000.0 
  8   6   2    7   5    2   1905.15692555    2808000000.0 
  8   7   2    7   6    2   1905.15692555    3727000000.0 
  9   0   2    2   1    2   37.5982710689    3025000000.0 
  9   0   2    3   1    2   91.1032084825    2000000000.0 
  9   0   2    4   1    2   180.186346273    1337000000.0 
  9   0   2    5   1    2   328.091660165     955200000.0 
  9   0   2    6   1    2   590.937915229     728000000.0 
  9   0   2    7   1    2   1141.35366711     589800000.0 
  9   0   2    8   1    2   2880.70254635     505900000.0 
  9   1   2    2   0    2   35.3656630574    8820000000.0 
  9   1   2    3   0    2   87.3438421946    2730000000.0 
  9   1   2    3   2    2   92.2624548188   248933333.333 
  9   1   2    4   0    2   173.905923664   1223333333.33 
  9   1   2    4   2    2   181.809792107     272200000.0 
  9   1   2    5   0    2   316.412166667   670333333.333 
  9   1   2    5   2    2    329.95402998   250066666.667 
  9   1   2    6   0    2   568.364674668     409300000.0 
  9   1   2    6   2    2   592.501326398   225733333.333 
  9   1   2    7   0    2   1082.33559199     271100000.0 
  9   1   2    7   2    2   1136.24319202   208933333.333 
  9   1   2    8   0    2   2603.62011429     180300000.0 
  9   1   2    8   2    2   2821.31259404     196200000.0 
  9   1   2    9   0    2   65724.2726289        341300.0 
  9   2   2    2   1    2   37.5689437521   15360000000.0 
  9   2   2    3   1    2   90.9312109895    5416000000.0 
  9   2   2    4   1    2   179.514766623    2469000000.0 
  9   2   2    4   3    2   181.702051296      44180000.0 
  9   2   2    5   1    2   325.871841516    1334000000.0 
  9   2   2    5   3    2   329.552262124      69460000.0 
  9   2   2    6   1    2   583.775439801     806700000.0 
  9   2   2    6   3    2   590.605092363      83380000.0 
  9   2   2    7   1    2   1114.93295845     525100000.0 
  9   2   2    7   3    2   1130.64494876      93360000.0 
  9   2   2    8   1    2   2718.13109424     347800000.0 
  9   2   2    8   3    2    2781.2039603     103000000.0 
  9   2   2    9   1    2   180270.433234         19450.0 
  9   3   2    3   2    2   92.2213623489    5073000000.0 
  9   3   2    4   2    2   181.596754137    3109000000.0 
  9   3   2    5   2    2   329.342043823    1863000000.0 
  9   3   2    5   4    2   329.521397427      14110000.0 
  9   3   2    6   2    2   590.152611097    1178000000.0 
  9   3   2    6   4    2   590.503290557      29240000.0 
  9   3   2    7   2    2   1129.43139692     783400000.0 
  9   3   2    7   4    2   1130.26490805      44160000.0 
  9   3   2    8   2    2   2775.44387998     526500000.0 
  9   3   2    8   4    2    2778.8801132      60660000.0 
  9   3   2    9   2    2   3220024.87633           3.388 
  9   4   2    4   3    2   181.691581292    2290000000.0 
  9   4   2    5   3    2   329.517822739    1982000000.0 
  9   4   2    6   3    2   590.494489793    1448000000.0 
  9   4   2    6   5    2    590.50099468       6501000.0 
  9   4   2    7   3    2   1130.23967455    1031000000.0 
  9   4   2    7   5    2   1130.25649676      17420000.0 
  9   4   2    8   3    2    2778.7530074     714400000.0 
  9   4   2    8   5    2   2778.82926948      33290000.0 
  9   5   2    5   4    2   329.520682483    1303000000.0 
  9   5   2    6   4    2    590.50099468    1456000000.0 
  9   5   2    7   4    2   1130.25649676    1243000000.0 
  9   5   2    7   6    2   1130.25649676       4392000.0 
  9   5   2    8   4    2   2778.82926948     944700000.0 
  9   5   2    8   6    2   2778.82926948      15460000.0 
  9   6   2    6   5    2    590.50099468     967800000.0 
  9   6   2    7   5    2   1130.25649676    1315000000.0 
  9   6   2    8   5    2   2778.82926948    1232000000.0 
  9   6   2    8   7    2   2778.82926948       4837000.0 
  9   7   2    7   6    2   1130.25649676    1036000000.0 
  9   7   2    8   6    2   2778.82926948    1590000000.0 
  9   8   2    8   7    2   2778.82926948    2037000000.0 
 10   0   2    2   1    2   37.2299232533    2164000000.0 
 10   0   2    3   1    2   88.9702779902    1436000000.0 
 10   0   2    4   1    2   172.029489031     956300000.0 
 10   0   2    5   1    2   302.016668026     677900000.0 
 10   0   2    6   1    2   511.411654973     510100000.0 
 10   0   2    7   1    2   877.732396076     405300000.0 
 10   0   2    8   1    2   1638.58048089     339200000.0 
 10   0   2    9   1    2   4033.36862419     298500000.0 
 10   1   2    2   0    2   35.1253528611    6254000000.0 
 10   1   2    3   0    2   85.5529627012    1963000000.0 
 10   1   2    3   2    2   90.1175674794     175300000.0 
 10   1   2    4   0    2   166.567786201     887900000.0 
 10   1   2    4   2    2   173.615713733     190900000.0 
 10   1   2    5   0    2   293.018316799     486900000.0 
 10   1   2    5   2    2   303.997763552     174000000.0 
 10   1   2    6   0    2   495.433959412     300900000.0 
 10   1   2    6   2    2   513.447734956     154300000.0 
 10   1   2    7   0    2   845.361005304     201500000.0 
 10   1   2    7   2    2   878.316131992     138500000.0 
 10   1   2    8   0    2   1555.01809674     142000000.0 
 10   1   2    8   2    2   1630.14151779     127800000.0 
 10   1   2    9   0    2   3646.78944462      99240000.0 
 10   1   2    9   2    2   3945.52800894     121300000.0 
 10   1   2   10   0    2   90358.6554289        200900.0 
 10   2   2    2   1    2   37.2089934446   11060000000.0 
 10   2   2    3   1    2   88.8508429679    3913000000.0 
 10   2   2    4   1    2    171.58352106    1788000000.0 
 10   2   2    4   3    2   173.580724814      30500000.0 
 10   2   2    5   1    2   300.644807957     968700000.0 
 10   2   2    5   3    2   303.774716549      46990000.0 
 10   2   2    6   1    2   507.490412857     588000000.0 
 10   2   2    6   3    2   512.643876545      54910000.0 
 10   2   2    7   1    2   866.244831146     386400000.0 
 10   2   2    7   3    2   875.699624069      59340000.0 
 10   2   2    8   1    2   1598.99463064     268000000.0 
 10   2   2    8   3    2   1620.61515534      63180000.0 
 10   2   2    9   1    2   3801.69812265     186800000.0 
 10   2   2    9   3    2    3888.2883744      67540000.0 
 10   2   2   10   1    2   247425.207711         11560.0 
 10   3   2    3   2    2   90.0829132838    3578000000.0 
 10   3   2    4   2    2   173.487137633    2197000000.0 
 10   3   2    5   2    2    303.60377691    1320000000.0 
 10   3   2    5   4    2    303.75618626       9124000.0 
 10   3   2    6   2    2   512.324823325     838000000.0 
 10   3   2    6   4    2   512.589087583      18240000.0 
 10   3   2    7   2    2    875.03532724     562200000.0 
 10   3   2    7   4    2   875.535558329      26230000.0 
 10   3   2    8   2    2   1618.87621447     393400000.0 
 10   3   2    8   4    2   1620.04469373      34040000.0 
 10   3   2    9   2    2   3880.17577027     276500000.0 
 10   3   2    9   4    2   3884.95645093      42860000.0 
 10   3   2   10   2    2   4402256.23182           2.099 
 10   4   2    4   3    2   173.573715498    1546000000.0 
 10   4   2    5   3    2   303.753249974    1342000000.0 
 10   4   2    6   3    2   512.582744355     985300000.0 
 10   4   2    6   5    2   512.587645927       3761000.0 
 10   4   2    7   3    2   875.521258075     709300000.0 
 10   4   2    7   5    2   875.531352324       9454000.0 
 10   4   2    8   3    2   1620.00437326     514100000.0 
 10   4   2    8   5    2   1620.03029333      16670000.0 
 10   4   2    9   3    2   3884.77427166     366100000.0 
 10   4   2    9   5    2   3884.87364005      26240000.0 
 10   5   2    5   4    2       303.75568     813200000.0 
 10   5   2    6   4    2   512.587645927     914000000.0 
 10   5   2    7   4    2   875.531352324     790000000.0 
 10   5   2    7   6    2   875.531352324       2106000.0 
 10   5   2    8   4    2   1620.03029333     630400000.0 
 10   5   2    8   6    2   1620.03029333       6658000.0 
 10   5   2    9   4    2   3884.87364005     472900000.0 
 10   5   2    9   6    2   3884.87364005      14670000.0 
 10   6   2    6   5    2   512.587645927     527300000.0 
 10   6   2    7   5    2   875.531352324     726400000.0 
 10   6   2    8   5    2   1620.03029333     715700000.0 
 10   6   2    8   7    2   1620.03029333       1689000.0 
 10   6   2    9   5    2   3884.87364005     602600000.0 
 10   6   2    9   7    2   3884.87364005       6898000.0 
 10   7   2    7   6    2   875.531352324     443100000.0 
 10   7   2    8   6    2   1620.03029333     716600000.0 
 10   7   2    9   6    2   3884.87364005     760600000.0 
 10   7   2    9   8    2   3884.87364005       2179000.0 
 10   8   2    8   7    2   1620.03029333     535300000.0 
 10   8   2    9   7    2   3884.87364005     953300000.0 
 10   9   2    9   8    2   3884.87364005    1188000000.0 
 11   0   2    2   1    2   36.9625658246    1592000000.0 
 11   0   2    3   1    2   87.4585104105    1064000000.0 
 11   0   2    4   1    2   166.465761853     707500000.0 
 11   0   2    5   1    2   285.277406546     499100000.0 
 11   0   2    6   1    2   465.190628875     372300000.0 
 11   0   2    7   1    2   749.859115524     292000000.0 
 11   0   2    8   1    2    1242.9018368     239800000.0 
 11   0   2    9   1    2   2261.33759495     206100000.0 
 11   0   2   10   1    2   5457.99616675     185100000.0 
 11   1   2    2   0    2   34.8906387975    4674000000.0 
 11   1   2    3   0    2   84.1737813158    1472000000.0 
 11   1   2    3   2    2   88.5886050304     129200000.0 
 11   1   2    4   0    2   161.418422028     667300000.0 
 11   1   2    4   2    2   168.028671932     140100000.0 
 11   1   2    5   0    2    277.44839328     366500000.0 
 11   1   2    5   2    2    287.27246476     126500000.0 
 11   1   2    6   0    2   452.498834325     226800000.0 
 11   1   2    6   2    2   467.478489979     110800000.0 
 11   1   2    7   0    2   727.566647452     152300000.0 
 11   1   2    7   2    2   751.845681661      97760000.0 
 11   1   2    8   0    2   1198.18266208     108400000.0 
 11   1   2    8   2    2   1242.29524154      88110000.0 
 11   1   2    9   0    2   2147.15871123      80140000.0 
 11   1   2    9   2    2   2247.34525976      81820000.0 
 11   1   2   10   0    2   4936.20051027      58200000.0 
 11   1   2   10   2    2   5334.00670799      78030000.0 
 11   1   2   11   0    2   120474.225278        124400.0 
 11   2   2    2   1    2   36.9470878941    8228000000.0 
 11   2   2    3   1    2   87.3719051149    2917000000.0 
 11   2   2    4   1    2   166.152287644    1336000000.0 
 11   2   2    4   3    2   168.024365428      22030000.0 
 11   2   2    5   1    2   284.358008854     724900000.0 
 11   2   2    5   3    2   287.156412158      33440000.0 
 11   2   2    6   1    2   462.750859596     440700000.0 
 11   2   2    6   3    2   467.031900565      38370000.0 
 11   2   2    7   1    2   743.540024756     290400000.0 
 11   2   2    7   3    2   750.495206392      40470000.0 
 11   2   2    8   1    2   1225.63673412     203100000.0 
 11   2   2    8   3    2   1238.29944748      41730000.0 
 11   2   2    9   1    2   2204.82946008     147900000.0 
 11   2   2    9   3    2   2233.67831222      43300000.0 
 11   2   2   10   1    2   5140.03790443     107400000.0 
 11   2   2   10   3    2   5255.34919665      45450000.0 
 11   2   2   11   1    2   329691.403763          7217.0 
 11   3   2    3   2    2   88.5634561698    2624000000.0 
 11   3   2    4   2    2   167.938219794    1614000000.0 
 11   3   2    5   2    2   287.008178753     970600000.0 
 11   3   2    5   4    2   287.144377747       6289000.0 
 11   3   2    6   2    2   466.779036443     617300000.0 
 11   3   2    6   4    2   466.998392889      12270000.0 
 11   3   2    7   2    2   750.038099988     415300000.0 
 11   3   2    7   4    2    750.40559436      17080000.0 
 11   3   2    8   2    2   1237.36793508     292900000.0 
 11   3   2    8   4    2   1238.05045853      21220000.0 
 11   3   2    9   2    2   2231.27184402     213900000.0 
 11   3   2    9   4    2   2232.85187127      25470000.0 
 11   3   2   10   2    2   5244.34018945     156000000.0 
 11   3   2   10   4    2   5250.74641314      30430000.0 
 11   3   2   11   2    2    5804248.6625            1.35 
 11   4   2    4   3    2   168.019377596    1099000000.0 
 11   4   2    5   3    2   287.141844316     955500000.0 
 11   4   2    6   3    2   466.993367153     703300000.0 
 11   4   2    6   5    2   466.997435598       2400000.0 
 11   4   2    7   3    2   750.395707446     508400000.0 
 11   4   2    7   5    2   750.403122607       5789000.0 
 11   4   2    8   3    2   1238.02859266     372200000.0 
 11   4   2    8   5    2   1238.04373049       9652000.0 
 11   4   2    9   3    2   2232.79716167     276600000.0 
 11   4   2    9   5    2   2232.82998711      14190000.0 
 11   4   2   10   3    2   5250.47413272     202500000.0 
 11   4   2   10   5    2   5250.62539613      20040000.0 
 11   5   2    5   4    2   287.144015826     547400000.0 
 11   5   2    6   4    2   466.997435598     617000000.0 
 11   5   2    7   4    2   750.403122607     536000000.0 
 11   5   2    7   6    2   750.403122607       1186000.0 
 11   5   2    8   4    2   1238.04373049     432700000.0 
 11   5   2    8   6    2   1238.04373049       3499000.0 
 11   5   2    9   4    2   2232.82998711     340100000.0 
 11   5   2    9   6    2   2232.82998711       7041000.0 
 11   5   2   10   4    2   5250.62539613     256500000.0 
 11   5   2   10   6    2   5250.62539613      12480000.0 
 11   6   2    6   5    2   466.997435598     324300000.0 
 11   6   2    7   5    2   750.403122607     449200000.0 
 11   6   2    8   5    2   1238.04373049     448400000.0 
 11   6   2    8   7    2   1238.04373049        777700.0 
 11   6   2    9   5    2   2232.82998711     396600000.0 
 11   6   2    9   7    2   2232.82998711       2832000.0 
 11   6   2   10   5    2   5250.62539613     320800000.0 
 11   6   2   10   7    2   5250.62539613       7059000.0 
 11   7   2    7   6    2   750.403122607     234900000.0 
 11   7   2    8   6    2   1238.04373049     385000000.0 
 11   7   2    9   6    2   2232.82998711     430100000.0 
 11   7   2    9   8    2   2232.82998711        720500.0 
 11   7   2   10   6    2   5250.62539613     397500000.0 
 11   7   2   10   8    2   5250.62539613       3350000.0 
 11   8   2    8   7    2   1238.04373049     219800000.0 
 11   8   2    9   7    2   2232.82998711     412400000.0 
 11   8   2   10   7    2   5250.62539613     489300000.0 
 11   8   2   10   9    2   5250.62539613       1066000.0 
 11   9   2    9   8    2   2232.82998711     295500000.0 
 11   9   2   10   8    2   5250.62539613     599200000.0 
 11  10   2   10   9    2   5250.62539613     730700000.0 
 12   0   2    2   1    2   36.7621274024    1180000000.0 
 12   0   2    3   1    2   86.3445867718     802500000.0 
 12   0   2    4   1    2   162.476130942     535300000.0 
 12   0   2    5   1    2   273.757431868     377000000.0 
 12   0   2    6   1    2    435.31913491     279800000.0 
 12   0   2    7   1    2   675.177165398     217700000.0 
 12   0   2    8   1    2   1050.33447557     176600000.0 
 12   0   2    9   1    2   1695.70548403     149000000.0 
 12   0   2   10   1    2   3023.64801911     130900000.0 
 12   0   2   11   1    2   7183.47606735     119700000.0 
 12   1   2    2   0    2   34.7142842123    3678000000.0 
 12   1   2    3   0    2   83.1546433916    1156000000.0 
 12   1   2    3   2    2   87.4604746032      99720000.0 
 12   1   2    4   0    2   157.711728255     522800000.0 
 12   1   2    4   2    2   164.015949702     107500000.0 
 12   1   2    5   0    2   266.675438137     286500000.0 
 12   1   2    5   2    2   275.738948408      96220000.0 
 12   1   2    6   0    2   424.528724858     176900000.0 
 12   1   2    6   2    2   437.686828142      83330000.0 
 12   1   2    7   0    2   657.874266606     118600000.0 
 12   1   2    7   2    2   677.661525831      72460000.0 
 12   1   2    8   0    2   1020.19990506      84380000.0 
 12   1   2    8   2    2   1052.00658495      64110000.0 
 12   1   2    9   0    2    1635.7656317      62800000.0 
 12   1   2    9   2    2   1693.27300532      58120000.0 
 12   1   2   10   0    2   2872.01391778      48080000.0 
 12   1   2   10   2    2   3002.28990129      54290000.0 
 12   1   2   11   0    2   6497.58668635      35970000.0 
 12   1   2   11   2    2   7014.11679585      52000000.0 
 12   1   2   12   0    2   156386.998455         80690.0 
 12   2   2    2   1    2   36.7503453863    6305000000.0 
 12   2   2    3   1    2   86.2796185646    2241000000.0 
 12   2   2    4   1    2   162.246240053    1027000000.0 
 12   2   2    4   3    2   164.030859005      16520000.0 
 12   2   2    5   1    2   273.105422566     557900000.0 
 12   2   2    5   3    2   275.685726871      24810000.0 
 12   2   2    6   1    2    433.67276486     339300000.0 
 12   2   2    6   3    2   437.430505653      28070000.0 
 12   2   2    7   1    2   671.224924832     223700000.0 
 12   2   2    7   3    2   676.887852272      29100000.0 
 12   2   2    8   1    2   1040.80096489     156600000.0 
 12   2   2    8   3    2   1049.91818568      29330000.0 
 12   2   2    9   1    2   1670.99489497     114800000.0 
 12   2   2    9   3    2   1687.51280541      29550000.0 
 12   2   2   10   1    2   2945.96669544      86890000.0 
 12   2   2   10   3    2   2983.48608715      30220000.0 
 12   2   2   11   1    2   6759.99080139      65200000.0 
 12   2   2   11   3    2    6909.7150483      31350000.0 
 12   2   2   12   1    2   429842.943397          4633.0 
 12   3   2    3   2    2   87.4416673032    1985000000.0 
 12   3   2    4   2    2   163.949820509    1222000000.0 
 12   3   2    5   2    2   275.552096289     735400000.0 
 12   3   2    5   4    2   275.677636994       4543000.0 
 12   3   2    6   2    2   437.216223789     468100000.0 
 12   3   2    6   4    2   437.408669098       8706000.0 
 12   3   2    7   2    2    676.53407218     315300000.0 
 12   3   2    7   4    2   676.833052454      11850000.0 
 12   3   2    8   2    2   1049.29195276     222800000.0 
 12   3   2    8   4    2   1049.78272064      14310000.0 
 12   3   2    9   2    2   1686.25125368     163800000.0 
 12   3   2    9   4    2    1687.1535082      16510000.0 
 12   3   2   10   2    2    2980.2856442     123900000.0 
 12   3   2   10   4    2   2982.35343787      18930000.0 
 12   3   2   11   2    2   6895.18038741      93260000.0 
 12   3   2   11   4    2   6903.59048175      21860000.0 
 12   3   2   12   2    2   7531132.56198          0.8766 
 12   4   2    4   3    2   164.027227381     812500000.0 
 12   4   2    5   3    2   275.675468655     707000000.0 
 12   4   2    6   3    2   437.404679963     521100000.0 
 12   4   2    6   5    2   437.408249185       1640000.0 
 12   4   2    7   3    2   676.826014589     377300000.0 
 12   4   2    7   5    2   676.832047036       3845000.0 
 12   4   2    8   3    2   1049.76941792     277200000.0 
 12   4   2    8   5    2   1049.78030194       6178000.0 
 12   4   2    9   3    2    1687.1285193     207900000.0 
 12   4   2    9   5    2    1687.1472609       8644000.0 
 12   4   2   10   3    2   2982.28511585     158500000.0 
 12   4   2   10   5    2   2982.33391697      11510000.0 
 12   4   2   11   3    2   6903.27669406     119000000.0 
 12   4   2   11   5    2   6903.48588268      15160000.0 
 12   5   2    5   4    2     275.6773868     388800000.0 
 12   5   2    6   4    2   437.408039229     439000000.0 
 12   5   2    7   4    2   676.831544328     382300000.0 
 12   5   2    7   6    2   676.831544328        742700.0 
 12   5   2    8   4    2   1049.77909259     310000000.0 
 12   5   2    8   6    2   1049.77909259       2094000.0 
 12   5   2    9   4    2   1687.14413727     246300000.0 
 12   5   2    9   6    2   1687.14413727       3961000.0 
 12   5   2   10   4    2   2982.32415662     194300000.0 
 12   5   2   10   6    2   2982.32415662       6496000.0 
 12   5   2   11   4    2   6903.43358434     148300000.0 
 12   5   2   11   6    2   6903.43358434      10150000.0 
 12   6   2    6   5    2   437.408039229     216100000.0 
 12   6   2    7   5    2   676.831544328     300200000.0 
 12   6   2    8   5    2   1049.77909259     301200000.0 
 12   6   2    8   7    2   1049.77909259        425200.0 
 12   6   2    9   5    2   1687.14413727     269700000.0 
 12   6   2    9   7    2   1687.14413727       1438000.0 
 12   6   2   10   5    2   2982.32415662     228700000.0 
 12   6   2   10   7    2   2982.32415662       3246000.0 
 12   6   2   11   5    2   6903.43358434     182500000.0 
 12   6   2   11   7    2   6903.43358434       6393000.0 
 12   7   2    7   6    2   676.831544328     141600000.0 
 12   7   2    8   6    2   1049.77909259     233400000.0 
 12   7   2    9   6    2   1687.14413727     264100000.0 
 12   7   2    9   8    2   1687.14413727        318300.0 
 12   7   2   10   6    2   2982.32415662     256600000.0 
 12   7   2   10   8    2   2982.32415662       1311000.0 
 12   7   2   11   6    2   6903.43358434     222800000.0 
 12   7   2   11   8    2   6903.43358434       3647000.0 
 12   8   2    8   7    2   1049.77909259     113000000.0 
 12   8   2    9   7    2   1687.14413727     214900000.0 
 12   8   2   10   7    2   2982.32415662     268300000.0 
 12   8   2   10   9    2   2982.32415662        334100.0 
 12   8   2   11   7    2   6903.43358434     270100000.0 
 12   8   2   11   9    2   6903.43358434       1742000.0 
 12   9   2    9   8    2   1687.14413727     116300000.0 
 12   9   2   10   8    2   2982.32415662     248500000.0 
 12   9   2   11   8    2   6903.43358434     325900000.0 
 12   9   2   11  10    2   6903.43358434        557500.0 
 12  10   2   10   9    2   2982.32415662     172100000.0 
 12  10   2   11   9    2   6903.43358434     391600000.0 
 12  11   2   11  10    2   6903.43358434     469100000.0 
 13   0   2    2   1    2   36.6078625831     891600000.0 
 13   0   2    3   1    2   85.4983638101     618900000.0 
 13   0   2    4   1    2   159.505443475     414600000.0 
 13   0   2    5   1    2   265.428201594     291800000.0 
 13   0   2    6   1    2   414.629181705     215800000.0 
 13   0   2    7   1    2   626.675945997     167000000.0 
 13   0   2    8   1    2    937.46544945     134300000.0 
 13   0   2    9   1    2   1419.74193508     111900000.0 
 13   0   2   10   1    2   2245.40157748      96510000.0 
 13   0   2   11   1    2    3939.5409683      86320000.0 
 13   0   2   12   1    2   9239.24809896      80260000.0 
 13   1   2    2   0    2   34.5783339721    2868000000.0 
 13   1   2    3   0    2   82.3788077847     906600000.0 
 13   1   2    3   2    2   86.6026261132      77100000.0 
 13   1   2    4   0    2   154.944106393     411200000.0 
 13   1   2    4   2    2   161.024743187      83450000.0 
 13   1   2    5   0    2   258.857163797     225700000.0 
 13   1   2    5   2    2   267.388523444      74390000.0 
 13   1   2    6   0    2    405.05329935     139500000.0 
 13   1   2    6   2    2   417.014820052      64020000.0 
 13   1   2    7   0    2    612.25552397      93500000.0 
 13   1   2    7   2    2   629.358056427      55190000.0 
 13   1   2    8   0    2   914.530083337      66550000.0 
 13   1   2    8   2    2   940.006808152      48260000.0 
 13   1   2    9   0    2   1380.08659739      49590000.0 
 13   1   2    9   2    2    1420.7978147      43070000.0 
 13   1   2   10   0    2    2167.1035434      38280000.0 
 13   1   2   10   2    2   2240.46064731      39380000.0 
 13   1   2   11   0    2   3743.06151034      30210000.0 
 13   1   2   11   2    2   3908.88674414      37060000.0 
 13   1   2   12   0    2   8357.56445178      23150000.0 
 13   1   2   12   2    2   9014.59164292      35670000.0 
 13   1   2   13   0    2   199053.525557         53990.0 
 13   2   2    2   1    2   36.5986808094    4903000000.0 
 13   2   2    3   1    2   85.4482972219    1751000000.0 
 13   2   2    4   1    2   159.331277496     804200000.0 
 13   2   2    4   3    2   161.052006498      12710000.0 
 13   2   2    5   1    2    264.94626307     437300000.0 
 13   2   2    5   3    2   267.374009414      18930000.0 
 13   2   2    6   1    2   413.454353905     266100000.0 
 13   2   2    6   3    2   416.868501204      21210000.0 
 13   2   2    7   1    2    623.99608867     175600000.0 
 13   2   2    7   3    2   628.887237192      21710000.0 
 13   2   2    8   1    2   931.481111603     123000000.0 
 13   2   2    8   3    2   938.776960037      21540000.0 
 13   2   2    9   1    2   1406.06148135      90260000.0 
 13   2   2    9   3    2   1417.73853734      21260000.0 
 13   2   2   10   1    2   2211.37307623      68720000.0 
 13   2   2   10   3    2   2232.44708373      21170000.0 
 13   2   2   11   1    2   3835.97706665      53670000.0 
 13   2   2   11   3    2   3883.73121034      21490000.0 
 13   2   2   12   1    2   8689.07785459      41450000.0 
 13   2   2   12   3    2   8878.80273594      22130000.0 
 13   2   2   13   1    2   546650.893821          3110.0 
 13   3   2    3   2    2    86.588126726    1538000000.0 
 13   3   2    4   2    2   160.974623278     947600000.0 
 13   3   2    5   2    2   267.250351048     570900000.0 
 13   3   2    5   4    2   267.368439583       3401000.0 
 13   3   2    6   2    2   416.678840244     363600000.0 
 13   3   2    6   4    2   416.853627073       6434000.0 
 13   3   2    7   2    2   628.593115922     245000000.0 
 13   3   2    7   4    2   628.851216412       8620000.0 
 13   3   2    8   2    2   938.301379342     173300000.0 
 13   3   2    8   4    2   938.693795311      10190000.0 
 13   3   2    9   2    2   1416.90527242     127500000.0 
 13   3   2    9   4    2   1417.54225714      11460000.0 
 13   3   2   10   2    2   2230.79663349      97020000.0 
 13   3   2   10   4    2    2231.9549723      12680000.0 
 13   3   2   11   2    2   3879.56456028      75590000.0 
 13   3   2   11   4    2   3882.22555468      14120000.0 
 13   3   2   12   2    2   8860.15595527      58440000.0 
 13   3   2   12   4    2   8870.76464805      15930000.0 
 13   3   2   13   2    2   9592284.63176           0.599 
 13   4   2    4   3    2   161.049245597     619100000.0 
 13   4   2    5   3    2   267.366399985     539100000.0 
 13   4   2    6   3    2   416.850004048     397700000.0 
 13   4   2    6   5    2   416.853245699       1177000.0 
 13   4   2    7   3    2   628.845141024     288300000.0 
 13   4   2    7   5    2   628.850348492       2706000.0 
 13   4   2    8   3    2   938.683159026     212100000.0 
 13   4   2    8   5    2   938.691861423       4238000.0 
 13   4   2    9   3    2   1417.52461663     159500000.0 
 13   4   2    9   5    2   1417.53784697       5734000.0 
 13   4   2   10   3    2   2231.91670606     122600000.0 
 13   4   2   10   5    2   2231.94403895       7298000.0 
 13   4   2   11   3    2   3882.12632171      95670000.0 
 13   4   2   11   5    2   3882.19247646       9140000.0 
 13   4   2   12   3    2   8870.41925027      73490000.0 
 13   4   2   12   5    2   8870.67829608      11490000.0 
 13   5   2    5   4    2    267.36828269     287600000.0 
 13   5   2    6   4    2   416.853245699     325000000.0 
 13   5   2    7   4    2   628.850348492     283400000.0 
 13   5   2    7   6    2   628.850348492        500200.0 
 13   5   2    8   4    2   938.691861423     230300000.0 
 13   5   2    8   6    2   938.691861423       1367000.0 
 13   5   2    9   4    2   1417.53784697     183700000.0 
 13   5   2    9   6    2   1417.53784697       2484000.0 
 13   5   2   10   4    2   2231.94403895     146300000.0 
 13   5   2   10   6    2   2231.94403895       3854000.0 
 13   5   2   11   4    2   3882.19247646     116600000.0 
 13   5   2   11   6    2   3882.19247646       5626000.0 
 13   5   2   12   4    2    8870.5919458      90320000.0 
 13   5   2   12   6    2   8870.67829608       8098000.0 
 13   6   2    6   5    2   416.853245699     152500000.0 
 13   6   2    7   5    2   628.850348492     212200000.0 
 13   6   2    8   5    2   938.691861423     213400000.0 
 13   6   2    8   7    2   938.691861423        260100.0 
 13   6   2    9   5    2   1417.53784697     191900000.0 
 13   6   2    9   7    2   1417.53784697        838200.0 
 13   6   2   10   5    2   2231.94403895     164700000.0 
 13   6   2   10   7    2   2231.94403895       1771000.0 
 13   6   2   11   5    2   3882.19247646     137600000.0 
 13   6   2   11   7    2   3882.19247646       3200000.0 
 13   6   2   12   5    2   8870.67829608     109700000.0 
 13   6   2   12   7    2   8870.67829608       5477000.0 
 13   7   2    7   6    2   628.850348492      92960000.0 
 13   7   2    8   6    2   938.691861423     153700000.0 
 13   7   2    9   6    2   1417.53784697     174800000.0 
 13   7   2    9   8    2   1417.53784697        168500.0 
 13   7   2   10   6    2   2231.94403895     171900000.0 
 13   7   2   10   8    2   2231.94403895        642100.0 
 13   7   2   11   6    2   3882.19247646     156700000.0 
 13   7   2   11   8    2   3882.19247646       1607000.0 
 13   7   2   12   6    2   8870.67829608     132100000.0 
 13   7   2   12   8    2   8870.67829608       3477000.0 
 13   8   2    8   7    2   938.691861423      66500000.0 
 13   8   2    9   7    2   1417.53784697     127200000.0 
 13   8   2   10   7    2   2231.94403895     161000000.0 
 13   8   2   10   9    2   2231.94403895        141500.0 
 13   8   2   11   7    2   3882.19247646     170400000.0 
 13   8   2   11   9    2   3882.19247646        650500.0 
 13   8   2   12   7    2   8870.67829608     158200000.0 
 13   8   2   12   9    2   8870.67829608       1996000.0 
 13   9   2    9   8    2   1417.53784697      57850000.0 
 13   9   2   10   8    2   2231.94403895     125300000.0 
 13   9   2   11   8    2   3882.19247646     173000000.0 
 13   9   2   11  10    2   3882.19247646        165900.0 
 13   9   2   12   8    2   8870.67829608     188500000.0 
 13   9   2   12  10    2   8870.67829608        958700.0 
 13  10   2   10   9    2   2231.94403895      64950000.0 
 13  10   2   11   9    2   3882.19247646     155700000.0 
 13  10   2   12   9    2   8870.67829608     223700000.0 
 13  10   2   12  11    2   8870.67829608        308100.0 
 13  11   2   11  10    2   3882.19247646     104900000.0 
 13  11   2   12  10    2   8870.67829608     264600000.0 
 13  12   2   12  11    2   8870.67829608     312200000.0 
 14   0   2    2   1    2    36.486527424     664100000.0 
 14   0   2    3   1    2   84.8394397657     480300000.0 
 14   0   2    4   1    2   157.227288867     325200000.0 
 14   0   2    5   1    2   259.178970505     229600000.0 
 14   0   2    6   1    2   399.578982078     169600000.0 
 14   0   2    7   1    2   592.922308948     130800000.0 
 14   0   2    8   1    2   863.896158068     104600000.0 
 14   0   2    9   1    2   1257.55490358      86440000.0 
 14   0   2   10   1    2   1864.99249924      73640000.0 
 14   0   2   11   1    2   2901.26503934      64690000.0 
 14   0   2   12   1    2   5023.24590706      59160000.0 
 14   0   2   13   1    2   11652.7331782      55390000.0 
 14   1   2    2   0    2   34.4712526477    2255000000.0 
 14   1   2    3   0    2   81.7736322051     719900000.0 
 14   1   2    3   2    2   85.9340529184      59630000.0 
 14   1   2    4   0    2   152.816951104     328200000.0 
 14   1   2    4   2    2   158.728592507      65980000.0 
 14   1   2    5   0    2   252.974294683     180600000.0 
 14   1   2    5   2    2   261.116189589      58730000.0 
 14   1   2    6   0    2   390.831506628     111700000.0 
 14   1   2    6   2    2   401.956278561      50340000.0 
 14   1   2    7   0    2   580.335413268      74960000.0 
 14   1   2    7   2    2   595.678796389      43140000.0 
 14   1   2    8   0    2   845.098372712      53360000.0 
 14   1   2    8   2    2   866.807610833      37410000.0 
 14   1   2    9   0    2   1227.85461934      39760000.0 
 14   1   2    9   2    2   1259.97527798      33010000.0 
 14   1   2   10   0    2   1813.95407721      30720000.0 
 14   1   2   10   2    2   1865.06883996      29730000.0 
 14   1   2   11   0    2   2801.14053855      24420000.0 
 14   1   2   11   2    2   2892.98471072      27420000.0 
 14   1   2   12   0    2   4773.53085385      19700000.0 
 14   1   2   12   2    2   4980.88055402      26010000.0 
 14   1   2   13   0    2   10541.8257117      15450000.0 
 14   1   2   13   2    2   11362.7152797      25130000.0 
 14   1   2   14   0    2   248776.150696         37220.0 
 14   2   2    2   1    2   36.4792302456    3854000000.0 
 14   2   2    3   1    2   84.7999967244    1387000000.0 
 14   2   2    4   1    2   157.091876472     639600000.0 
 14   2   2    4   3    2   158.764321842      10000000.0 
 14   2   2    5   1    2   258.811214631     348600000.0 
 14   2   2    5   3    2   261.127338353      14800000.0 
 14   2   2    6   1    2    398.70554489     212300000.0 
 14   2   2    6   3    2   401.879521749      16460000.0 
 14   2   2    7   1    2   591.001151823     140100000.0 
 14   2   2    7   3    2   595.386901145      16700000.0 
 14   2   2    8   1    2    859.82378306      98190000.0 
 14   2   2    8   3    2   866.036549148      16380000.0 
 14   2   2    9   1    2   1248.94404013      72070000.0 
 14   2   2    9   3    2   1258.14870246      15920000.0 
 14   2   2   10   1    2   1846.11637052      54910000.0 
 14   2   2   10   3    2   1860.78056371      15550000.0 
 14   2   2   11   1    2    2855.8397187      43120000.0 
 14   2   2   11   3    2     2882.224134      15390000.0 
 14   2   2   12   1    2   4888.61431499      34740000.0 
 14   2   2   12   3    2   4948.10110499      15560000.0 
 14   2   2   13   1    2   10952.9921392      27350000.0 
 14   2   2   13   3    2   11189.9778968      15950000.0 
 14   2   2   14   1    2   683621.185297          2149.0 
 14   3   2    3   2    2   85.9226362807    1213000000.0 
 14   3   2    4   2    2   158.689645949     750100000.0 
 14   3   2    5   2    2   261.010809727     452200000.0 
 14   3   2    5   4    2   261.123447401       2620000.0 
 14   3   2    6   2    2   401.706616166     288100000.0 
 14   3   2    6   4    2   401.869065238       4907000.0 
 14   3   2    7   2    2   595.130658534     194200000.0 
 14   3   2    7   4    2   595.362005998       6496000.0 
 14   3   2    8   2    2   865.647420918     137300000.0 
 14   3   2    8   4    2   865.981408238       7569000.0 
 14   3   2    9   2    2   1257.52540188     101100000.0 
 14   3   2    9   4    2   1258.02711904       8347000.0 
 14   3   2   10   2    2   1859.70588115      76980000.0 
 14   3   2   10   4    2     1860.510827       9010000.0 
 14   3   2   11   2    2   2880.10164317      60270000.0 
 14   3   2   11   4    2    2881.5679231       9714000.0 
 14   3   2   12   2    2   4942.81381196      48190000.0 
 14   3   2   12   4    2   4946.11368928      10620000.0 
 14   3   2   13   2    2   11166.5303222      38090000.0 
 14   3   2   13   4    2   11179.8189179      11780000.0 
 14   3   2   14   2    2   11990355.7895          0.4197 
 14   4   2    4   3    2   158.762164352     483500000.0 
 14   4   2    5   3    2   261.121501969     421200000.0 
 14   4   2    6   3    2   401.865698003     310900000.0 
 14   4   2    6   5    2    401.86871079        878000.0 
 14   4   2    7   3    2   595.356560462     225500000.0 
 14   4   2    7   5    2   595.361228058       1988000.0 
 14   4   2    8   3    2   865.972355923     166000000.0 
 14   4   2    8   5    2   865.979762348       3057000.0 
 14   4   2    9   3    2   1258.01322529     125000000.0 
 14   4   2    9   5    2   1258.02364557       4041000.0 
 14   4   2   10   3    2   1860.48423748      96250000.0 
 14   4   2   10   5    2   1860.50322992       4987000.0 
 14   4   2   11   3    2   2881.51325234      75660000.0 
 14   4   2   11   5    2   2881.54969928       5994000.0 
 14   4   2   12   3    2   4946.00630689      60330000.0 
 14   4   2   12   5    2   4946.08684325       7207000.0 
 14   4   2   13   3    2   11179.2703094      47300000.0 
 14   4   2   13   5    2   11179.5446069       8765000.0 
 14   5   2    5   4    2   261.123297752     219500000.0 
 14   5   2    6   4    2    401.86871079     248200000.0 
 14   5   2    7   4    2   595.361228058     216600000.0 
 14   5   2    7   6    2   595.361228058        355400.0 
 14   5   2    8   4    2   865.979762348     176300000.0 
 14   5   2    8   6    2   865.979762348        950200.0 
 14   5   2    9   4    2   1258.02364557     140800000.0 
 14   5   2    9   6    2   1258.02364557       1678000.0 
 14   5   2   10   4    2   1860.50322992     112500000.0 
 14   5   2   10   6    2   1860.50322992       2509000.0 
 14   5   2   11   4    2   2881.54969928      90500000.0 
 14   5   2   11   6    2   2881.54969928       3483000.0 
 14   5   2   12   4    2    4946.0599975      73050000.0 
 14   5   2   12   6    2   4946.08684325       4722000.0 
 14   5   2   13   4    2   11179.5446069      57440000.0 
 14   5   2   13   6    2   11179.5446069       6419000.0 
 14   6   2    6   5    2    401.86871079     112300000.0 
 14   6   2    7   5    2   595.361228058     156400000.0 
 14   6   2    8   5    2   865.979762348     157500000.0 
 14   6   2    8   7    2   865.979762348        172100.0 
 14   6   2    9   5    2   1258.02364557     142000000.0 
 14   6   2    9   7    2   1258.02364557        536500.0 
 14   6   2   10   5    2   1860.50322992     122300000.0 
 14   6   2   10   7    2   1860.50322992       1085000.0 
 14   6   2   11   5    2   2881.54969928     103300000.0 
 14   6   2   11   7    2   2881.54969928       1846000.0 
 14   6   2   12   5    2   4946.08684325      86100000.0 
 14   6   2   12   7    2   4946.08684325       2929000.0 
 14   6   2   13   5    2   11179.5446069      68950000.0 
 14   6   2   13   7    2   11179.5446069       4568000.0 
 14   7   2    7   6    2   595.361228058      64860000.0 
 14   7   2    8   6    2   865.979762348     107400000.0 
 14   7   2    9   6    2   1258.02364557     122500000.0 
 14   7   2    9   8    2   1258.02364557        100500.0 
 14   7   2   10   6    2   1860.50322992     121100000.0 
 14   7   2   10   8    2   1860.50322992        364100.0 
 14   7   2   11   6    2   2881.54969928     111600000.0 
 14   7   2   11   8    2   2881.54969928        849000.0 
 14   7   2   12   6    2   4946.08684325      98670000.0 
 14   7   2   12   8    2   4946.08684325       1674000.0 
 14   7   2   13   6    2   11179.5446069      82110000.0 
 14   7   2   13   8    2   11179.5446069       3112000.0 
 14   8   2    8   7    2   865.979762348      42880000.0 
 14   8   2    9   7    2   1258.02364557      82240000.0 
 14   8   2   10   7    2   1860.50322992     104600000.0 
 14   8   2   10   9    2   1860.50322992         72470.0 
 14   8   2   11   7    2   2881.54969928     112100000.0 
 14   8   2   11   9    2   2881.54969928        307100.0 
 14   8   2   12   7    2   4946.08684325     109300000.0 
 14   8   2   12   9    2   4946.08684325        842900.0 
 14   8   2   13   7    2   11179.5446069      97230000.0 
 14   8   2   13   9    2   11179.5446069       1988000.0 
 14   9   2    9   8    2   1258.02364557      33200000.0 
 14   9   2   10   8    2   1860.50322992      72290000.0 
 14   9   2   11   8    2   2881.54969928     101100000.0 
 14   9   2   11  10    2   2881.54969928         67410.0 
 14   9   2   12   8    2   4946.08684325     115900000.0 
 14   9   2   12  10    2   4946.08684325        341800.0 
 14   9   2   13   8    2   11179.5446069     114600000.0 
 14   9   2   13  10    2   11179.5446069       1147000.0 
 14  10   2   10   9    2   1860.50322992      31240000.0 
 14  10   2   11   9    2   2881.54969928      75900000.0 
 14  10   2   12   9    2   4946.08684325     114800000.0 
 14  10   2   12  11    2   4946.08684325         87180.0 
 14  10   2   13   9    2   11179.5446069     134600000.0 
 14  10   2   13  11    2   11179.5446069        553100.0 
 14  11   2   11  10    2   2881.54969928      37950000.0 
 14  11   2   12  10    2   4946.08684325     100900000.0 
 14  11   2   13  10    2   11179.5446069     157500000.0 
 14  11   2   13  12    2   11179.5446069        178400.0 
 14  12   2   12  11    2   4946.08684325      66370000.0 
 14  12   2   13  11    2   11179.5446069     183900000.0 
 14  13   2   13  12    2   11179.5446069     214300000.0 
 15   0   2    2   1    2    36.389329191     443200000.0 
 15   0   2    3   1    2   84.3157689329     361900000.0 
 15   0   2    4   1    2   155.438177359     253200000.0 
 15   0   2    5   1    2   254.352959106     181200000.0 
 15   0   2    6   1    2   388.222720861     134200000.0 
 15   0   2    7   1    2    568.25657466     103600000.0 
 15   0   2    8   1    2   812.510456558      82700000.0 
 15   0   2    9   1    2    1151.5420455      68020000.0 
 15   0   2   10   1    2   1640.95280627      57510000.0 
 15   0   2   11   1    2   2393.00805664      49940000.0 
 15   0   2   12   1    2   3672.67196247      45670000.0 
 15   0   2   13   1    2   6288.37329984      41640000.0 
 15   0   2   14   1    2   14453.5439665      39290000.0 
 15   1   2    2   0    2   34.3853736468    1721000000.0 
 15   1   2    3   0    2   81.2919980731     566700000.0 
 15   1   2    3   2    2   85.4023229372      54730000.0 
 15   1   2    4   0    2   151.143484191     262200000.0 
 15   1   2    4   2    2   156.923911451      52660000.0 
 15   1   2    5   0    2   248.421050336     145400000.0 
 15   1   2    5   2    2   256.267947912      47070000.0 
 15   1   2    6   0    2   380.069126452      90410000.0 
 15   1   2    6   2    2   390.581405715      40320000.0 
 15   1   2    7   0    2   556.918642812      60820000.0 
 15   1   2    7   2    2   571.033725608      34440000.0 
 15   1   2    8   0    2   796.338649732      43350000.0 
 15   1   2    8   2    2   815.586508729      29710000.0 
 15   1   2    9   0    2   1127.54618368      32320000.0 
 15   1   2    9   2    2   1154.57531428      26020000.0 
 15   1   2   10   0    2     1603.245383      24980000.0 
 15   1   2   10   2    2   1643.04460163      23190000.0 
 15   1   2   11   0    2   2328.55758616      19890000.0 
 15   1   2   11   2    2   2391.67657001      21080000.0 
 15   1   2   12   0    2   3546.83501736      16110000.0 
 15   1   2   12   2    2    3660.0450644      19730000.0 
 15   1   2   13   0    2   5976.81491733      13320000.0 
 15   1   2   13   2    2   6232.07889374      18750000.0 
 15   1   2   14   0    2    13076.571527      10640000.0 
 15   1   2   14   2    2   14086.4577762      18160000.0 
 15   1   2   15   0    2   306205.322581         26320.0 
 15   2   2    2   1    2   36.3834319198    2980000000.0 
 15   2   2    3   1    2    84.284114982    1097000000.0 
 15   2   2    4   1    2   155.330632861     511400000.0 
 15   2   2    4   3    2   156.965591891       8057000.0 
 15   2   2    5   1    2   254.065116404     280400000.0 
 15   2   2    5   3    2   256.296706301      11830000.0 
 15   2   2    6   1    2   387.552550931     171200000.0 
 15   2   2    6   3    2   390.550772365      13070000.0 
 15   2   2    7   1    2   566.821863582     113200000.0 
 15   2   2    7   3    2   570.854866192      13160000.0 
 15   2   2    8   1    2   809.580491896      79420000.0 
 15   2   2    8   3    2   815.086068796      12800000.0 
 15   2   2    9   1    2   1145.66564915      58320000.0 
 15   2   2    9   3    2   1153.40622176      12310000.0 
 15   2   2   10   1    2   1629.04579477      44440000.0 
 15   2   2   10   3    2   1640.45357581      11850000.0 
 15   2   2   11   1    2   2367.76993372      34920000.0 
 15   2   2   11   3    2   2385.87806526      11520000.0 
 15   2   2   12   1    2   3613.55793481      28660000.0 
 15   2   2   12   3    2    3645.9577737      11360000.0 
 15   2   2   13   1    2   6117.03568456      23340000.0 
 15   2   2   13   3    2   6190.25229264      11470000.0 
 15   2   2   14   1    2   13579.3142295      18680000.0 
 15   2   2   14   3    2   13870.5446132      11720000.0 
 15   2   2   15   1    2   841428.476453          1518.0 
 15   3   2    3   2    2   85.3931596228     999300000.0 
 15   3   2    4   2    2   156.892976285     602900000.0 
 15   3   2    5   2    2   256.185456529     363900000.0 
 15   3   2    5   4    2   256.293967129       2065000.0 
 15   3   2    6   2    2   390.389817025     232000000.0 
 15   3   2    6   4    2    390.54324031       3839000.0 
 15   3   2    7   2    2   570.624302975     156400000.0 
 15   3   2    7   4    2   570.836986413       5034000.0 
 15   3   2    8   2    2   814.751569122     110700000.0 
 15   3   2    8   4    2   815.047430625       5801000.0 
 15   3   2    9   2    2   1152.90278096      81460000.0 
 15   3   2    9   4    2   1153.32447394       6308000.0 
 15   3   2   10   2    2   1639.65956896      62000000.0 
 15   3   2   10   4    2    1640.2852648       6690000.0 
 15   3   2   11   2    2   2384.51082136      48560000.0 
 15   3   2   11   4    2   2385.51581152       7048000.0 
 15   3   2   12   2    2   3643.29023437      39090000.0 
 15   3   2   12   4    2   3645.08274033       7480000.0 
 15   3   2   13   2    2   6183.65739955      31870000.0 
 15   3   2   13   4    2    6187.7302913       8065000.0 
 15   3   2   14   2    2   13841.4703202      25680000.0 
 15   3   2   14   4    2   13857.8886219       8832000.0 
 15   3   2   15   2    2   14697855.4839          0.3004 
 15   4   2    4   3    2   156.963861523     385400000.0 
 15   4   2    5   3    2   256.292092992     335900000.0 
 15   4   2    6   3    2   390.540060197     248000000.0 
 15   4   2    6   5    2   390.542905559        674800.0 
 15   4   2    7   3    2   570.831980275     179900000.0 
 15   4   2    7   5    2   570.836271245       1510000.0 
 15   4   2    8   3    2   815.039411841     132500000.0 
 15   4   2    8   5    2   815.045972653       2291000.0 
 15   4   2    9   3    2   1153.31279663      99780000.0 
 15   4   2    9   5    2   1153.32155459       2976000.0 
 15   4   2   10   3    2   1640.26459741      76900000.0 
 15   4   2   10   5    2   1640.27935978       3595000.0 
 15   4   2   11   3    2   2385.47834327      60550000.0 
 15   4   2   11   5    2   2385.50332197       4199000.0 
 15   4   2   12   3    2   3645.02441971      48570000.0 
 15   4   2   12   5    2      3645.06816       4861000.0 
 15   4   2   13   3    2   6187.56223094      39480000.0 
 15   4   2   13   5    2   6187.64625998       5682000.0 
 15   4   2   14   3    2   13857.0457103      31520000.0 
 15   4   2   14   5    2   13857.4671533       6740000.0 
 15   5   2    5   4    2   256.293822963     171700000.0 
 15   5   2    6   4    2   390.542905559     194300000.0 
 15   5   2    7   4    2   570.836271245     169700000.0 
 15   5   2    7   6    2   570.836271245        263000.0 
 15   5   2    8   4    2   815.045972653     138200000.0 
 15   5   2    8   6    2   815.045972653        691600.0 
 15   5   2    9   4    2   1153.32155459     110500000.0 
 15   5   2    9   6    2   1153.32155459       1197000.0 
 15   5   2   10   4    2   1640.27935978      88420000.0 
 15   5   2   10   6    2   1640.27935978       1743000.0 
 15   5   2   11   4    2   2385.50332197      71310000.0 
 15   5   2   11   6    2   2385.50332197       2339000.0 
 15   5   2   12   4    2   3645.05357979      58040000.0 
 15   5   2   12   6    2      3645.06816       3028000.0 
 15   5   2   13   4    2   6187.64625998      47480000.0 
 15   5   2   13   6    2   6187.64625998       3903000.0 
 15   5   2   14   4    2   13857.4671533      37880000.0 
 15   5   2   14   6    2   13857.4671533       5089000.0 
 15   6   2    6   5    2   390.542905559      85420000.0 
 15   6   2    7   5    2   570.836271245     119100000.0 
 15   6   2    8   5    2   815.045972653     120000000.0 
 15   6   2    8   7    2   815.045972653        120600.0 
 15   6   2    9   5    2   1153.32155459     108300000.0 
 15   6   2    9   7    2   1153.32155459        367100.0 
 15   6   2   10   5    2   1640.27935978      93530000.0 
 15   6   2   10   7    2   1640.27935978        720200.0 
 15   6   2   11   5    2   2385.50332197      79290000.0 
 15   6   2   11   7    2   2385.50332197       1177000.0 
 15   6   2   12   5    2      3645.06816      66730000.0 
 15   6   2   12   7    2      3645.06816       1768000.0 
 15   6   2   13   5    2   6187.64625998      55790000.0 
 15   6   2   13   7    2   6187.64625998       2577000.0 
 15   6   2   14   5    2   13857.4671533      45010000.0 
 15   6   2   14   7    2   13857.4671533       3762000.0 
 15   7   2    7   6    2   570.836271245      47350000.0 
 15   7   2    8   6    2   815.045972653      78480000.0 
 15   7   2    9   6    2   1153.32155459      89650000.0 
 15   7   2    9   8    2   1153.32155459         65160.0 
 15   7   2   10   6    2   1640.27935978      88810000.0 
 15   7   2   10   8    2   1640.27935978        228000.0 
 15   7   2   11   6    2   2385.50332197      82270000.0 
 15   7   2   11   8    2   2385.50332197        507500.0 
 15   7   2   12   6    2      3645.06816      73520000.0 
 15   7   2   12   8    2      3645.06816        938400.0 
 15   7   2   13   6    2   6187.64625998      64050000.0 
 15   7   2   13   8    2   6187.64625998       1606000.0 
 15   7   2   14   6    2   13857.4671533      53080000.0 
 15   7   2   14   8    2   13857.4671533       2696000.0 
 15   8   2    8   7    2   815.045972653      29490000.0 
 15   8   2    9   7    2   1153.32155459      56660000.0 
 15   8   2   10   7    2   1640.27935978      72260000.0 
 15   8   2   10   9    2   1640.27935978         42080.0 
 15   8   2   11   7    2   2385.50332197      77850000.0 
 15   8   2   11   9    2   2385.50332197        169200.0 
 15   8   2   12   7    2      3645.06816      76830000.0 
 15   8   2   12   9    2      3645.06816        431200.0 
 15   8   2   13   7    2   6187.64625998      71670000.0 
 15   8   2   13   9    2   6187.64625998        920700.0 
 15   8   2   14   7    2   13857.4671533      62250000.0 
 15   8   2   14   9    2   13857.4671533       1847000.0 
 15   9   2    9   8    2   1153.32155459      20970000.0 
 15   9   2   10   8    2   1640.27935978      45790000.0 
 15   9   2   11   8    2   2385.50332197      64400000.0 
 15   9   2   11  10    2   2385.50332197         33370.0 
 15   9   2   12   8    2      3645.06816      74740000.0 
 15   9   2   12  10    2      3645.06816        155600.0 
 15   9   2   13   8    2   6187.64625998      77660000.0 
 15   9   2   13  10    2   6187.64625998        464600.0 
 15   9   2   14   8    2   13857.4671533      72680000.0 
 15   9   2   14  10    2   13857.4671533       1185000.0 
 15  10   2   10   9    2   1640.27935978      17440000.0 
 15  10   2   11   9    2   2385.50332197      42620000.0 
 15  10   2   12   9    2      3645.06816      65320000.0 
 15  10   2   12  11    2      3645.06816         34000.0 
 15  10   2   13   9    2   6187.64625998      80550000.0 
 15  10   2   13  11    2   6187.64625998        188500.0 
 15  10   2   14   9    2   13857.4671533      84560000.0 
 15  10   2   14  11    2   13857.4671533        686500.0 
 15  11   2   11  10    2   2385.50332197      17640000.0 
 15  11   2   12  10    2      3645.06816      47530000.0 
 15  11   2   13  10    2   6187.64625998      78160000.0 
 15  11   2   13  12    2   6187.64625998         48090.0 
 15  11   2   14  10    2   13857.4671533      98090000.0 
 15  11   2   14  12    2   13857.4671533        332200.0 
 15  12   2   12  11    2      3645.06816      23050000.0 
 15  12   2   13  11    2   6187.64625998      67290000.0 
 15  12   2   14  11    2   13857.4671533     113500000.0 
 15  12   2   14  13    2   13857.4671533        107400.0 
 15  13   2   13  12    2   6187.64625998      43390000.0 
 15  13   2   14  12    2   13857.4671533     131000000.0 
 15  14   2   14  13    2   13857.4671533     151000000.0 
100	0	0	0	0	0	1.0	1.0
# upper n l s  lower  n l s   Energy (Angstrom) Einstein A (s-1)
# File computed on 22/08/18 using the RAP package (Witthoeft, 2011) using AUTOSTRUCTURE and NIST data 