  2   1   1   2   1   2   0   0   2   1   209.278359702   3483333333.33 
  3   0   0   2   1   2   1   1   2   1   11.3705600275        2.59e+12 
  3   1   1   2   1   2   0   0   2   1   10.6336346027 7.35666666667e+12 
  3   2   2   2   1   2   1   1   2   1   11.1242631115       2.188e+13 
  4   0   0   2   1   2   1   1   2   1   8.34266953292        1.05e+12 
  4   0   0   2   1   3   1   1   2   1   32.7376065823       7.372e+11 
  4   1   1   2   1   2   0   0   2   1   7.98752149688        3.42e+12 
  4   1   1   2   1   3   0   0   2   1   30.7971467195 1.06666666667e+12 
  4   1   1   2   1   3   2   2   2   1   32.7215360111       1.273e+11 
  4   2   2   2   1   2   1   1   2   1   8.28846012341       7.154e+12 
  4   2   2   2   1   3   1   1   2   1   31.8605529735       2.436e+12 
  4   3   3   2   1   3   2   2   2   1    32.526915832       4.579e+12 
  5   0   0   2   1   2   1   1   2   1   7.46724051149       5.152e+11 
  5   0   0   2   1   3   1   1   2   1   22.1870407492       3.568e+11 
  5   0   0   2   1   4   1   1   2   1   70.9631240477       2.548e+11 
  5   1   1   2   1   2   0   0   2   1   7.16893355011         1.7e+12 
  5   1   1   2   1   3   0   0   2   1   21.3830465627         5.2e+11 
  5   1   1   2   1   3   2   2   2   1   22.2854097698   54570000000.0 
  5   1   1   2   1   4   0   0   2   1   67.3549108111        2.33e+11 
  5   1   1   2   1   4   2   2   2   1   70.7307158433   68190000000.0 
  5   2   2   2   1   2   1   1   2   1   7.41532660963       3.292e+12 
  5   2   2   2   1   3   1   1   2   1   21.9332257185      1.1492e+12 
  5   2   2   2   1   4   1   1   2   1   69.2574955033       4.894e+11 
  5   2   2   2   1   4   3   3   2   1   70.3400653663   16860000000.0 
  5   3   3   2   1   3   2   2   2   1    22.239149347        1.51e+12 
  5   3   3   2   1   4   2   2   2   1   70.2668107952       8.578e+11 
  5   4   4   2   1   4   3   3   2   1   70.3132017987       1.412e+12 
  6   0   0   2   1   2   1   1   2   1   7.05335274276       2.916e+11 
  6   0   0   2   1   3   1   1   2   1   18.8930117092       1.985e+11 
  6   0   0   2   1   4   1   1   2   1   45.5578908761       1.392e+11 
  6   0   0   2   1   5   1   1   2   1   130.914062424       1.048e+11 
  6   1   1   2   1   2   0   0   2   1    6.7869938431        1.02e+12 
  6   1   1   2   1   3   0   0   2   1   18.4819843898       3.106e+11 
  6   1   1   2   1   3   2   2   2   1   18.9979121874   28510000000.0 
  6   1   1   2   1   4   0   0   2   1   44.0594559051        1.46e+11 
  6   1   1   2   1   4   2   2   2   1   45.6556707302   33940000000.0 
  6   1   1   2   1   5   0   0   2   1   125.240706148   74370000000.0 
  6   1   1   2   1   5   2   2   2   1   130.260151267   34460000000.0 
  6   2   2   2   1   2   1   1   2   1   7.01246136293       1.792e+12 
  6   2   2   2   1   3   1   1   2   1   18.7475217731       6.348e+11 
  6   2   2   2   1   4   1   1   2   1    45.072809589       2.788e+11 
  6   2   2   2   1   4   3   3   2   1   45.5699482334    7169000000.0 
  6   2   2   2   1   5   1   1   2   1   127.948445596       1.459e+11 
  6   2   2   2   1   5   3   3   2   1   129.494976985   13050000000.0 
  6   3   3   2   1   3   2   2   2   1   18.9784700266       7.136e+11 
  6   3   3   2   1   4   2   2   2   1   45.5435466147       4.275e+11 
  6   3   3   2   1   5   2   2   2   1   129.351576317       2.399e+11 
  6   3   3   2   1   5   4   4   2   1    129.44252004    3775000000.0 
  6   4   4   2   1   4   3   3   2   1   45.5630939188       4.557e+11 
  6   4   4   2   1   5   3   3   2   1   129.439642928        3.67e+11 
  6   5   5   2   1   5   4   4   2   1   129.441329116        5.46e+11 
  7   0   0   2   1   2   1   1   2   1   6.82585007162       1.807e+11 
  7   0   0   2   1   3   1   1   2   1   17.3445568363       1.218e+11 
  7   0   0   2   1   4   1   1   2   1   37.4876579427   83890000000.0 
  7   0   0   2   1   5   1   1   2   1   80.8802969615   62190000000.0 
  7   0   0   2   1   6   1   1   2   1   217.438778493   49090000000.0 
  7   1   1   2   1   2   0   0   2   1   6.65068893657       6.067e+11 
  7   1   1   2   1   3   0   0   2   1   17.0111406741       1.966e+11 
  7   1   1   2   1   3   2   2   2   1    17.447249484   16850000000.0 
  7   1   1   2   1   4   0   0   2   1    36.780485132   90370000000.0 
  7   1   1   2   1   4   2   2   2   1   37.6203677318   19410000000.0 
  7   1   1   2   1   5   0   0   2   1   78.9709396793   49840000000.0 
  7   1   1   2   1   5   2   2   2   1   80.9375391867   18980000000.0 
  7   1   1   2   1   6   0   0   2   1   208.133105564   29730000000.0 
  7   1   1   2   1   6   2   2   2   1   216.096202888   18240000000.0 
  7   2   2   2   1   2   1   1   2   1   6.78835876161      1.0912e+12 
  7   2   2   2   1   3   1   1   2   1   17.2270884481       3.884e+11 
  7   2   2   2   1   4   1   1   2   1   37.1829375842       1.782e+11 
  7   2   2   2   1   4   3   3   2   1   37.5887745575    3757000000.0 
  7   2   2   2   1   5   1   1   2   1   80.1600084814   95300000000.0 
  7   2   2   2   1   5   3   3   2   1   80.7643020906    6387000000.0 
  7   2   2   2   1   6   1   1   2   1   212.310005943   55080000000.0 
  7   2   2   2   1   6   3   3   2   1   214.768782551    8427000000.0 
  7   3   3   2   1   3   2   2   2   1   17.4369301124       4.014e+11 
  7   3   3   2   1   4   2   2   2   1   37.5724221622       2.439e+11 
  7   3   3   2   1   5   2   2   2   1   80.7159413255       1.438e+11 
  7   3   3   2   1   5   4   4   2   1   80.7513437593    1544000000.0 
  7   3   3   2   1   6   2   2   2   1   214.523745953   86020000000.0 
  7   3   3   2   1   6   4   4   2   1   214.675776447    3686000000.0 
  7   4   4   2   1   4   3   3   2   1   37.5857532351       2.144e+11 
  7   4   4   2   1   5   3   3   2   1   80.7503551317        1.82e+11 
  7   4   4   2   1   6   3   3   2   1   214.670186726       1.249e+11 
  7   4   4   2   1   6   5   5   2   1   214.673462277    1113000000.0 
  7   5   5   2   1   5   4   4   2   1   80.7510150486       1.689e+11 
  7   5   5   2   1   6   4   4   2   1   214.673453296       1.767e+11 
  7   6   6   2   1   6   5   5   2   1   214.673484959       2.459e+11 
  8   0   0   2   1   2   1   1   2   1    6.6861543493       1.195e+11 
  8   0   0   2   1   3   1   1   2   1   16.4701553864   80130000000.0 
  8   0   0   2   1   4   1   1   2   1   33.6288729109   54560000000.0 
  8   0   0   2   1   5   1   1   2   1   64.8304250476   39750000000.0 
  8   0   0   2   1   6   1   1   2   1   130.549982135   30940000000.0 
  8   0   0   2   1   7   1   1   2   1   335.385898843   25360000000.0 
  8   1   1   2   1   2   0   0   2   1   6.51911879203       4.059e+11 
  8   1   1   2   1   3   0   0   2   1   16.1760973485        1.32e+11 
  8   1   1   2   1   3   2   2   2   1   16.5699459395   10800000000.0 
  8   1   1   2   1   4   0   0   2   1   33.0874566292   60880000000.0 
  8   1   1   2   1   4   2   2   2   1   33.7655911243   12210000000.0 
  8   1   1   2   1   5   0   0   2   1     63.70445825   33850000000.0 
  8   1   1   2   1   5   2   2   2   1   64.9780646206   11590000000.0 
  8   1   1   2   1   6   0   0   2   1   127.563707537   21070000000.0 
  8   1   1   2   1   6   2   2   2   1   130.511310658   10820000000.0 
  8   1   1   2   1   7   0   0   2   1    321.14395001   13690000000.0 
  8   1   1   2   1   7   2   2   2   1   333.025786874   10230000000.0 
  8   2   2   2   1   2   1   1   2   1   6.68283678722       7.082e+11 
  8   2   2   2   1   3   1   1   2   1   16.4500391636       2.549e+11 
  8   2   2   2   1   4   1   1   2   1   33.5451154683       1.174e+11 
  8   2   2   2   1   4   3   3   2   1   33.7521496379    2242000000.0 
  8   2   2   2   1   5   1   1   2   1   64.5198589226   63780000000.0 
  8   2   2   2   1   5   3   3   2   1   64.9107727122    3636000000.0 
  8   2   2   2   1   6   1   1   2   1   129.296707964   38540000000.0 
  8   2   2   2   1   6   3   3   2   1   130.204509574    4547000000.0 
  8   2   2   2   1   7   1   1   2   1   327.237181611   24300000000.0 
  8   2   2   2   1   7   3   3   2   1   330.910250865    5318000000.0 
  8   3   3   2   1   3   2   2   2   1   16.5637139945       2.506e+11 
  8   3   3   2   1   4   2   2   2   1   33.7397232543       1.533e+11 
  8   3   3   2   1   5   2   2   2   1   64.8823368262   91460000000.0 
  8   3   3   2   1   5   4   4   2   1   64.9052101928     792700000.0 
  8   3   3   2   1   6   2   2   2   1   130.125693805   57270000000.0 
  8   3   3   2   1   6   4   4   2   1   130.181616102    1739000000.0 
  8   3   3   2   1   7   2   2   2   1   330.526426678   36500000000.0 
  8   3   3   2   1   7   4   4   2   1   330.760221613    2812000000.0 
  8   4   4   2   1   4   3   3   2   1   33.7504896789       1.209e+11 
  8   4   4   2   1   5   3   3   2   1   64.9046335609       1.041e+11 
  8   4   4   2   1   6   3   3   2   1   130.179810225   75100000000.0 
  8   4   4   2   1   6   5   5   2   1   130.181014777     433400000.0 
  8   4   4   2   1   7   3   3   2   1   330.750763264   50990000000.0 
  8   4   4   2   1   7   5   5   2   1   330.756278003    1280000000.0 
  8   5   5   2   1   5   4   4   2   1   64.9050569231   77620000000.0 
  8   5   5   2   1   6   4   4   2   1   130.180999514   85570000000.0 
  8   5   5   2   1   7   4   4   2   1   330.756241279   69440000000.0 
  8   5   5   2   1   7   6   6   2   1   330.756187436     395000000.0 
  8   6   6   2   1   6   5   5   2   1   130.180992586   72220000000.0 
  8   6   6   2   1   7   5   5   2   1   330.756134757   93150000000.0 
  8   7   7   2   1   7   6   6   2   1   330.756184735       1.236e+11 
  9   0   0   2   1   2   1   1   2   1   6.59377320966   82960000000.0 
  9   0   0   2   1   3   1   1   2   1    15.920699594   55520000000.0 
  9   0   0   2   1   4   1   1   2   1   31.4151447541   37520000000.0 
  9   0   0   2   1   5   1   1   2   1   57.0766962302   27010000000.0 
  9   0   0   2   1   6   1   1   2   1   102.508061829   20680000000.0 
  9   0   0   2   1   7   1   1   2   1   196.964044231   16740000000.0 
  9   0   0   2   1   8   1   1   2   1   489.604182603   14140000000.0 
  9   1   1   2   1   2   0   0   2   1   6.43192050579       2.846e+11 
  9   1   1   2   1   3   0   0   2   1   15.6496478599   92750000000.0 
  9   1   1   2   1   3   2   2   2   1   16.0179862096    7500000000.0 
  9   1   1   2   1   4   0   0   2   1   30.9573307037   42850000000.0 
  9   1   1   2   1   4   2   2   2   1   31.5501787945    8212000000.0 
  9   1   1   2   1   5   0   0   2   1    56.252202591   23870000000.0 
  9   1   1   2   1   5   2   2   2   1   57.2429435421    7650000000.0 
  9   1   1   2   1   6   0   0   2   1   100.818510754   14950000000.0 
  9   1   1   2   1   6   2   2   2   1    102.65080991    6949000000.0 
  9   1   1   2   1   7   0   0   2   1   192.549801591   10110000000.0 
  9   1   1   2   1   7   2   2   2   1   196.758844134    6415000000.0 
  9   1   1   2   1   8   0   0   2   1   468.920908441    6996000000.0 
  9   1   1   2   1   8   2   2   2   1   485.835868546    6052000000.0 
  9   2   2   2   1   2   1   1   2   1   6.59151068572       4.901e+11 
  9   2   2   2   1   3   1   1   2   1    15.907515851       1.768e+11 
  9   2   2   2   1   4   1   1   2   1   31.3638535729   81650000000.0 
  9   2   2   2   1   4   3   3   2   1    31.544765844    1460000000.0 
  9   2   2   2   1   5   1   1   2   1   56.9076118829   44540000000.0 
  9   2   2   2   1   5   3   3   2   1   57.2115075831    2293000000.0 
  9   2   2   2   1   6   1   1   2   1    101.96396156   27160000000.0 
  9   2   2   2   1   6   3   3   2   1   102.527683974    2754000000.0 
  9   2   2   2   1   7   1   1   2   1   194.965020863   17840000000.0 
  9   2   2   2   1   7   3   3   2   1   196.262950882    3085000000.0 
  9   2   2   2   1   8   1   1   2   1   477.435760077   12000000000.0 
  9   2   2   2   1   8   3   3   2   1   482.668250894    3404000000.0 
  9   3   3   2   1   3   2   2   2   1   16.0138977846       1.685e+11 
  9   3   3   2   1   4   2   2   2   1    31.534321234        1.03e+11 
  9   3   3   2   1   5   2   2   2   1   57.1907641612   61780000000.0 
  9   3   3   2   1   5   4   4   2   1   57.2085351164     468100000.0 
  9   3   3   2   1   6   2   2   2   1   102.483135862   39100000000.0 
  9   3   3   2   1   6   4   4   2   1   102.517819453     970200000.0 
  9   3   3   2   1   7   2   2   2   1   196.143724281   26000000000.0 
  9   3   3   2   1   7   4   4   2   1   196.226033159    1465000000.0 
  9   3   3   2   1   8   2   2   2   1   482.102677779   17490000000.0 
  9   3   3   2   1   8   4   4   2   1   482.441600077    2012000000.0 
  9   4   4   2   1   4   3   3   2   1    31.543735423   75990000000.0 
  9   4   4   2   1   5   3   3   2   1   57.2081182417   65750000000.0 
  9   4   4   2   1   6   3   3   2   1   102.516799425   48050000000.0 
  9   4   4   2   1   7   3   3   2   1   196.223070194   34200000000.0 
  9   4   4   2   1   7   5   5   2   1   196.225011171     577900000.0 
  9   4   4   2   1   8   3   3   2   1   482.427118975   23700000000.0 
  9   4   4   2   1   8   5   5   2   1   482.435586748    1104000000.0 
  9   5   5   2   1   5   4   4   2   1   57.2084455794   43230000000.0 
  9   5   5   2   1   6   4   4   2   1   102.517531926   48310000000.0 
  9   5   5   2   1   7   4   4   2   1    196.22497976   41230000000.0 
  9   5   5   2   1   8   4   4   2   1   482.435232626   31340000000.0 
  9   5   5   2   1   8   6   6   2   1   482.435537378     512800000.0 
  9   6   6   2   1   6   5   5   2   1   102.517541951   32110000000.0 
  9   6   6   2   1   7   5   5   2   1   196.224994739   43640000000.0 
  9   6   6   2   1   8   5   5   2   1    482.43548742   40860000000.0 
  9   6   6   2   1   8   7   7   2   1   482.435493167     160500000.0 
  9   7   7   2   1   7   6   6   2   1   196.224955975   34360000000.0 
  9   7   7   2   1   8   6   6   2   1   482.435508159   52740000000.0 
  9   8   8   2   1   8   7   7   2   1   482.435491685   67580000000.0 
 10   0   0   2   1   2   1   1   2   1   6.52931863724   59790000000.0 
 10   0   0   2   1   3   1   1   2   1   15.5500647777   40030000000.0 
 10   0   0   2   1   4   1   1   2   1    30.004004595   26930000000.0 
 10   0   0   2   1   5   1   1   2   1   52.5834543082   19230000000.0 
 10   0   0   2   1   6   1   1   2   1   88.8696621284   14550000000.0 
 10   0   0   2   1   7   1   1   2   1   152.110400773   11580000000.0 
 10   0   0   2   1   8   1   1   2   1   282.520205899    9676000000.0 
 10   0   0   2   1   9   1   1   2   1    684.94246109    8372000000.0 
 10   1   1   2   1   2   0   0   2   1   6.37098654216        2.07e+11 
 10   1   1   2   1   3   0   0   2   1   15.2937457931   67590000000.0 
 10   1   1   2   1   3   2   2   2   1   15.6453330556    5350000000.0 
 10   1   1   2   1   4   0   0   2   1   29.5949658749   31260000000.0 
 10   1   1   2   1   4   2   2   2   1   30.1363259735    5786000000.0 
 10   1   1   2   1   5   0   0   2   1   51.9100687181   17420000000.0 
 10   1   1   2   1   5   2   2   2   1   52.7526158962    5335000000.0 
 10   1   1   2   1   6   0   0   2   1   87.6745593991   10920000000.0 
 10   1   1   2   1   6   2   2   2   1   89.0569640992    4760000000.0 
 10   1   1   2   1   7   0   0   2   1   149.690170266    7421000000.0 
 10   1   1   2   1   7   2   2   2   1   152.221657291    4289000000.0 
 10   1   1   2   1   8   0   0   2   1   276.276706904    5332000000.0 
 10   1   1   2   1   8   2   2   2   1   282.062615991    3964000000.0 
 10   1   1   2   1   9   0   0   2   1   656.111684152    3869000000.0 
 10   1   1   2   1   9   2   2   2   1   679.313514336    3749000000.0 
 10   2   2   2   1   2   1   1   2   1   6.52770327172       3.533e+11 
 10   2   2   2   1   3   1   1   2   1   15.5409057142       1.277e+11 
 10   2   2   2   1   4   1   1   2   1   29.9699239815   59080000000.0 
 10   2   2   2   1   4   3   3   2   1   30.1350703969    1008000000.0 
 10   2   2   2   1   5   1   1   2   1    52.478867693   32280000000.0 
 10   2   2   2   1   5   3   3   2   1   52.7371961766    1551000000.0 
 10   2   2   2   1   6   1   1   2   1   88.5713373883   19740000000.0 
 10   2   2   2   1   6   3   3   2   1   88.9963903529    1814000000.0 
 10   2   2   2   1   7   1   1   2   1    151.23850649   13060000000.0 
 10   2   2   2   1   7   3   3   2   1   152.018362967    1961000000.0 
 10   2   2   2   1   8   1   1   2   1   279.527141665    9135000000.0 
 10   2   2   2   1   8   3   3   2   1   281.312634117    2088000000.0 
 10   2   2   2   1   9   1   1   2   1   667.611585911    6461000000.0 
 10   2   2   2   1   9   3   3   2   1   674.791922527    2232000000.0 
 10   3   3   2   1   3   2   2   2   1   15.6424905972       1.188e+11 
 10   3   3   2   1   4   2   2   2   1    30.125781327   72780000000.0 
 10   3   3   2   1   5   2   2   2   1   52.7203141953   43760000000.0 
 10   3   3   2   1   6   2   2   2   1   88.9649424124   27800000000.0 
 10   3   3   2   1   6   4   4   2   1   88.9910783246     605200000.0 
 10   3   3   2   1   7   2   2   2   1   151.953005869   18660000000.0 
 10   3   3   2   1   7   4   4   2   1   152.002400003     870100000.0 
 10   3   3   2   1   8   2   2   2   1   281.141585473   13060000000.0 
 10   3   3   2   1   8   4   4   2   1   281.256809748    1129000000.0 
 10   3   3   2   1   9   2   2   2   1   673.995729019    9187000000.0 
 10   3   3   2   1   9   4   4   2   1   674.466480584    1422000000.0 
 10   4   4   2   1   4   3   3   2   1   30.1343791342   51300000000.0 
 10   4   4   2   1   5   3   3   2   1   52.7350791548   44520000000.0 
 10   4   4   2   1   6   3   3   2   1   88.9903616476   32690000000.0 
 10   4   4   2   1   7   3   3   2   1   152.000773587   23530000000.0 
 10   4   4   2   1   7   5   5   2   1   152.001938279     313700000.0 
 10   4   4   2   1   8   3   3   2   1   281.252406709   17060000000.0 
 10   4   4   2   1   8   5   5   2   1   281.255284737     553000000.0 
 10   4   4   2   1   9   3   3   2   1   674.445484611   12150000000.0 
 10   4   4   2   1   9   5   5   2   1   674.457929286     870600000.0 
 10   5   5   2   1   5   4   4   2   1   52.7353591763   26980000000.0 
 10   5   5   2   1   6   4   4   2   1   88.9909189307   30320000000.0 
 10   5   5   2   1   7   4   4   2   1   152.001934975   26210000000.0 
 10   5   5   2   1   8   4   4   2   1     281.2552176   20910000000.0 
 10   5   5   2   1   8   6   6   2   1   281.255321179     220900000.0 
 10   5   5   2   1   9   4   4   2   1    674.45732482   15690000000.0 
 10   5   5   2   1   9   6   6   2   1   674.457518954     486600000.0 
 10   6   6   2   1   6   5   5   2   1   88.9909205028   17490000000.0 
 10   6   6   2   1   7   5   5   2   1   152.001926509   24100000000.0 
 10   6   6   2   1   8   5   5   2   1   281.255244441   23750000000.0 
 10   6   6   2   1   9   5   5   2   1   674.457697563   19990000000.0 
 10   6   6   2   1   9   7   7   2   1    674.45775467     228900000.0 
 10   7   7   2   1   7   6   6   2   1     152.0019232   14700000000.0 
 10   7   7   2   1   8   6   6   2   1   281.255319799   23770000000.0 
 10   7   7   2   1   9   6   6   2   1   674.457511017   25240000000.0 
 10   7   7   2   1   9   8   8   2   1   674.457513912      72310000.0 
 10   8   8   2   1   8   7   7   2   1   281.255237601   17760000000.0 
 10   8   8   2   1   9   7   7   2   1   674.457704103   31630000000.0 
 10   9   9   2   1   9   8   8   2   1   674.457513114   39430000000.0 
 11   0   0   2   1   2   1   1   2   1     6.482478395   44360000000.0 
 11   0   0   2   1   3   1   1   2   1   15.2869988352   29780000000.0 
 11   0   0   2   1   4   1   1   2   1   29.0397702627   19980000000.0 
 11   0   0   2   1   5   1   1   2   1   49.6918147264   14190000000.0 
 11   0   0   2   1   6   1   1   2   1   80.9121474566   10650000000.0 
 11   0   0   2   1   7   1   1   2   1   130.194395713    8380000000.0 
 11   0   0   2   1   8   1   1   2   1   215.228742439    6889000000.0 
 11   0   0   2   1   9   1   1   2   1   389.616501605    5901000000.0 
 11   0   0   2   1  10   1   1   2   1   926.249580926    5209000000.0 
 11   1   1   2   1   2   0   0   2   1   6.32665260448       1.551e+11 
 11   1   1   2   1   3   0   0   2   1   15.0407352811   50740000000.0 
 11   1   1   2   1   3   2   2   2   1   15.3806565945    3960000000.0 
 11   1   1   2   1   4   0   0   2   1   28.6619704417   23480000000.0 
 11   1   1   2   1   4   2   2   2   1   29.1694426571    4317000000.0 
 11   1   1   2   1   5   0   0   2   1   49.1062861907   13090000000.0 
 11   1   1   2   1   5   2   2   2   1   49.8596151043    3872000000.0 
 11   1   1   2   1   6   0   0   2   1   79.9633871442    8199000000.0 
 11   1   1   2   1   6   2   2   2   1   81.1117219456    3418000000.0 
 11   1   1   2   1   7   0   0   2   1   128.528566563    5571000000.0 
 11   1   1   2   1   7   2   2   2   1   130.390445376    3028000000.0 
 11   1   1   2   1   8   0   0   2   1   211.888391185    4018000000.0 
 11   1   1   2   1   8   2   2   2   1   215.275138902    2736000000.0 
 11   1   1   2   1   9   0   0   2   1   381.092200275    3024000000.0 
 11   1   1   2   1   9   2   2   2   1   388.805436035    2544000000.0 
 11   1   1   2   1  10   0   0   2   1   887.363977575    2278000000.0 
 11   1   1   2   1  10   2   2   2   1   918.245826737    2416000000.0 
 11   2   2   2   1   2   1   1   2   1   6.48128320817       2.631e+11 
 11   2   2   2   1   3   1   1   2   1   15.2803539212   95260000000.0 
 11   2   2   2   1   4   1   1   2   1   29.0158006257   44100000000.0 
 11   2   2   2   1   4   3   3   2   1    29.170572059     725100000.0 
 11   2   2   2   1   5   1   1   2   1   49.6216708178   24140000000.0 
 11   2   2   2   1   5   3   3   2   1   49.8525739221    1105000000.0 
 11   2   2   2   1   6   1   1   2   1   80.7263401818   14770000000.0 
 11   2   2   2   1   6   3   3   2   1   81.0792815872    1268000000.0 
 11   2   2   2   1   7   1   1   2   1   129.713984856    9791000000.0 
 11   2   2   2   1   7   3   3   2   1   130.287235993    1337000000.0 
 11   2   2   2   1   8   1   1   2   1   213.919007643    6887000000.0 
 11   2   2   2   1   8   3   3   2   1   214.963146319    1379000000.0 
 11   2   2   2   1   9   1   1   2   1   385.345581491    5054000000.0 
 11   2   2   2   1   9   3   3   2   1   387.726954582    1431000000.0 
 11   2   2   2   1  10   1   1   2   1   902.470516205    3720000000.0 
 11   2   2   2   1  10   3   3   2   1   912.030247067    1502000000.0 
 11   3   3   2   1   3   2   2   2   1   15.3785932028   87110000000.0 
 11   3   3   2   1   4   2   2   2   1   29.1620221094   53630000000.0 
 11   3   3   2   1   5   2   2   2   1    49.837938104   32160000000.0 
 11   3   3   2   1   6   2   2   2   1   81.0543697233   20470000000.0 
 11   3   3   2   1   6   4   4   2   1   81.0760638104     406900000.0 
 11   3   3   2   1   7   2   2   2   1   130.242300027   13780000000.0 
 11   3   3   2   1   7   4   4   2   1   130.278586164     566500000.0 
 11   3   3   2   1   8   2   2   2   1   214.871620697    9722000000.0 
 11   3   3   2   1   8   4   4   2   1   214.938919907     704100000.0 
 11   3   3   2   1   9   2   2   2   1   387.491166832    7102000000.0 
 11   3   3   2   1   9   4   4   2   1   387.646717605     845000000.0 
 11   3   3   2   1  10   2   2   2   1   910.948846843    5185000000.0 
 11   3   3   2   1  10   4   4   2   1    911.58096451    1009000000.0 
 11   4   4   2   1   4   3   3   2   1    29.170082444   36470000000.0 
 11   4   4   2   1   5   3   3   2   1    49.851143926   31700000000.0 
 11   4   4   2   1   6   3   3   2   1   81.0754991506   23330000000.0 
 11   4   4   2   1   7   3   3   2   1   130.277469395   16870000000.0 
 11   4   4   2   1   7   5   5   2   1   130.278324969     192100000.0 
 11   4   4   2   1   8   3   3   2   1   214.936560721   12350000000.0 
 11   4   4   2   1   8   5   5   2   1   214.938241545     320200000.0 
 11   4   4   2   1   9   3   3   2   1   387.640472281    9177000000.0 
 11   4   4   2   1   9   5   5   2   1   387.644583254     470900000.0 
 11   4   4   2   1  10   3   3   2   1   911.551878358    6719000000.0 
 11   4   4   2   1  10   5   5   2   1   911.568602755     664700000.0 
 11   5   5   2   1   5   4   4   2   1    49.851394327   18160000000.0 
 11   5   5   2   1   6   4   4   2   1   81.0759621594   20470000000.0 
 11   5   5   2   1   7   4   4   2   1   130.278323698   17780000000.0 
 11   5   5   2   1   8   4   4   2   1   214.938205484   14360000000.0 
 11   5   5   2   1   8   6   6   2   1   214.938265976     116100000.0 
 11   5   5   2   1   9   4   4   2   1   387.644393817   11280000000.0 
 11   5   5   2   1   9   6   6   2   1   387.644457946     233600000.0 
 11   5   5   2   1  10   4   4   2   1   911.568114266    8510000000.0 
 11   5   5   2   1  10   6   6   2   1   911.568537556     414100000.0 
 11   6   6   2   1   6   5   5   2   1   81.0759645463   10760000000.0 
 11   6   6   2   1   7   5   5   2   1   130.278320273   14900000000.0 
 11   6   6   2   1   8   5   5   2   1   214.938228764   14880000000.0 
 11   6   6   2   1   9   5   5   2   1   387.644541683   13160000000.0 
 11   6   6   2   1   9   7   7   2   1   387.644560547      93960000.0 
 11   6   6   2   1  10   5   5   2   1   911.568372873   10640000000.0 
 11   6   6   2   1  10   7   7   2   1   911.568387371     234200000.0 
 11   7   7   2   1   7   6   6   2   1   130.278313928    7792000000.0 
 11   7   7   2   1   8   6   6   2   1   214.938262118   12770000000.0 
 11   7   7   2   1   9   6   6   2   1   387.644445398   14270000000.0 
 11   7   7   2   1  10   6   6   2   1   911.568468163   13190000000.0 
 11   7   7   2   1  10   8   8   2   1   911.568560535     111200000.0 
 11   8   8   2   1   8   7   7   2   1   214.938229687    7292000000.0 
 11   8   8   2   1   9   7   7   2   1   387.644559838   13680000000.0 
 11   8   8   2   1  10   7   7   2   1    911.56838345   16230000000.0 
 11   9   9   2   1   9   8   8   2   1   387.644455621    9803000000.0 
 11   9   9   2   1  10   8   8   2   1   911.568611783   19880000000.0 
 11  10  10   2   1  10   9   9   2   1   911.568384909   24240000000.0 
 12   0   0   2   1   2   1   1   2   1   6.44732702745   33650000000.0 
 12   0   0   2   1   3   1   1   2   1   15.0929470118   22710000000.0 
 12   0   0   2   1   4   1   1   2   1   28.3474164184   15230000000.0 
 12   0   0   2   1   5   1   1   2   1   47.6983451265   10780000000.0 
 12   0   0   2   1   6   1   1   2   1   75.7568127074    8039000000.0 
 12   0   0   2   1   7   1   1   2   1   117.345116701    6275000000.0 
 12   0   0   2   1   8   1   1   2   1   182.240021679    5099000000.0 
 12   0   0   2   1   9   1   1   2   1   293.455155458    4301000000.0 
 12   0   0   2   1  10   1   1   2   1   520.651129825    3762000000.0 
 12   0   0   2   1  11   1   1   2   1   1218.37441261    3376000000.0 
 12   1   1   2   1   2   0   0   2   1    6.2933516012        1.19e+11 
 12   1   1   2   1   3   0   0   2   1   14.8538779026   39010000000.0 
 12   1   1   2   1   3   2   2   2   1   15.1853126523    3016000000.0 
 12   1   1   2   1   4   0   0   2   1   27.9909661968   18070000000.0 
 12   1   1   2   1   4   2   2   2   1   28.4747551895    3263000000.0 
 12   1   1   2   1   5   0   0   2   1   47.1689943825   10070000000.0 
 12   1   1   2   1   5   2   2   2   1   47.8636362102    2942000000.0 
 12   1   1   2   1   6   0   0   2   1   74.9507258627    6307000000.0 
 12   1   1   2   1   6   2   2   2   1   75.9586945922    2542000000.0 
 12   1   1   2   1   7   0   0   2   1   116.053075428    4281000000.0 
 12   1   1   2   1   7   2   2   2   1   117.568921722    2229000000.0 
 12   1   1   2   1   8   0   0   2   1   179.990742774    3085000000.0 
 12   1   1   2   1   8   2   2   2   1   182.428694629    1981000000.0 
 12   1   1   2   1   9   0   0   2   1   288.982890961    2328000000.0 
 12   1   1   2   1   9   2   2   2   1   293.396576531    1803000000.0 
 12   1   1   2   1  10   0   0   2   1     509.3442142    1817000000.0 
 12   1   1   2   1  10   2   2   2   1   519.370290842    1687000000.0 
 12   1   1   2   1  11   0   0   2   1   1167.32549835    1411000000.0 
 12   1   1   2   1  11   2   2   2   1   1207.41992739    1611000000.0 
 12   2   2   2   1   2   1   1   2   1   6.44641706082       2.011e+11 
 12   2   2   2   1   3   1   1   2   1   15.0879612448   72940000000.0 
 12   2   2   2   1   4   1   1   2   1   28.3298337462   33810000000.0 
 12   2   2   2   1   4   3   3   2   1   28.4773551298     542300000.0 
 12   2   2   2   1   5   1   1   2   1   47.6485850897   18500000000.0 
 12   2   2   2   1   5   3   3   2   1   47.8614512736     815300000.0 
 12   2   2   2   1   6   1   1   2   1   75.6313683809   11330000000.0 
 12   2   2   2   1   6   3   3   2   1   75.9410790574     926100000.0 
 12   2   2   2   1   7   1   1   2   1   117.044410025    7514000000.0 
 12   2   2   2   1   7   3   3   2   1   117.510946122     959800000.0 
 12   2   2   2   1   8   1   1   2   1   181.515776675    5290000000.0 
 12   2   2   2   1   8   3   3   2   1   182.266996799     968100000.0 
 12   2   2   2   1   9   1   1   2   1   291.581759977    3900000000.0 
 12   2   2   2   1   9   3   3   2   1   292.943188425     975700000.0 
 12   2   2   2   1  10   1   1   2   1   514.783017771    2974000000.0 
 12   2   2   2   1  10   3   3   2   1    517.87941207     998600000.0 
 12   2   2   2   1  11   1   1   2   1   1186.71842789    2262000000.0 
 12   2   2   2   1  11   3   3   2   1   1199.13223405    1036000000.0 
 12   3   3   2   1   3   2   2   2   1   15.1837637614   65890000000.0 
 12   3   3   2   1   4   2   2   2   1   28.4693094787   40570000000.0 
 12   3   3   2   1   5   2   2   2   1   47.8482514971   24440000000.0 
 12   3   3   2   1   6   2   2   2   1    75.919955354   15520000000.0 
 12   3   3   2   1   6   4   4   2   1   75.9389877312     288800000.0 
 12   3   3   2   1   7   2   2   2   1   117.476140552   10460000000.0 
 12   3   3   2   1   7   4   4   2   1   117.505661078     393200000.0 
 12   3   3   2   1   8   2   2   2   1   182.205403206    7394000000.0 
 12   3   3   2   1   8   4   4   2   1   182.253792989     474600000.0 
 12   3   3   2   1   9   2   2   2   1   292.819447927    5437000000.0 
 12   3   3   2   1   9   4   4   2   1   292.908266911     547800000.0 
 12   3   3   2   1  10   2   2   2   1    517.56453407    4115000000.0 
 12   3   3   2   1  10   4   4   2   1   517.768524054     628100000.0 
 12   3   3   2   1  11   2   2   2   1   1197.70530437    3099000000.0 
 12   3   3   2   1  11   4   4   2   1   1198.53128808     725000000.0 
 12   4   4   2   1   4   3   3   2   1   28.4769940567   26950000000.0 
 12   4   4   2   1   5   3   3   2   1   47.8604313591   23460000000.0 
 12   4   4   2   1   6   3   3   2   1   75.9385113818   17290000000.0 
 12   4   4   2   1   7   3   3   2   1   117.504798103   12520000000.0 
 12   4   4   2   1   7   5   5   2   1   117.505494136     127600000.0 
 12   4   4   2   1   8   3   3   2   1   182.252206324    9197000000.0 
 12   4   4   2   1   8   5   5   2   1   182.253414824     205000000.0 
 12   4   4   2   1   9   3   3   2   1   292.904984193    6897000000.0 
 12   4   4   2   1   9   5   5   2   1   292.907331333     286800000.0 
 12   4   4   2   1  10   3   3   2   1   517.760024677    5258000000.0 
 12   4   4   2   1  10   5   5   2   1   517.765420296     381800000.0 
 12   4   4   2   1  11   3   3   2   1   1198.49234652    3948000000.0 
 12   4   4   2   1  11   5   5   2   1   1198.51455944     503100000.0 
 12   5   5   2   1   5   4   4   2   1   47.8606622751   12900000000.0 
 12   5   5   2   1   6   4   4   2   1   75.9389178642   14560000000.0 
 12   5   5   2   1   7   4   4   2   1   117.505493792   12680000000.0 
 12   5   5   2   1   8   4   4   2   1   182.253390555   10290000000.0 
 12   5   5   2   1   9   4   4   2   1   292.907227458    8172000000.0 
 12   5   5   2   1   9   6   6   2   1   292.907264073     131400000.0 
 12   5   5   2   1  10   4   4   2   1   517.765276087    6445000000.0 
 12   5   5   2   1  10   6   6   2   1   517.765412648     215500000.0 
 12   5   5   2   1  11   4   4   2   1   1198.51388462    4920000000.0 
 12   5   5   2   1  11   6   6   2   1   1198.51428201     336700000.0 
 12   6   6   2   1   6   5   5   2   1   75.9389199722    7170000000.0 
 12   6   6   2   1   7   5   5   2   1   117.505491039    9961000000.0 
 12   6   6   2   1   8   5   5   2   1   182.253407373    9993000000.0 
 12   6   6   2   1   9   5   5   2   1   292.907312089    8946000000.0 
 12   6   6   2   1  10   5   5   2   1   517.765360165    7589000000.0 
 12   6   6   2   1  10   7   7   2   1   517.765364843     107700000.0 
 12   6   6   2   1  11   5   5   2   1   1198.51423724    6056000000.0 
 12   6   6   2   1  11   7   7   2   1    1198.5143572     212100000.0 
 12   7   7   2   1   7   6   6   2   1   117.505486719    4697000000.0 
 12   7   7   2   1   8   6   6   2   1   182.253433381    7743000000.0 
 12   7   7   2   1   9   6   6   2   1    292.90726235    8763000000.0 
 12   7   7   2   1  10   6   6   2   1   517.765407264    8512000000.0 
 12   7   7   2   1  10   8   8   2   1   517.765437065      43500000.0 
 12   7   7   2   1  11   6   6   2   1   1198.51425316    7391000000.0 
 12   7   7   2   1  11   8   8   2   1   1198.51425994     121000000.0 
 12   8   8   2   1   8   7   7   2   1   182.253407184    3748000000.0 
 12   8   8   2   1   9   7   7   2   1   292.907320251    7128000000.0 
 12   8   8   2   1  10   7   7   2   1   517.765356694    8903000000.0 
 12   8   8   2   1  11   7   7   2   1   1198.51431353    8962000000.0 
 12   8   8   2   1  11   9   9   2   1   1198.51422494      57810000.0 
 12   9   9   2   1   9   8   8   2   1   292.907262868    3859000000.0 
 12   9   9   2   1  10   8   8   2   1   517.765436977    8245000000.0 
 12   9   9   2   1  11   8   8   2   1   1198.51425947   10810000000.0 
 12  10  10   2   1  10   9   9   2   1   517.765363578    5711000000.0 
 12  10  10   2   1  11   9   9   2   1   1198.51425931   12990000000.0 
 12  11  11   2   1  11  10  10   2   1   1198.51425883   15560000000.0 
 13   0   0   2   1   2   1   1   2   1   6.42025103015   25750000000.0 
 13   0   0   2   1   3   1   1   2   1   14.9453986793   17580000000.0 
 13   0   0   2   1   4   1   1   2   1   27.8313559377   11810000000.0 
 13   0   0   2   1   5   1   1   2   1   46.2551786633    8351000000.0 
 13   0   0   2   1   6   1   1   2   1   72.1800382467    6208000000.0 
 13   0   0   2   1   7   1   1   2   1   108.980132833    4820000000.0 
 13   0   0   2   1   8   1   1   2   1   162.829803752    3886000000.0 
 13   0   0   2   1   9   1   1   2   1   246.196955519    3242000000.0 
 13   0   0   2   1  10   1   1   2   1   388.381962249    2794000000.0 
 13   0   0   2   1  11   1   1   2   1   678.021851701    2487000000.0 
 13   0   0   2   1  12   1   1   2   1   1566.16296621    2265000000.0 
 13   1   1   2   1   2   0   0   2   1   6.26768194432   94030000000.0 
 13   1   1   2   1   3   0   0   2   1   14.7116670128   30840000000.0 
 13   1   1   2   1   3   2   2   2   1   15.0367163972    2368000000.0 
 13   1   1   2   1   4   0   0   2   1   27.4902091703   14280000000.0 
 13   1   1   2   1   4   2   2   2   1   27.9566988355    2547000000.0 
 13   1   1   2   1   5   0   0   2   1   45.7641973381    7954000000.0 
 13   1   1   2   1   5   2   2   2   1   46.4177926953    2280000000.0 
 13   1   1   2   1   6   0   0   2   1   71.4649454326    4974000000.0 
 13   1   1   2   1   6   2   2   2   1   72.3807650862    1973000000.0 
 13   1   1   2   1   7   0   0   2   1   107.903703787    3370000000.0 
 13   1   1   2   1   7   2   2   2   1   109.212935175    1699000000.0 
 13   1   1   2   1   8   0   0   2   1   161.118376215    2423000000.0 
 13   1   1   2   1   8   2   2   2   1   163.069112622    1492000000.0 
 13   1   1   2   1   9   0   0   2   1   243.238702498    1825000000.0 
 13   1   1   2   1   9   2   2   2   1   246.358121981    1336000000.0 
 13   1   1   2   1  10   0   0   2   1   382.543144245    1426000000.0 
 13   1   1   2   1  10   2   2   2   1   388.171040649    1225000000.0 
 13   1   1   2   1  11   0   0   2   1   663.378751179    1145000000.0 
 13   1   1   2   1  11   2   2   2   1   676.138165185    1154000000.0 
 13   1   1   2   1  12   0   0   2   1   1500.63359814     911600000.0 
 13   1   1   2   1  12   2   2   2   1   1551.61187264    1107000000.0 
 13   2   2   2   1   2   1   1   2   1   6.41954176136       1.573e+11 
 13   2   2   2   1   3   1   1   2   1   14.9415557877   57170000000.0 
 13   2   2   2   1   4   1   1   2   1   27.8180325217   26520000000.0 
 13   2   2   2   1   4   3   3   2   1   27.9602584878     417500000.0 
 13   2   2   2   1   5   1   1   2   1   46.2183886475   14520000000.0 
 13   2   2   2   1   5   3   3   2   1   46.4186411839     622700000.0 
 13   2   2   2   1   6   1   1   2   1   72.0904914805    8886000000.0 
 13   2   2   2   1   6   3   3   2   1   72.3718272673     698200000.0 
 13   2   2   2   1   7   1   1   2   1   108.776130211    5894000000.0 
 13   2   2   2   1   7   3   3   2   1   109.178966732     717000000.0 
 13   2   2   2   1   8   1   1   2   1   162.374807979    4147000000.0 
 13   2   2   2   1   8   3   3   2   1   162.975685927     711300000.0 
 13   2   2   2   1   9   1   1   2   1   245.158270092    3058000000.0 
 13   2   2   2   1   9   3   3   2   1   246.119980874     702100000.0 
 13   2   2   2   1  10   1   1   2   1   385.803386467    2340000000.0 
 13   2   2   2   1  10   3   3   2   1   387.539930878     699200000.0 
 13   2   2   2   1  11   1   1   2   1   670.201898449    1840000000.0 
 13   2   2   2   1  11   3   3   2   1   674.143276166     710000000.0 
 13   2   2   2   1  12   1   1   2   1   1525.05949045    1438000000.0 
 13   2   2   2   1  12   3   3   2   1   1540.84517529     731500000.0 
 13   3   3   2   1   3   2   2   2   1    15.035523127   51110000000.0 
 13   3   3   2   1   4   2   2   2   1    27.952574301   31480000000.0 
 13   3   3   2   1   5   2   2   2   1   46.4064234974   18970000000.0 
 13   3   3   2   1   6   2   2   2   1   72.3531244712   12090000000.0 
 13   3   3   2   1   6   4   4   2   1   72.3704103162     213500000.0 
 13   3   3   2   1   7   2   2   2   1    109.15001859    8128000000.0 
 13   3   3   2   1   7   4   4   2   1   109.175502418     286000000.0 
 13   3   3   2   1   8   2   2   2   1   162.928883882    5749000000.0 
 13   3   3   2   1   8   4   4   2   1   162.967575344     338200000.0 
 13   3   3   2   1   9   2   2   2   1   246.038205453    4233000000.0 
 13   3   3   2   1   9   4   4   2   1   246.100908699     380100000.0 
 13   3   3   2   1  10   2   2   2   1   387.377398631    3221000000.0 
 13   3   3   2   1  10   4   4   2   1   387.491661554     420600000.0 
 13   3   3   2   1  11   2   2   2   1   673.733851866    2511000000.0 
 13   3   3   2   1  11   4   4   2   1   673.995138542     468600000.0 
 13   3   3   2   1  12   2   2   2   1   1539.00836823    1942000000.0 
 13   3   3   2   1  12   4   4   2   1   1540.06368045     528300000.0 
 13   4   4   2   1   4   3   3   2   1    27.959984313   20540000000.0 
 13   4   4   2   1   5   3   3   2   1   46.4178855226   17890000000.0 
 13   4   4   2   1   6   3   3   2   1   72.3699904014   13190000000.0 
 13   4   4   2   1   7   3   3   2   1   109.174786401    9564000000.0 
 13   4   4   2   1   7   5   5   2   1   109.175387246      89770000.0 
 13   4   4   2   1   8   3   3   2   1   162.966371198    7036000000.0 
 13   4   4   2   1   8   5   5   2   1   162.967337464     140600000.0 
 13   4   4   2   1   9   3   3   2   1   246.098738371    5291000000.0 
 13   4   4   2   1   9   5   5   2   1   246.100395299     190300000.0 
 13   4   4   2   1  10   3   3   2   1   387.487265729    4066000000.0 
 13   4   4   2   1  10   5   5   2   1   387.490287753     242100000.0 
 13   4   4   2   1  11   3   3   2   1   673.983926496    3174000000.0 
 13   4   4   2   1  11   5   5   2   1   673.990951241     303200000.0 
 13   4   4   2   1  12   3   3   2   1   1540.01296554    2438000000.0 
 13   4   4   2   1  12   5   5   2   1   1540.04169979     381300000.0 
 13   5   5   2   1   5   4   4   2   1   46.4181028119    9541000000.0 
 13   5   5   2   1   6   4   4   2   1   72.3703597811   10780000000.0 
 13   5   5   2   1   7   4   4   2   1   109.175387411    9404000000.0 
 13   5   5   2   1   8   4   4   2   1   162.967319088    7642000000.0 
 13   5   5   2   1   9   4   4   2   1   246.100324317    6095000000.0 
 13   5   5   2   1   9   6   6   2   1   246.100350164      82410000.0 
 13   5   5   2   1  10   4   4   2   1     387.4902128    4855000000.0 
 13   5   5   2   1  10   6   6   2   1   387.490289286     127900000.0 
 13   5   5   2   1  11   4   4   2   1   673.990755432    3869000000.0 
 13   5   5   2   1  11   6   6   2   1   673.990881103     186700000.0 
 13   5   5   2   1  12   4   4   2   1   1540.04079589    2997000000.0 
 13   5   5   2   1  12   6   6   2   1   1540.04132787     268700000.0 
 13   6   6   2   1   6   5   5   2   1   72.3703617071    5059000000.0 
 13   6   6   2   1   7   5   5   2   1   109.175385061    7039000000.0 
 13   6   6   2   1   8   5   5   2   1   162.967332594    7080000000.0 
 13   6   6   2   1   9   5   5   2   1   246.100384193    6368000000.0 
 13   6   6   2   1  10   5   5   2   1   387.490260221    5464000000.0 
 13   6   6   2   1  10   7   7   2   1    387.49026284      58770000.0 
 13   6   6   2   1  11   5   5   2   1   673.990867943    4566000000.0 
 13   6   6   2   1  11   7   7   2   1   673.990905878     106200000.0 
 13   6   6   2   1  12   5   5   2   1   1540.04126489    3639000000.0 
 13   6   6   2   1  12   7   7   2   1   1540.04131252     181700000.0 
 13   7   7   2   1   7   6   6   2   1    109.17538135    3084000000.0 
 13   7   7   2   1   8   6   6   2   1   162.967353429    5098000000.0 
 13   7   7   2   1   9   6   6   2   1   246.100349174    5800000000.0 
 13   7   7   2   1  10   6   6   2   1   387.490286831    5705000000.0 
 13   7   7   2   1  11   6   6   2   1   673.990873675    5199000000.0 
 13   7   7   2   1  11   8   8   2   1   673.990875819      53300000.0 
 13   7   7   2   1  12   6   6   2   1   1540.04128909    4383000000.0 
 13   7   7   2   1  12   8   8   2   1   1540.04136119     115400000.0 
 13   8   8   2   1   8   7   7   2   1   162.967333083    2206000000.0 
 13   8   8   2   1   9   7   7   2   1   246.100391417    4220000000.0 
 13   8   8   2   1  10   7   7   2   1   387.490261901    5340000000.0 
 13   8   8   2   1  11   7   7   2   1   673.990903037    5653000000.0 
 13   8   8   2   1  12   7   7   2   1   1540.04129768    5248000000.0 
 13   8   8   2   1  12   9   9   2   1   1540.04129846      66220000.0 
 13   9   9   2   1   9   8   8   2   1   246.100348549    1919000000.0 
 13   9   9   2   1  10   8   8   2   1   387.490301017    4157000000.0 
 13   9   9   2   1  11   8   8   2   1   673.990868242    5740000000.0 
 13   9   9   2   1  12   8   8   2   1   1540.04132163    6253000000.0 
 13   9   9   2   1  12  10  10   2   1   1540.04126489      31810000.0 
 13  10  10   2   1  10   9   9   2   1   387.490262066    2155000000.0 
 13  10  10   2   1  11   9   9   2   1   673.990874722    5166000000.0 
 13  10  10   2   1  12   9   9   2   1    1540.0412969    7421000000.0 
 13  11  11   2   1  11  10  10   2   1   673.990874623    3479000000.0 
 13  11  11   2   1  12  10  10   2   1    1540.0412982    8780000000.0 
 13  12  12   2   1  12  11  11   2   1   1540.04129794   10360000000.0 
 14   0   0   2   1   2   1   1   2   1   6.39894002397   19830000000.0 
 14   0   0   2   1   3   1   1   2   1   14.8304232719   13830000000.0 
 14   0   0   2   1   4   1   1   2   1   27.4352717203    9334000000.0 
 14   0   0   2   1   5   1   1   2   1   45.1713336546    6600000000.0 
 14   0   0   2   1   6   1   1   2   1   69.5749992766    4896000000.0 
 14   0   0   2   1   7   1   1   2   1   103.148957729    3787000000.0 
 14   0   0   2   1   8   1   1   2   1   150.147560308    3036000000.0 
 14   0   0   2   1   9   1   1   2   1   218.315744034    2512000000.0 
 14   0   0   2   1  10   1   1   2   1   323.256574225    2141000000.0 
 14   0   0   2   1  11   1   1   2   1   501.602179189    1878000000.0 
 14   0   0   2   1  12   1   1   2   1   864.127830006    1697000000.0 
 14   0   0   2   1  13   1   1   2   1   1974.48644558    1566000000.0 
 14   1   1   2   1   2   0   0   2   1    6.2474658624   74600000000.0 
 14   1   1   2   1   3   0   0   2   1   14.6007690001   24590000000.0 
 14   1   1   2   1   3   2   2   2   1   14.9208830299    1886000000.0 
 14   1   1   2   1   4   0   0   2   1   27.1055095416   11410000000.0 
 14   1   1   2   1   4   2   2   2   1     27.55892672    2020000000.0 
 14   1   1   2   1   5   0   0   2   1   44.7078760438    6360000000.0 
 14   1   1   2   1   5   2   2   2   1   45.3314417087    1800000000.0 
 14   1   1   2   1   6   0   0   2   1   68.9219997522    3977000000.0 
 14   1   1   2   1   6   2   2   2   1   69.7734152965    1548000000.0 
 14   1   1   2   1   7   0   0   2   1   102.209738983    2693000000.0 
 14   1   1   2   1   7   2   2   2   1   103.383690845    1325000000.0 
 14   1   1   2   1   8   0   0   2   1   148.745384503    1934000000.0 
 14   1   1   2   1   8   2   2   2   1   150.406469366    1153000000.0 
 14   1   1   2   1   9   0   0   2   1   216.100859847    1454000000.0 
 14   1   1   2   1   9   2   2   2   1   218.559531095    1022000000.0 
 14   1   1   2   1  10   0   0   2   1   319.451541718    1134000000.0 
 14   1   1   2   1  10   2   2   2   1   323.366640669     923100000.0 
 14   1   1   2   1  11   0   0   2   1   494.140608882     912100000.0 
 14   1   1   2   1  11   2   2   2   1    501.18563953     853100000.0 
 14   1   1   2   1  12   0   0   2   1   845.547126514     750400000.0 
 14   1   1   2   1  12   2   2   2   1   861.495567544     809100000.0 
 14   1   1   2   1  13   0   0   2   1   1891.95702354     609600000.0 
 14   1   1   2   1  13   2   2   2   1   1955.62963907     780100000.0 
 14   2   2   2   1   2   1   1   2   1   6.39837619366       1.247e+11 
 14   2   2   2   1   3   1   1   2   1   14.8273950409   45470000000.0 
 14   2   2   2   1   4   1   1   2   1   27.4249101618   21140000000.0 
 14   2   2   2   1   4   3   3   2   1   27.5631346915     328400000.0 
 14   2   2   2   1   5   1   1   2   1   45.1432517632   11580000000.0 
 14   2   2   2   1   5   3   3   2   1   45.3342768182     486700000.0 
 14   2   2   2   1   6   1   1   2   1   69.5084012879    7090000000.0 
 14   2   2   2   1   6   3   3   2   1   69.7699080391     541600000.0 
 14   2   2   2   1   7   1   1   2   1   103.002644423    4703000000.0 
 14   2   2   2   1   7   3   3   2   1   103.363782283     551100000.0 
 14   2   2   2   1   8   1   1   2   1   149.837739846    3308000000.0 
 14   2   2   2   1   8   3   3   2   1   150.349265385     540400000.0 
 14   2   2   2   1   9   1   1   2   1   217.661353535    2437000000.0 
 14   2   2   2   1   9   3   3   2   1   218.419098396     525600000.0 
 14   2   2   2   1  10   1   1   2   1   321.823936733    1864000000.0 
 14   2   2   2   1  10   3   3   2   1   323.031379227     513400000.0 
 14   2   2   2   1  11   1   1   2   1   498.161059375    1471000000.0 
 14   2   2   2   1  11   3   3   2   1   500.335367936     508400000.0 
 14   2   2   2   1  12   1   1   2   1   853.965601114    1187000000.0 
 14   2   2   2   1  12   3   3   2   1   858.892764471     514100000.0 
 14   2   2   2   1  13   1   1   2   1   1922.21942763     949500000.0 
 14   2   2   2   1  13   3   3   2   1   1941.92104009     527200000.0 
 14   3   3   2   1   3   2   2   2   1   14.9199424972   40470000000.0 
 14   3   3   2   1   4   2   2   2   1   27.5557183365   24930000000.0 
 14   3   3   2   1   5   2   2   2   1   45.3227615407   15030000000.0 
 14   3   3   2   1   6   2   2   2   1   69.7528533514    9575000000.0 
 14   3   3   2   1   6   4   4   2   1    69.768918926     162800000.0 
 14   3   3   2   1   7   2   2   2   1   103.338554473    6443000000.0 
 14   3   3   2   1   7   4   4   2   1   103.361396592     215500000.0 
 14   3   3   2   1   8   2   2   2   1   150.310954849    4557000000.0 
 14   3   3   2   1   8   4   4   2   1   150.343884888     251100000.0 
 14   3   3   2   1   9   2   2   2   1   218.357903068    3356000000.0 
 14   3   3   2   1   9   4   4   2   1   218.407289801     276900000.0 
 14   3   3   2   1  10   2   2   2   1   322.925466835    2556000000.0 
 14   3   3   2   1  10   4   4   2   1   323.004866752     298900000.0 
 14   3   3   2   1  11   2   2   2   1   500.126651983    2001000000.0 
 14   3   3   2   1  11   4   4   2   1    500.27061705     322300000.0 
 14   3   3   2   1  12   2   2   2   1    858.37135552    1599000000.0 
 14   3   3   2   1  12   4   4   2   1   858.699539784     352300000.0 
 14   3   3   2   1  13   2   2   2   1   1939.60412589    1266000000.0 
 14   3   3   2   1  13   4   4   2   1    1940.9244214     390700000.0 
 14   4   4   2   1   4   3   3   2   1   27.5629207829   16040000000.0 
 14   4   4   2   1   5   3   3   2   1   45.3336981598   13980000000.0 
 14   4   4   2   1   6   3   3   2   1    69.768537466   10310000000.0 
 14   4   4   2   1   7   3   3   2   1   103.360774139    7482000000.0 
 14   4   4   2   1   8   3   3   2   1   150.342900968    5508000000.0 
 14   4   4   2   1   8   5   5   2   1   150.343723336     101400000.0 
 14   4   4   2   1   9   3   3   2   1   218.405666759    4146000000.0 
 14   4   4   2   1   9   5   5   2   1   218.406971764     134100000.0 
 14   4   4   2   1  10   3   3   2   1   323.002001083    3193000000.0 
 14   4   4   2   1  10   5   5   2   1   323.004100956     165500000.0 
 14   4   4   2   1  11   3   3   2   1   500.264892842    2510000000.0 
 14   4   4   2   1  11   5   5   2   1   500.268763015     198900000.0 
 14   4   4   2   1  12   3   3   2   1   858.685107122    2002000000.0 
 14   4   4   2   1  12   5   5   2   1   858.694040495     239100000.0 
 14   4   4   2   1  13   3   3   2   1   1940.85983294    1569000000.0 
 14   4   4   2   1  13   5   5   2   1    1940.8961799     290800000.0 
 14   5   5   2   1   5   4   4   2   1   45.3339054805    7281000000.0 
 14   5   5   2   1   6   4   4   2   1   69.7688809172    8235000000.0 
 14   5   5   2   1   7   4   4   2   1   103.361313171    7188000000.0 
 14   5   5   2   1   8   4   4   2   1   150.343708394    5848000000.0 
 14   5   5   2   1   9   4   4   2   1   218.406917329    4672000000.0 
 14   5   5   2   1   9   6   6   2   1   218.406937687      55680000.0 
 14   5   5   2   1  10   4   4   2   1   323.004052091    3734000000.0 
 14   5   5   2   1  10   6   6   2   1   323.004105238      83240000.0 
 14   5   5   2   1  11   4   4   2   1   500.268662855    3002000000.0 
 14   5   5   2   1  11   6   6   2   1   500.268732091     115600000.0 
 14   5   5   2   1  12   4   4   2   1   858.693782213    2424000000.0 
 14   5   5   2   1  12   6   6   2   1   858.693947604     156700000.0 
 14   5   5   2   1  13   4   4   2   1   1940.89500629    1906000000.0 
 14   5   5   2   1  13   6   6   2   1   1940.89569706     213000000.0 
 14   6   6   2   1   6   5   5   2   1   69.7688827334    3725000000.0 
 14   6   6   2   1   7   5   5   2   1   103.361311122    5188000000.0 
 14   6   6   2   1   8   5   5   2   1    150.34372001    5225000000.0 
 14   6   6   2   1   9   5   5   2   1   218.406964745    4711000000.0 
 14   6   6   2   1  10   5   5   2   1   323.004085603    4059000000.0 
 14   6   6   2   1  10   7   7   2   1   323.004087423      36010000.0 
 14   6   6   2   1  11   5   5   2   1   500.268726186    3428000000.0 
 14   6   6   2   1  11   7   7   2   1   500.268747086      61260000.0 
 14   6   6   2   1  12   5   5   2   1   858.693931987    2857000000.0 
 14   6   6   2   1  12   7   7   2   1   858.693946795      97170000.0 
 14   6   6   2   1  13   5   5   2   1   1940.89562555    2287000000.0 
 14   6   6   2   1  13   7   7   2   1   1940.89568714     151600000.0 
 14   7   7   2   1   7   6   6   2   1   103.361307803    2152000000.0 
 14   7   7   2   1   8   6   6   2   1   150.343737757    3563000000.0 
 14   7   7   2   1   9   6   6   2   1   218.406937195    4064000000.0 
 14   7   7   2   1  10   6   6   2   1   323.004104162    4016000000.0 
 14   7   7   2   1  11   6   6   2   1   500.268729509    3704000000.0 
 14   7   7   2   1  11   8   8   2   1    500.26873069      28170000.0 
 14   7   7   2   1  12   6   6   2   1   858.693939998    3273000000.0 
 14   7   7   2   1  12   8   8   2   1   858.693962411      55540000.0 
 14   7   7   2   1  13   6   6   2   1    1940.8956582    2724000000.0 
 14   7   7   2   1  13   8   8   2   1   1940.89568177     103300000.0 
 14   8   8   2   1   8   7   7   2   1   150.343720439    1423000000.0 
 14   8   8   2   1   9   7   7   2   1   218.406970461    2728000000.0 
 14   8   8   2   1  10   7   7   2   1   323.004086828    3471000000.0 
 14   8   8   2   1  11   7   7   2   1   500.268745658    3721000000.0 
 14   8   8   2   1  12   7   7   2   1   858.693942587    3628000000.0 
 14   8   8   2   1  12   9   9   2   1    858.69394283      27970000.0 
 14   8   8   2   1  13   7   7   2   1   1940.89566564    3226000000.0 
 14   8   8   2   1  13   9   9   2   1   1940.89572848      65950000.0 
 14   9   9   2   1   9   8   8   2   1   218.406937294    1101000000.0 
 14   9   9   2   1  10   8   8   2   1   323.004115313    2398000000.0 
 14   9   9   2   1  11   8   8   2   1   500.268729619    3356000000.0 
 14   9   9   2   1  12   8   8   2   1   858.693959256    3845000000.0 
 14   9   9   2   1  13   8   8   2   1   1940.89566564    3802000000.0 
 14   9   9   2   1  13  10  10   2   1   1940.89566813      38050000.0 
 14  10  10   2   1  10   9   9   2   1   323.004085878    1036000000.0 
 14  10  10   2   1  11   9   9   2   1   500.268727505    2518000000.0 
 14  10  10   2   1  12   9   9   2   1   858.693934819    3809000000.0 
 14  10  10   2   1  13   9   9   2   1   1940.89568755    4465000000.0 
 14  10  10   2   1  13  11  11   2   1   1940.89563464      18350000.0 
 14  11  11   2   1  11  10  10   2   1   500.268726543    1259000000.0 
 14  11  11   2   1  12  10  10   2   1   858.693932554    3347000000.0 
 14  11  11   2   1  13  10  10   2   1   1940.89562183    5227000000.0 
 14  12  12   2   1  12  11  11   2   1   858.693941697    2202000000.0 
 14  12  12   2   1  13  11  11   2   1   1940.89566813    6103000000.0 
 14  13  13   2   1  13  12  12   2   1   1940.89566854    7110000000.0 
 15   0   0   2   1   2   1   1   2   1   6.38185826052   14520000000.0 
 15   0   0   2   1   3   1   1   2   1   14.7389911469   10770000000.0 
 15   0   0   2   1   4   1   1   2   1   27.1239994013    7394000000.0 
 15   0   0   2   1   5   1   1   2   1   44.3336616055    5259000000.0 
 15   0   0   2   1   6   1   1   2   1   67.6074515075    3907000000.0 
 15   0   0   2   1   7   1   1   2   1   98.8825532632    3018000000.0 
 15   0   0   2   1   8   1   1   2   1   141.274766534    2412000000.0 
 15   0   0   2   1   9   1   1   2   1   200.047542797    1985000000.0 
 15   0   0   2   1  10   1   1   2   1    284.75361404    1679000000.0 
 15   0   0   2   1  11   1   1   2   1    414.61058174    1458000000.0 
 15   0   0   2   1  12   1   1   2   1   634.708574165    1299000000.0 
 15   0   0   2   1  13   1   1   2   1   1081.37236894    1195000000.0 
 15   0   0   2   1  14   1   1   2   1   2448.16123448    1110000000.0 
 15   1   1   2   1   2   0   0   2   1   6.23125364333   58950000000.0 
 15   1   1   2   1   3   0   0   2   1   14.5125256732   19700000000.0 
 15   1   1   2   1   3   2   2   2   1   14.8287401202    1528000000.0 
 15   1   1   2   1   4   0   0   2   1   26.8029551937    9197000000.0 
 15   1   1   2   1   4   2   2   2   1   27.2462239244    1633000000.0 
 15   1   1   2   1   5   0   0   2   1   43.8906924977    5143000000.0 
 15   1   1   2   1   5   2   2   2   1   44.4915178917    1450000000.0 
 15   1   1   2   1   6   0   0   2   1    66.998956506    3221000000.0 
 15   1   1   2   1   6   2   2   2   1   67.8032457228    1241000000.0 
 15   1   1   2   1   7   0   0   2   1   98.0367768287    2181000000.0 
 15   1   1   2   1   7   2   2   2   1   99.1163203929    1054000000.0 
 15   1   1   2   1   8   0   0   2   1   140.068814145    1566000000.0 
 15   1   1   2   1   8   2   2   2   1   141.540804337     918800000.0 
 15   1   1   2   1   9   0   0   2   1   198.258531689    1176000000.0 
 15   1   1   2   1   9   2   2   2   1   200.326021938     802400000.0 
 15   1   1   2   1  10   0   0   2   1   281.943055828     915400000.0 
 15   1   1   2   1  10   2   2   2   1   284.988362742     717200000.0 
 15   1   1   2   1  11   0   0   2   1   409.808227906     734900000.0 
 15   1   1   2   1  11   2   2   2   1   414.642017075     653400000.0 
 15   1   1   2   1  12   0   0   2   1   625.345324972     605400000.0 
 15   1   1   2   1  12   2   2   2   1   634.026017197     608500000.0 
 15   1   1   2   1  13   0   0   2   1   1058.19714256     507200000.0 
 15   1   1   2   1  13   2   2   2   1    1077.8248506     582000000.0 
 15   1   1   2   1  14   0   0   2   1   2345.92843922     420100000.0 
 15   1   1   2   1  14   2   2   2   1   2424.24654013     562800000.0 
 15   2   2   2   1   2   1   1   2   1   6.38140248821   98970000000.0 
 15   2   2   2   1   3   1   1   2   1   14.7365603508   36480000000.0 
 15   2   2   2   1   4   1   1   2   1   27.1157682556   17030000000.0 
 15   2   2   2   1   4   3   3   2   1   27.2508864545     263300000.0 
 15   2   2   2   1   5   1   1   2   1   44.3116761015    9356000000.0 
 15   2   2   2   1   5   3   3   2   1   44.4957139552     388300000.0 
 15   2   2   2   1   6   1   1   2   1   67.5563368678    5735000000.0 
 15   2   2   2   1   6   3   3   2   1   67.8033355333     429600000.0 
 15   2   2   2   1   7   1   1   2   1   98.7732473516    3807000000.0 
 15   2   2   2   1   7   3   3   2   1   99.1052888894     434200000.0 
 15   2   2   2   1   8   1   1   2   1   141.051754788    2675000000.0 
 15   2   2   2   1   8   3   3   2   1   141.504960061     420900000.0 
 15   2   2   2   1   9   1   1   2   1   199.600674165    1972000000.0 
 15   2   2   2   1   9   3   3   2   1   200.237702752     406000000.0 
 15   2   2   2   1  10   1   1   2   1   283.849045812    1507000000.0 
 15   2   2   2   1  10   3   3   2   1   284.787930854     390900000.0 
 15   2   2   2   1  11   1   1   2   1   412.695642882    1188000000.0 
 15   2   2   2   1  11   3   3   2   1   414.186775629     380000000.0 
 15   2   2   2   1  12   1   1   2   1   630.231860003     961200000.0 
 15   2   2   2   1  12   3   3   2   1   632.911404142     375300000.0 
 15   2   2   2   1  13   1   1   2   1   1068.44200149     795500000.0 
 15   2   2   2   1  13   3   3   2   1   1074.50133917     378700000.0 
 15   2   2   2   1  14   1   1   2   1   2382.87437033     647500000.0 
 15   2   2   2   1  14   3   3   2   1   2407.10746402     387200000.0 
 15   3   3   2   1   3   2   2   2   1   14.8279850318   32620000000.0 
 15   3   3   2   1   4   2   2   2   1   27.2436748447   20100000000.0 
 15   3   3   2   1   5   2   2   2   1   44.4847211698   12120000000.0 
 15   3   3   2   1   6   2   2   2   1   67.7874619339    7720000000.0 
 15   3   3   2   1   6   4   4   2   1   67.8026348214     127300000.0 
 15   3   3   2   1   7   2   2   2   1   99.0825952383    5193000000.0 
 15   3   3   2   1   7   4   4   2   1   99.1035944222     167000000.0 
 15   3   3   2   1   8   2   2   2   1   141.472039934    3682000000.0 
 15   3   3   2   1   8   4   4   2   1   141.501210618     192400000.0 
 15   3   3   2   1   9   2   2   2   1   200.188304963    2705000000.0 
 15   3   3   2   1   9   4   4   2   1   200.229813908     209300000.0 
 15   3   3   2   1  10   2   2   2   1   284.709724428    2059000000.0 
 15   3   3   2   1  10   4   4   2   1     284.7714418     222000000.0 
 15   3   3   2   1  11   2   2   2   1   414.052440713    1613000000.0 
 15   3   3   2   1  11   4   4   2   1   414.151110982     233800000.0 
 15   3   3   2   1  12   2   2   2   1   632.648550835    1294000000.0 
 15   3   3   2   1  12   4   4   2   1   632.826808697     247900000.0 
 15   3   3   2   1  13   2   2   2   1    1073.8501604    1058000000.0 
 15   3   3   2   1  13   4   4   2   1   1074.25473665     267600000.0 
 15   3   3   2   1  14   2   2   2   1   2404.23113402     853100000.0 
 15   3   3   2   1  14   4   4   2   1   2405.85975849     293000000.0 
 15   4   4   2   1   4   3   3   2   1    27.250716101   12780000000.0 
 15   4   4   2   1   5   3   3   2   1   44.4952597787   11140000000.0 
 15   4   4   2   1   6   3   3   2   1   67.8022809327    8227000000.0 
 15   4   4   2   1   7   3   3   2   1   99.1030358102    5970000000.0 
 15   4   4   2   1   8   3   3   2   1   141.500366792    4396000000.0 
 15   4   4   2   1   8   5   5   2   1   141.501095268      75990000.0 
 15   4   4   2   1   9   3   3   2   1   200.228505366    3310000000.0 
 15   4   4   2   1   9   5   5   2   1   200.229602187      98740000.0 
 15   4   4   2   1  10   3   3   2   1   284.769326806    2551000000.0 
 15   4   4   2   1  10   5   5   2   1   284.770958988     119300000.0 
 15   4   4   2   1  11   3   3   2   1   414.147425709    2009000000.0 
 15   4   4   2   1  11   5   5   2   1   414.150078113     139300000.0 
 15   4   4   2   1  12   3   3   2   1   632.819525311    1612000000.0 
 15   4   4   2   1  12   5   5   2   1   632.824377148     161300000.0 
 15   4   4   2   1  13   3   3   2   1    1074.2365504    1310000000.0 
 15   4   4   2   1  13   5   5   2   1   1074.24768504     188500000.0 
 15   4   4   2   1  14   3   3   2   1    2405.7790181    1046000000.0 
 15   4   4   2   1  14   5   5   2   1   2405.82421195     223600000.0 
 15   5   5   2   1   5   4   4   2   1    44.495459549    5698000000.0 
 15   5   5   2   1   6   4   4   2   1   67.8026054079    6447000000.0 
 15   5   5   2   1   7   4   4   2   1   99.1035315829    5631000000.0 
 15   5   5   2   1   8   4   4   2   1   141.501082511    4584000000.0 
 15   5   5   2   1   9   4   4   2   1   200.229557395    3666000000.0 
 15   5   5   2   1   9   6   6   2   1   200.229574505      39700000.0 
 15   5   5   2   1  10   4   4   2   1   284.770922947    2934000000.0 
 15   5   5   2   1  10   6   6   2   1   284.770964256      57830000.0 
 15   5   5   2   1  11   4   4   2   1   414.150013571    2366000000.0 
 15   5   5   2   1  11   6   6   2   1   414.150061022      77600000.0 
 15   5   5   2   1  12   4   4   2   1   632.824246452    1926000000.0 
 15   5   5   2   1  12   6   6   2   1   632.824336278     100500000.0 
 15   5   5   2   1  13   4   4   2   1   1074.24735312    1575000000.0 
 15   5   5   2   1  13   6   6   2   1   1074.24756473     129500000.0 
 15   5   5   2   1  14   4   4   2   1   2405.82272568    1257000000.0 
 15   5   5   2   1  14   6   6   2   1   2405.82357743     168800000.0 
 15   6   6   2   1   6   5   5   2   1   67.8026071186    2834000000.0 
 15   6   6   2   1   7   5   5   2   1   99.1035296892    3950000000.0 
 15   6   6   2   1   8   5   5   2   1   141.501092781    3982000000.0 
 15   6   6   2   1   9   5   5   2   1   200.229597207    3595000000.0 
 15   6   6   2   1  10   5   5   2   1   284.770948914    3103000000.0 
 15   6   6   2   1  11   5   5   2   1   414.150056806    2631000000.0 
 15   6   6   2   1  11   7   7   2   1    414.15007113      39060000.0 
 15   6   6   2   1  12   5   5   2   1   632.824327401    2214000000.0 
 15   6   6   2   1  12   7   7   2   1   632.824335443      58650000.0 
 15   6   6   2   1  13   5   5   2   1   1074.24754168    1851000000.0 
 15   6   6   2   1  13   7   7   2   1   1074.24756055      85490000.0 
 15   6   6   2   1  14   5   5   2   1   2405.82349295    1493000000.0 
 15   6   6   2   1  14   7   7   2   1   2405.82355266     124800000.0 
 15   7   7   2   1   7   6   6   2   1   99.1035266402    1571000000.0 
 15   7   7   2   1   8   6   6   2   1   141.501108507    2604000000.0 
 15   7   7   2   1   9   6   6   2   1   200.229574061    2974000000.0 
 15   7   7   2   1  10   6   6   2   1   284.770963358    2946000000.0 
 15   7   7   2   1  11   6   6   2   1   414.150059121    2729000000.0 
 15   7   7   2   1  12   6   6   2   1   632.824331839    2439000000.0 
 15   7   7   2   1  12   8   8   2   1   632.824344012      31130000.0 
 15   7   7   2   1  13   6   6   2   1   1074.24755194    2125000000.0 
 15   7   7   2   1  13   8   8   2   1   1074.24755916      53280000.0 
 15   7   7   2   1  14   6   6   2   1   2405.82351328    1761000000.0 
 15   7   7   2   1  14   8   8   2   1   2405.82354631      89440000.0 
 15   8   8   2   1   8   7   7   2   1   141.501093159     978500000.0 
 15   8   8   2   1   9   7   7   2   1   200.229602007    1880000000.0 
 15   8   8   2   1  10   7   7   2   1   284.770949858    2397000000.0 
 15   8   8   2   1  11   7   7   2   1   414.150070132    2583000000.0 
 15   8   8   2   1  12   7   7   2   1   632.824333114    2549000000.0 
 15   8   8   2   1  13   7   7   2   1   1074.24755384    2378000000.0 
 15   8   8   2   1  13   9   9   2   1   1074.24757309      30550000.0 
 15   8   8   2   1  14   7   7   2   1   2405.82351899    2065000000.0 
 15   8   8   2   1  14   9   9   2   1   2405.82354376      61290000.0 
 15   9   9   2   1   9   8   8   2   1   200.229574158     695600000.0 
 15   9   9   2   1  10   8   8   2   1   284.770972052    1519000000.0 
 15   9   9   2   1  11   8   8   2   1   414.150059253    2137000000.0 
 15   9   9   2   1  12   8   8   2   1    632.82434243    2480000000.0 
 15   9   9   2   1  13   8   8   2   1    1074.2475546    2577000000.0 
 15   9   9   2   1  13  10  10   2   1   1074.24755536      15410000.0 
 15   9   9   2   1  14   8   8   2   1   2405.82352344    2411000000.0 
 15   9   9   2   1  14  10  10   2   1   2405.82358632      39320000.0 
 15  10  10   2   1  10   9   9   2   1   284.770950018     578700000.0 
 15  10  10   2   1  11   9   9   2   1   414.150059592    1414000000.0 
 15  10  10   2   1  12   9   9   2   1   632.824333333    2167000000.0 
 15  10  10   2   1  13   9   9   2   1   1074.24757334    2673000000.0 
 15  10  10   2   1  14   9   9   2   1   2405.82354503    2805000000.0 
 15  10  10   2   1  14  11  11   2   1   2405.82361617      22780000.0 
 15  11  11   2   1  11  10  10   2   1   414.150058481     585200000.0 
 15  11  11   2   1  12  10  10   2   1   632.824331048    1577000000.0 
 15  11  11   2   1  13  10  10   2   1   1074.24755017    2593000000.0 
 15  11  11   2   1  14  10  10   2   1   2405.82356028    3254000000.0 
 15  11  11   2   1  14  12  12   2   1   2405.82350883      11020000.0 
 15  12  12   2   1  12  11  11   2   1    632.82433285     764600000.0 
 15  12  12   2   1  13  11  11   2   1   1074.24755523    2232000000.0 
 15  12  12   2   1  14  11  11   2   1   2405.82360665    3765000000.0 
 15  13  13   2   1  13  12  12   2   1   1074.24755713    1440000000.0 
 15  13  13   2   1  14  12  12   2   1   2405.82354376    4348000000.0 
 15  14  14   2   1  14  13  13   2   1   2405.82354313    5010000000.0 
100	0	0	0	0	0	0	0	0	0	1.0	1.0
# upper n l L (2S+1) Counter  lower  n l L (2S+1) Counter  Energy (Angstrom) Einstein A (s-1)
# File computed  using the RAP package (Witthoeft, 2011) using Autostructure and Nist data 
# For the final state of Li-like Fe