  2   1   2    2   0    2   1537.24584677     275100000.0 
  3   0   2    2   1    2   422.024931539    4202000000.0 
  3   1   2    2   0    2   313.134367439    4510000000.0 
  3   1   2    3   0    2   5764.52119786      32450000.0 
  3   2   2    2   1    2   386.404186699   17450000000.0 
  3   2   2    3   1    2   22241.7573406        472400.0 
  4   0   2    2   1    2   298.265018693    1552000000.0 
  4   0   2    3   1    2   1234.99506011    1072000000.0 
  4   1   2    2   0    2    245.49107399    2211000000.0 
  4   1   2    3   0    2   949.283964198     495600000.0 
  4   1   2    3   2    2   1197.61892183     126800000.0 
  4   1   2    4   0    2   14238.7699808       7299000.0 
  4   2   2    2   1    2   290.537854023    5850000000.0 
  4   2   2    3   1    2   1112.48430038    1754000000.0 
  4   2   2    4   1    2   52802.5866265        149900.0 
  4   3   2    3   2    2   1170.31361892    3535000000.0 
  4   3   2    4   2    2   1840943.51515           2.192 
  5   0   2    2   1    2   263.690844651     743100000.0 
  5   0   2    3   1    2    800.43764345     485100000.0 
  5   0   2    4   1    2   2707.34226405     350200000.0 
  5   1   2    2   0    2   223.313202642    1179000000.0 
  5   1   2    3   0    2   685.883623626     305700000.0 
  5   1   2    3   2    2   806.752281882      53980000.0 
  5   1   2    4   0    2   2106.24532532     106300000.0 
  5   1   2    4   2    2   2593.29878512      66060000.0 
  5   1   2    5   0    2   28423.8003743       2317000.0 
  5   2   2    2   1    2   260.607950875    2722000000.0 
  5   2   2    3   1    2   772.691076889     886200000.0 
  5   2   2    4   1    2   2414.13148525     354700000.0 
  5   2   2    4   3    2   2533.27469497      13110000.0 
  5   2   2    5   1    2   103306.545743         54580.0 
  5   3   2    3   2    2   800.302673422    1167000000.0 
  5   3   2    4   2    2    2527.8145666     661800000.0 
  5   3   2    5   2    2   3231443.40426           1.453 
  5   4   2    4   3    2   2531.26920812    1090000000.0 
  6   0   2    2   1    2   248.372029131     412500000.0 
  6   0   2    3   1    2   674.211060184     263000000.0 
  6   0   2    4   1    2   1657.64784851     179200000.0 
  6   0   2    5   1    2    5032.2891034     138900000.0 
  6   1   2    2   0    2   212.909974584     692000000.0 
  6   1   2    3   0    2   596.381684995     187500000.0 
  6   1   2    3   2    2    685.70969344      28160000.0 
  6   1   2    4   0    2   1441.78697551      74630000.0 
  6   1   2    4   2    2   1654.49376615      32570000.0 
  6   1   2    5   0    2   3937.20907323      32580000.0 
  6   1   2    5   2    2   4781.82201722      32800000.0 
  6   1   2    6   0    2   49779.6919043        911300.0 
  6   2   2    2   1    2   246.797793175    1498000000.0 
  6   2   2    3   1    2   662.735809537     499800000.0 
  6   2   2    4   1    2   1589.96095181     215600000.0 
  6   2   2    4   3    2   1640.78439281       5581000.0 
  6   2   2    5   1    2   4456.35683442     104500000.0 
  6   2   2    5   3    2   4663.97985505      10140000.0 
  6   2   2    6   1    2     178784.9794         23070.0 
  6   3   2    3   2    2   683.001718621     551600000.0 
  6   3   2    4   2    2   1638.81622582     330100000.0 
  6   3   2    5   2    2   4653.16761813     185000000.0 
  6   3   2    5   4    2   4659.94916979       2913000.0 
  6   3   2    6   2    2   5298064.18604          0.8039 
  6   4   2    4   3    2   1640.26754986     351600000.0 
  6   4   2    5   3    2    4659.8061966     283200000.0 
  6   5   2    5   4    2    4659.8776821     421300000.0 
  7   0   2    2   1    2   240.078277886     252000000.0 
  7   0   2    3   1    2   616.406933933     159000000.0 
  7   0   2    4   1    2   1347.06569123     105500000.0 
  7   0   2    5   1    2   2960.27391564      77280000.0 
  7   0   2    6   1    2   8403.26663101      63470000.0 
  7   1   2    2   0    2   207.109722804     437900000.0 
  7   1   2    3   0    2   553.000614737     121000000.0 
  7   1   2    3   2    2   628.977958402      16650000.0 
  7   1   2    4   0    2   1211.94276944      50040000.0 
  7   1   2    4   2    2   1358.78386458      18590000.0 
  7   1   2    5   0    2   2593.86717371      24840000.0 
  7   1   2    5   2    2   2935.45199478      17870000.0 
  7   1   2    6   0    2   6595.16428799      12480000.0 
  7   1   2    6   2    2   7940.01028152      17160000.0 
  7   1   2    7   0    2   79767.7731092        415300.0 
  7   2   2    2   1    2    239.15648428     915500000.0 
  7   2   2    3   1    2   610.366655213     308800000.0 
  7   2   2    4   1    2    1318.5499911     136000000.0 
  7   2   2    4   3    2   1353.31329452       2920000.0 
  7   2   2    5   1    2   2825.96721474      70560000.0 
  7   2   2    5   3    2   2908.06085033       4962000.0 
  7   2   2    6   1    2   7404.34087363      38870000.0 
  7   2   2    6   3    2   7735.51641299       6544000.0 
  7   2   2    7   1    2   284238.003743         10980.0 
  7   3   2    3   2    2   627.540788528     310300000.0 
  7   3   2    4   2    2   1352.09444973     188400000.0 
  7   3   2    5   2    2   2904.40900963     111000000.0 
  7   3   2    5   4    2     2907.049651       1191000.0 
  7   3   2    6   2    2   7716.91244591      66290000.0 
  7   3   2    6   4    2   7728.36556076       2844000.0 
  7   3   2    7   2    2   8136312.85717          0.4441 
  7   4   2    4   3    2   1353.08622617     165400000.0 
  7   4   2    5   3    2   2907.01255615     140400000.0 
  7   4   2    6   3    2   7728.10339564      96400000.0 
  7   4   2    6   5    2   7728.30001781        859100.0 
  7   5   2    5   4    2    2907.0403772     130300000.0 
  7   5   2    6   4    2   7728.30001781     136300000.0 
  7   6   2    6   5    2   7728.30001781     189700000.0 
  8   0   2    2   1    2   235.034917347     164800000.0 
  8   0   2    3   1    2    584.22006397     103500000.0 
  8   0   2    4   1    2    1202.3087062      67740000.0 
  8   0   2    5   1    2   2340.90382244      48300000.0 
  8   0   2    6   1    2   4798.92063826      37490000.0 
  8   0   2    7   1    2   13013.6387524      32190000.0 
  8   1   2    2   0    2   203.519120948     293300000.0 
  8   1   2    3   0    2   528.122261277      82060000.0 
  8   1   2    3   2    2   596.991572504      10700000.0 
  8   1   2    4   0    2   1098.53150933      34500000.0 
  8   1   2    4   2    2   1217.82371454      11690000.0 
  8   1   2    5   0    2   2124.45281646      17720000.0 
  8   1   2    5   2    2   2348.25720699      10890000.0 
  8   1   2    6   0    2   4222.77796829      10080000.0 
  8   1   2    6   2    2   4736.43826503      10050000.0 
  8   1   2    7   0    2   10233.2065132       5570000.0 
  8   1   2    7   2    2   12244.9212577       9538000.0 
  8   1   2    8   0    2   119872.012628        210600.0 
  8   2   2    2   1    2   234.445471254     601000000.0 
  8   2   2    3   1    2   580.591647664     204000000.0 
  8   2   2    4   1    2   1187.04177137      90650000.0 
  8   2   2    4   3    2   1215.14261407       1743000.0 
  8   2   2    5   1    2   2283.71703239      47880000.0 
  8   2   2    5   3    2     2337.031583       2825000.0 
  8   2   2    6   1    2   4564.59712079      28120000.0 
  8   2   2    6   3    2    4688.3352798       3531000.0 
  8   2   2    7   1    2   11423.3946748      16970000.0 
  8   2   2    7   3    2   11919.1545243       4129000.0 
  8   2   2    8   1    2   424635.153775          5730.0 
  8   3   2    3   2    2   596.123415682     193800000.0 
  8   3   2    4   2    2   1214.21648026     118400000.0 
  8   3   2    5   2    2   2334.88188089      70610000.0 
  8   3   2    5   4    2    2336.5881451        611400.0 
  8   3   2    6   2    2   4682.33688559      44180000.0 
  8   3   2    6   4    2   4686.55102009       1341000.0 
  8   3   2    7   2    2    11889.762144      28120000.0 
  8   3   2    7   4    2   11907.3179145       2169000.0 
  8   3   2    8   2    2   11834636.8831          0.2539 
  8   4   2    4   3    2   1215.01623991      93300000.0 
  8   4   2    5   3    2   2336.56418028      80300000.0 
  8   4   2    6   3    2   4686.45461231      57950000.0 
  8   4   2    6   5    2   4686.52691778        334400.0 
  8   4   2    7   3    2   11907.0067423      39340000.0 
  8   4   2    7   5    2   11907.1623264        987600.0 
  8   5   2    5   4    2   2336.58215385      59890000.0 
  8   5   2    6   4    2   4686.52691778      66030000.0 
  8   5   2    7   4    2   11907.1623264      53580000.0 
  8   5   2    7   6    2   11907.1623264        304800.0 
  8   6   2    6   5    2   4686.52691778      55730000.0 
  8   6   2    7   5    2   11907.1623264      71880000.0 
  8   7   2    7   6    2   11907.1623264      95410000.0 
  9   0   2    2   1    2   231.722677451     113300000.0 
  9   0   2    3   1    2    564.17483428      71080000.0 
  9   0   2    4   1    2   1120.38595883      46160000.0 
  9   0   2    5   1    2   2049.17256577      32420000.0 
  9   0   2    6   1    2   3714.75700135      24500000.0 
  9   0   2    7   1    2   7264.33340774      19900000.0 
  9   0   2    8   1    2   19056.9877452      17690000.0 
  9   1   2    2   0    2   201.132421123     205300000.0 
  9   1   2    3   0    2   512.345850737      57930000.0 
  9   1   2    3   2    2   576.910489224       7292000.0 
  9   1   2    4   0    2    1032.4053547      24590000.0 
  9   1   2    4   2    2    1137.0839536       7865000.0 
  9   1   2    5   0    2   1890.30530582      12810000.0 
  9   1   2    5   2    2   2065.46123805       7181000.0 
  9   1   2    6   0    2   3388.49157773       7520000.0 
  9   1   2    6   2    2   3711.47385013       6439000.0 
  9   1   2    7   0    2   6409.15896527       4689000.0 
  9   1   2    7   2    2   7144.27872554       5902000.0 
  9   1   2    8   0    2   15004.2322258       2778000.0 
  9   1   2    8   2    2   17872.8874593       5604000.0 
  9   1   2    9   0    2   171484.200226        115800.0 
  9   2   2    2   1    2   231.321512232     415800000.0 
  9   2   2    3   1    2   561.802716454     141800000.0 
  9   2   2    4   1    2   1111.06956964      63320000.0 
  9   2   2    4   3    2   1135.65129396       1134000.0 
  9   2   2    5   1    2   2018.22076541      33690000.0 
  9   2   2    5   3    2   2059.74689038       1782000.0 
  9   2   2    6   1    2   3614.27454091      20090000.0 
  9   2   2    6   3    2   3691.41759938       2139000.0 
  9   2   2    7   1    2   6889.75866449      12880000.0 
  9   2   2    7   3    2   7067.04387883       2395000.0 
  9   2   2    8   1    2   16678.2649438       8315000.0 
  9   2   2    8   3    2   17385.6155681       2642000.0 
  9   2   2    9   1    2   605090.996016          3216.0 
  9   3   2    3   2    2   576.341286325     129900000.0 
  9   3   2    4   2    2   1134.87483296      79630000.0 
  9   3   2    5   2    2   2058.18377289      47710000.0 
  9   3   2    5   4    2   2059.50947865        361000.0 
  9   3   2    6   2    2   3688.04121625      30170000.0 
  9   3   2    6   4    2   3690.65513219        748600.0 
  9   3   2    7   2    2   7057.95774212      20050000.0 
  9   3   2    7   4    2   7064.14034217       1130000.0 
  9   3   2    8   2    2   17342.2722948      13470000.0 
  9   3   2    8   4    2   17368.0536708       1553000.0 
  9   3   2    9   2    2   16875315.5554          0.1516 
  9   4   2    4   3    2   1135.57345855      58620000.0 
  9   4   2    5   3    2   2059.49086044      50730000.0 
  9   4   2    6   3    2   3690.59534417      37070000.0 
  9   4   2    6   5    2     3690.640185        166400.0 
  9   4   2    7   3    2   7064.03082147      26390000.0 
  9   4   2    7   5    2    7064.0855814        445900.0 
  9   4   2    8   3    2   17367.3916524      18290000.0 
  9   4   2    8   5    2   17367.7226553        852200.0 
  9   5   2    5   4    2   2059.50482407      33360000.0 
  9   5   2    6   4    2     3690.640185      37280000.0 
  9   5   2    7   4    2    7064.0855814      31820000.0 
  9   5   2    7   6    2    7064.0855814        112400.0 
  9   5   2    8   4    2   17367.7226553      24190000.0 
  9   5   2    8   6    2   17367.7226553        395700.0 
  9   6   2    6   5    2     3690.640185      24780000.0 
  9   6   2    7   5    2    7064.0855814      33670000.0 
  9   6   2    8   5    2   17367.7226553      31530000.0 
  9   6   2    8   7    2   17367.7226553        123800.0 
  9   7   2    7   6    2    7064.0855814      26520000.0 
  9   7   2    8   6    2   17367.7226553      40700000.0 
  9   8   2    8   7    2   17367.7226553      52140000.0 
 10   0   2    2   1    2   229.423527676      80950000.0 
 10   0   2    3   1    2   550.737318472      50900000.0 
 10   0   2    4   1    2   1068.60778108      32900000.0 
 10   0   2    5   1    2   1882.35533247      22900000.0 
 10   0   2    6   1    2   3200.57263276      17040000.0 
 10   0   2    7   1    2   5527.72174166      13470000.0 
 10   0   2    8   1    2   10446.9555647      11330000.0 
 10   0   2    9   1    2   26726.5086814      10360000.0 
 10   1   2    2   0    2   199.461511051     148700000.0 
 10   1   2    3   0    2   501.641301111      42270000.0 
 10   1   2    3   2    2   563.373662611       5197000.0 
 10   1   2    4   0    2   989.842736075      18060000.0 
 10   1   2    4   2    2   1085.66759714       5557000.0 
 10   1   2    5   0    2   1752.34225849       9487000.0 
 10   1   2    5   2    2   1901.85275083       5007000.0 
 10   1   2    6   0    2   2969.41854251       5639000.0 
 10   1   2    6   2    2   3214.56125807       4406000.0 
 10   1   2    7   0    2   5058.77248301       3621000.0 
 10   1   2    7   2    2   5505.94564548       3933000.0 
 10   1   2    8   0    2   9233.81809339       2414000.0 
 10   1   2    8   2    2   10245.8628289       3620000.0 
 10   1   2    9   0    2   21060.9928816       1507000.0 
 10   1   2    9   2    2   25001.8393327       3453000.0 
 10   1   2   10   0    2    236201.92846         67900.0 
 10   2   2    2   1    2   229.137681449     299700000.0 
 10   2   2    3   1    2   549.092990662     102600000.0 
 10   2   2    4   1    2   1062.43446549      45940000.0 
 10   2   2    4   3    2   1084.88950109        782700.0 
 10   2   2    5   1    2   1863.28410334      24530000.0 
 10   2   2    5   3    2   1898.62330768       1206000.0 
 10   2   2    6   1    2   3145.82563217      14710000.0 
 10   2   2    6   3    2   3204.10624248       1409000.0 
 10   2   2    7   1    2   5366.42368779       9556000.0 
 10   2   2    7   3    2   5473.37117322       1522000.0 
 10   2   2    8   1    2   9885.41314559       6535000.0 
 10   2   2    8   3    2   10129.6914184       1620000.0 
 10   2   2    9   1    2   23335.3061381       4448000.0 
 10   2   2    9   3    2   24306.2879091       1732000.0 
 10   2   2   10   1    2   830690.100273          1913.0 
 10   3   2    3   2    2   562.977929207      91650000.0 
 10   3   2    4   2    2    1084.1989392      56280000.0 
 10   3   2    5   2    2   1897.35040101      33800000.0 
 10   3   2    5   4    2   1898.47695516        233500.0 
 10   3   2    6   2    2   3201.71963825      21460000.0 
 10   3   2    6   4    2   3203.68945624        466900.0 
 10   3   2    7   2    2   5468.37874978      14390000.0 
 10   3   2    7   4    2   5472.08935327        671400.0 
 10   3   2    8   2    2   10116.5340764      10070000.0 
 10   3   2    8   4    2   10125.3018367        871400.0 
 10   3   2    9   2    2    24245.497938       7074000.0 
 10   3   2    9   4    2   24281.0295763       1097000.0 
 10   3   2   10   2    2   22781676.0004         0.09418 
 10   4   2    4   3    2    1084.8365484      39580000.0 
 10   4   2    5   3    2   1898.46113462      34350000.0 
 10   4   2    6   3    2   3203.64440476      25220000.0 
 10   4   2    6   5    2   3203.67819325         96290.0 
 10   4   2    7   3    2    5472.0236351      18160000.0 
 10   4   2    7   5    2   5472.05649399        242000.0 
 10   4   2    8   3    2   10125.0768325      13160000.0 
 10   4   2    8   5    2   10125.1893333        426700.0 
 10   4   2    9   3    2   24279.7356922       9374000.0 
 10   4   2    9   5    2    24280.382617        671700.0 
 10   5   2    5   4    2        1898.473      20820000.0 
 10   5   2    6   4    2   3203.67819325      23400000.0 
 10   5   2    7   4    2   5472.05649399      20230000.0 
 10   5   2    7   6    2   5472.05649399         53910.0 
 10   5   2    8   4    2   10125.1893333      16140000.0 
 10   5   2    8   6    2   10125.1893333        170400.0 
 10   5   2    9   4    2    24280.382617      12110000.0 
 10   5   2    9   6    2    24280.382617        375500.0 
 10   6   2    6   5    2   3203.67819325      13500000.0 
 10   6   2    7   5    2   5472.05649399      18600000.0 
 10   6   2    8   5    2   10125.1893333      18320000.0 
 10   6   2    8   7    2   10125.1893333         43230.0 
 10   6   2    9   5    2    24280.382617      15430000.0 
 10   6   2    9   7    2    24280.382617        176600.0 
 10   7   2    7   6    2   5472.05649399      11340000.0 
 10   7   2    8   6    2   10125.1893333      18340000.0 
 10   7   2    9   6    2    24280.382617      19470000.0 
 10   7   2    9   8    2    24280.382617         55790.0 
 10   8   2    8   7    2   10125.1893333      13700000.0 
 10   8   2    9   7    2    24280.382617      24400000.0 
 10   9   2    9   8    2    24280.382617      30420000.0 
 11   0   2    2   1    2   227.759478491      59260000.0 
 11   0   2    3   1    2    541.24461661      37680000.0 
 11   0   2    4   1    2   1033.43918728      24340000.0 
 11   0   2    5   1    2   1775.89897297      16840000.0 
 11   0   2    6   1    2   2904.52935552      12400000.0 
 11   0   2    7   1    2   4700.30555928       9650000.0 
 11   0   2    8   1    2   7838.99112243       7901000.0 
 11   0   2    9   1    2   14437.9719881       6835000.0 
 11   0   2   10   1    2   36216.0019076       6392000.0 
 11   1   2    2   0    2   198.243231249     121400000.0 
 11   1   2    3   0    2   494.006191971      33990000.0 
 11   1   2    3   2    2   553.761766268       4054000.0 
 11   1   2    4   0    2   960.548965209      14370000.0 
 11   1   2    4   2    2   1050.52821127       4254000.0 
 11   1   2    5   0    2   1662.58053216       7492000.0 
 11   1   2    5   2    2   1796.58067556       3759000.0 
 11   1   2    6   0    2    2720.5249582       4436000.0 
 11   1   2    6   2    2   2924.88064784       3238000.0 
 11   1   2    7   0    2   4376.63074174       2857000.0 
 11   1   2    7   2    2   4707.39552231       2820000.0 
 11   1   2    8   0    2   7188.68953331       1944000.0 
 11   1   2    8   2    2   7787.54221645       2516000.0 
 11   1   2    9   0    2   12772.8616282       1355000.0 
 11   1   2    9   2    2   14122.9161242       2322000.0 
 11   1   2   10   0    2   28535.9503977        878000.0 
 11   1   2   10   2    2   33776.9020349       2224000.0 
 11   1   2   11   0    2   312720.329444         42940.0 
 11   2   2    2   1    2   227.548196241     224700000.0 
 11   2   2    3   1    2   540.052981985      77080000.0 
 11   2   2    4   1    2   1029.10350809      34580000.0 
 11   2   2    4   3    2   1050.15775408        568800.0 
 11   2   2    5   1    2   1763.13409243      18490000.0 
 11   2   2    5   3    2   1794.74425988        862300.0 
 11   2   2    6   1    2   2870.53925753      11110000.0 
 11   2   2    6   3    2   2918.98752667        987900.0 
 11   2   2    7   1    2   4611.93204075       7239000.0 
 11   2   2    7   3    2   4690.70031039       1041000.0 
 11   2   2    8   1    2    7596.2341722       5005000.0 
 11   2   2    8   3    2   7739.65551215       1072000.0 
 11   2   2    9   1    2   13635.3943529       3596000.0 
 11   2   2    9   3    2   13961.2851036       1111000.0 
 11   2   2   10   1    2   31556.8459327       2550000.0 
 11   2   2   10   3    2   32850.2898342       1166000.0 
 11   2   2   11   1    2   1137661.72285          1097.0 
 11   3   2    3   2    2   553.482602294      67230000.0 
 11   3   2    4   2    2   1049.52398283      41330000.0 
 11   3   2    5   2    2   1793.64562359      24860000.0 
 11   3   2    5   4    2   1794.65236092        160900.0 
 11   3   2    6   2    2   2917.10935474      15810000.0 
 11   3   2    6   4    2   2918.74444288        314000.0 
 11   3   2    7   2    2   4687.29831492      10630000.0 
 11   3   2    7   4    2   4690.02434392        437200.0 
 11   3   2    8   2    2   7732.69385469       7497000.0 
 11   3   2    8   4    2    7737.8153658        543300.0 
 11   3   2    9   2    2   13943.5541818       5473000.0 
 11   3   2    9   4    2   13955.2985497        652000.0 
 11   3   2   10   2    2   32768.7813298       3992000.0 
 11   3   2   10   4    2   32817.1650821        778800.0 
 11   3   2   11   2    2   31423001.3797         0.05419 
 11   4   2    4   3    2   1050.12144881      28140000.0 
 11   4   2    5   3    2   1794.63822345      24460000.0 
 11   4   2    6   3    2   2918.70704897      18000000.0 
 11   4   2    6   5    2   2918.73509431         61440.0 
 11   4   2    7   3    2   4689.97606806      13010000.0 
 11   4   2    7   5    2   4690.00020587        148200.0 
 11   4   2    8   3    2   7737.68396026       9527000.0 
 11   4   2    8   5    2   7737.74966247        247100.0 
 11   4   2    9   3    2   13954.8711352       7081000.0 
 11   4   2    9   5    2   13955.0848392        363300.0 
 11   4   2   10   3    2   32814.8015844       5184000.0 
 11   4   2   10   5    2   32815.9832907        512900.0 
 11   5   2    5   4    2   1794.64882653      14010000.0 
 11   5   2    6   4    2   2918.73509431      15790000.0 
 11   5   2    7   4    2   4690.00020587      13720000.0 
 11   5   2    7   6    2   4690.00020587         30370.0 
 11   5   2    8   4    2   7737.74966247      11080000.0 
 11   5   2    8   6    2   7737.74966247         89580.0 
 11   5   2    9   4    2   13955.0848392       8707000.0 
 11   5   2    9   6    2   13955.0848392        180200.0 
 11   5   2   10   4    2   32815.9832907       6567000.0 
 11   5   2   10   6    2   32815.9832907        319500.0 
 11   6   2    6   5    2   2918.73509431       8302000.0 
 11   6   2    7   5    2   4690.00020587      11500000.0 
 11   6   2    8   5    2   7737.74966247      11480000.0 
 11   6   2    8   7    2   7737.74966247         19910.0 
 11   6   2    9   5    2   13955.0848392      10150000.0 
 11   6   2    9   7    2   13955.0848392         72500.0 
 11   6   2   10   5    2   32815.9832907       8211000.0 
 11   6   2   10   7    2   32815.9832907        180700.0 
 11   7   2    7   6    2   4690.00020587       6013000.0 
 11   7   2    8   6    2   7737.74966247       9856000.0 
 11   7   2    9   6    2   13955.0848392      11010000.0 
 11   7   2    9   8    2   13955.0848392         18450.0 
 11   7   2   10   6    2   32815.9832907      10180000.0 
 11   7   2   10   8    2   32815.9832907         85770.0 
 11   8   2    8   7    2   7737.74966247       5626000.0 
 11   8   2    9   7    2   13955.0848392      10560000.0 
 11   8   2   10   7    2   32815.9832907      12530000.0 
 11   8   2   10   9    2   32815.9832907         27290.0 
 11   9   2    9   8    2   13955.0848392       7564000.0 
 11   9   2   10   8    2   32815.9832907      15340000.0 
 11  10   2   10   9    2   32815.9832907      18710000.0 
 12   0   2    2   1    2   226.514696894      44500000.0 
 12   0   2    3   1    2   534.267552669      28560000.0 
 12   0   2    4   1    2   1008.29752768      18460000.0 
 12   0   2    5   1    2   1702.93046194      12730000.0 
 12   0   2    6   1    2   2714.30966231       9317000.0 
 12   0   2    7   1    2   4221.54553162       7177000.0 
 12   0   2    8   1    2   6592.15857055       5786000.0 
 12   0   2    9   1    2   10707.8133556       4874000.0 
 12   0   2   10   1    2   19327.3884918       4316000.0 
 12   0   2   11   1    2   47777.8556074       4135000.0 
 12   1   2    2   0    2   197.328303766      93380000.0 
 12   1   2    3   0    2   488.363651954      26340000.0 
 12   1   2    3   2    2   546.681392543       3111000.0 
 12   1   2    4   0    2    939.44377721      11200000.0 
 12   1   2    4   2    2   1025.33562869       3254000.0 
 12   1   2    5   0    2   1600.35095545       5861000.0 
 12   1   2    5   2    2   1724.13428792       2857000.0 
 12   1   2    6   0    2   2557.77743472       3485000.0 
 12   1   2    6   2    2   2737.60639289       2438000.0 
 12   1   2    7   0    2   3970.22999673       2256000.0 
 12   1   2    7   2    2   4240.52230159       2096000.0 
 12   1   2    8   0    2   6154.00798233       1551000.0 
 12   1   2    8   2    2   6587.67893934       1838000.0 
 12   1   2    9   0    2   9834.84291527       1110000.0 
 12   1   2    9   2    2   10616.2498689       1655000.0 
 12   1   2   10   0    2   17113.9602231        805600.0 
 12   1   2   10   2    2   18869.9378779       1544000.0 
 12   1   2   11   0    2   37613.6971148        530300.0 
 12   1   2   11   2    2   44426.0452418       1467000.0 
 12   1   2   12   0    2   406815.642857         27700.0 
 12   2   2    2   1    2   226.354060064     171400000.0 
 12   2   2    3   1    2   533.374757754      59020000.0 
 12   2   2    4   1    2   1005.12234964      26540000.0 
 12   2   2    4   3    2   1025.19720544        425900.0 
 12   2   2    5   1    2   1693.89306507      14220000.0 
 12   2   2    5   3    2   1723.04869448        638800.0 
 12   2   2    6   1    2   2691.42198936       8555000.0 
 12   2   2    6   3    2   2733.96789204        722200.0 
 12   2   2    7   1    2   4166.43976664       5589000.0 
 12   2   2    7   3    2   4230.61978291        747900.0 
 12   2   2    8   1    2   6458.76419307       3878000.0 
 12   2   2    8   3    2   6562.15688392        753400.0 
 12   2   2    9   1    2   10360.2519384       2816000.0 
 12   2   2    9   3    2   10547.3163731        758500.0 
 12   2   2   10   1    2   18223.8828894       2105000.0 
 12   2   2   10   3    2   18647.9022653        775600.0 
 12   2   2   11   1    2   41557.2345859       1555000.0 
 12   2   2   11   3    2   43192.1054128        803900.0 
 12   2   2   12   1    2   1481735.02439           706.3 
 12   3   2    3   2    2   546.472560844      50830000.0 
 12   3   2    4   2    2   1024.60125907      31290000.0 
 12   3   2    5   2    2    1722.0588352      18830000.0 
 12   3   2    5   4    2   1722.98679494        116200.0 
 12   3   2    6   2    2    2732.3775513      11990000.0 
 12   3   2    6   4    2   2733.81205525        222900.0 
 12   3   2    7   2    2   4227.98953288       8072000.0 
 12   3   2    7   4    2   4230.20736332        303400.0 
 12   3   2    8   2    2   6557.48197401       5704000.0 
 12   3   2    8   4    2   6561.16467945        366200.0 
 12   3   2    9   2    2   10538.0465805       4192000.0 
 12   3   2    9   4    2   10544.7533529        422700.0 
 12   3   2   10   2    2   18624.2727217       3170000.0 
 12   3   2   10   4    2    18639.891998        484700.0 
 12   3   2   11   2    2    43087.949312       2387000.0 
 12   3   2   11   4    2   43149.1566836        559500.0 
 12   3   2   12   2    2   41421229.0918         0.03592 
 12   4   2    4   3    2   1025.17067859      20800000.0 
 12   4   2    5   3    2   1722.97376402      18100000.0 
 12   4   2    6   3    2   2733.77924977      13340000.0 
 12   4   2    6   5    2    2733.8038538         41970.0 
 12   4   2    7   3    2   4230.16808946       9660000.0 
 12   4   2    7   5    2    4230.1877263         98430.0 
 12   4   2    8   3    2   6561.07019944       7096000.0 
 12   4   2    8   5    2   6561.11743911        158200.0 
 12   4   2    9   3    2   10544.5093207       5322000.0 
 12   4   2    9   5    2   10544.6313353        221300.0 
 12   4   2   10   3    2   18639.1294743       4057000.0 
 12   4   2   10   5    2   18639.5107284        294600.0 
 12   4   2   11   3    2   43145.0707826       3047000.0 
 12   4   2   11   5    2   43147.1136364        388200.0 
 12   5   2    5   4    2   1722.98353719       9954000.0 
 12   5   2    6   4    2    2733.8038538      11240000.0 
 12   5   2    7   4    2    4230.1877263       9787000.0 
 12   5   2    7   6    2    4230.1877263         19010.0 
 12   5   2    8   4    2   6561.11743911       7937000.0 
 12   5   2    8   6    2   6561.11743911         53610.0 
 12   5   2    9   4    2   10544.6313353       6306000.0 
 12   5   2    9   6    2   10544.6313353        101400.0 
 12   5   2   10   4    2   18639.5107284       4973000.0 
 12   5   2   10   6    2   18639.5107284        166300.0 
 12   5   2   11   4    2   43147.1136364       3797000.0 
 12   5   2   11   6    2   43147.1136364        259800.0 
 12   6   2    6   5    2    2733.8038538       5533000.0 
 12   6   2    7   5    2    4230.1877263       7686000.0 
 12   6   2    8   5    2   6561.11743911       7710000.0 
 12   6   2    8   7    2   6561.11743911         10880.0 
 12   6   2    9   5    2   10544.6313353       6903000.0 
 12   6   2    9   7    2   10544.6313353         36800.0 
 12   6   2   10   5    2   18639.5107284       5856000.0 
 12   6   2   10   7    2   18639.5107284         83110.0 
 12   6   2   11   5    2   43147.1136364       4673000.0 
 12   6   2   11   7    2   43147.1136364        163700.0 
 12   7   2    7   6    2    4230.1877263       3624000.0 
 12   7   2    8   6    2   6561.11743911       5974000.0 
 12   7   2    9   6    2   10544.6313353       6761000.0 
 12   7   2    9   8    2   10544.6313353          8148.0 
 12   7   2   10   6    2   18639.5107284       6568000.0 
 12   7   2   10   8    2   18639.5107284         33570.0 
 12   7   2   11   6    2   43147.1136364       5703000.0 
 12   7   2   11   8    2   43147.1136364         93360.0 
 12   8   2    8   7    2   6561.11743911       2892000.0 
 12   8   2    9   7    2   10544.6313353       5500000.0 
 12   8   2   10   7    2   18639.5107284       6869000.0 
 12   8   2   10   9    2   18639.5107284          8553.0 
 12   8   2   11   7    2   43147.1136364       6915000.0 
 12   8   2   11   9    2   43147.1136364         44610.0 
 12   9   2    9   8    2   10544.6313353       2978000.0 
 12   9   2   10   8    2   18639.5107284       6362000.0 
 12   9   2   11   8    2   43147.1136364       8343000.0 
 12   9   2   11  10    2   43147.1136364         14270.0 
 12  10   2   10   9    2   18639.5107284       4406000.0 
 12  10   2   11   9    2   43147.1136364      10030000.0 
 12  11   2   11  10    2   43147.1136364      12010000.0 
 13   0   2    2   1    2   225.558524443      33670000.0 
 13   0   2    3   1    2   528.978505734      22010000.0 
 13   0   2    4   1    2   989.623445139      14280000.0 
 13   0   2    5   1    2   1650.33484192       9841000.0 
 13   0   2    6   1    2   2583.09557488       7178000.0 
 13   0   2    7   1    2   3912.44462572       5494000.0 
 13   0   2    8   1    2   5868.20083844       4386000.0 
 13   0   2    9   1    2   8920.26038353       3638000.0 
 13   0   2   10   1    2   14193.5274053       3138000.0 
 13   0   2   11   1    2   25223.9887065       2870000.0 
 13   0   2   12   1    2    61513.908465       2761000.0 
 13   1   2    2   0    2   196.622629056      72700000.0 
 13   1   2    3   0    2   484.064054089      20730000.0 
 13   1   2    3   2    2   541.299272163       2439000.0 
 13   1   2    4   0    2   923.661655759       8871000.0 
 13   1   2    4   2    2   1006.56454485       2551000.0 
 13   1   2    5   0    2   1555.08709178       4665000.0 
 13   1   2    5   2    2   1671.71220488       2230000.0 
 13   1   2    6   0    2    2444.0777048       2784000.0 
 13   1   2    6   2    2   2607.76273165       1891000.0 
 13   1   2    7   0    2   3702.84739068       1809000.0 
 13   1   2    7   2    2   3936.88588969       1611000.0 
 13   1   2    8   0    2   5534.53692963       1250000.0 
 13   1   2    8   2    2   5882.82370258       1396000.0 
 13   1   2    9   0    2   8342.56795232        902600.0 
 13   1   2    9   2    2   8898.13633301       1236000.0 
 13   1   2   10   0    2   13051.4750576        672300.0 
 13   1   2   10   2    2    14048.454352       1127000.0 
 13   1   2   11   0    2   22334.4290581        495600.0 
 13   1   2   11   2    2   24571.7262579       1043000.0 
 13   1   2   12   0    2   48435.5820134        339500.0 
 13   1   2   12   2    2    57100.510057       1006000.0 
 13   1   2   13   0    2   517765.363636         18530.0 
 13   2   2    2   1    2   225.433421509     132900000.0 
 13   2   2    3   1    2   528.290960698      46050000.0 
 13   2   2    4   1    2   987.219781077      20770000.0 
 13   2   2    4   3    2   1006.57899882        327900.0 
 13   2   2    5   1    2   1643.66102526      11150000.0 
 13   2   2    5   3    2   1671.09908126        487900.0 
 13   2   2    6   1    2   2566.78310983       6722000.0 
 13   2   2    6   3    2   2605.45137439        546200.0 
 13   2   2    7   1    2   3875.14315968       4397000.0 
 13   2   2    7   3    2   3930.60287527        558700.0 
 13   2   2    8   1    2   5784.68390349       3056000.0 
 13   2   2    8   3    2   5867.48293713        553900.0 
 13   2   2    9   1    2   8728.69510244       2226000.0 
 13   2   2    9   3    2    8861.1036669        546200.0 
 13   2   2   10   1    2   13714.6066672       1680000.0 
 13   2   2   10   3    2   13953.3753905        543600.0 
 13   2   2   11   1    2   23750.0857463       1315000.0 
 13   2   2   11   3    2   24275.2081835        551000.0 
 13   2   2   12   1    2    53427.945591        987800.0 
 13   2   2   12   3    2   55500.7637493        567500.0 
 13   2   2   13   1    2   1890595.51867           470.3 
 13   3   2    3   2    2   541.138552038      39400000.0 
 13   3   2    4   2    2   1006.00893772      24270000.0 
 13   3   2    5   2    2   1670.18023863      14620000.0 
 13   3   2    5   4    2   1671.05311511         87010.0 
 13   3   2    6   2    2   2604.03676017       9309000.0 
 13   3   2    6   4    2   2605.33963845        164700.0 
 13   3   2    7   2    2   3928.40008794       6272000.0 
 13   3   2    7   4    2   3930.31467808        220700.0 
 13   3   2    8   2    2   5863.89606378       4435000.0 
 13   3   2    8   4    2   5866.84075326        261000.0 
 13   3   2    9   2    2   8854.90414047       3264000.0 
 13   3   2    9   4    2    8859.6391071        293300.0 
 13   3   2   10   2    2   13940.9944008       2483000.0 
 13   3   2   10   4    2   13949.7442021        324500.0 
 13   3   2   11   2    2   24244.8528707       1936000.0 
 13   3   2   11   4    2   24264.2198317        361600.0 
 13   3   2   12   2    2   55365.8812808       1495000.0 
 13   3   2   12   4    2   55443.3584814        407700.0 
 13   3   2   13   2    2   50625946.6646         0.02449 
 13   4   2    4   3    2   1006.55898574      15850000.0 
 13   4   2    5   3    2   1671.04392219      13800000.0 
 13   4   2    6   3    2   2605.31729241      10180000.0 
 13   4   2    6   5    2   2605.33963845         30140.0 
 13   4   2    7   3    2   3930.29772662       7380000.0 
 13   4   2    7   5    2   3930.31467808         69270.0 
 13   4   2    8   3    2   5866.80298212       5429000.0 
 13   4   2    8   5    2   5866.84075326        108500.0 
 13   4   2    9   3    2    8859.5529716       4083000.0 
 13   4   2    9   5    2    8859.6391071        146800.0 
 13   4   2   10   3    2   13949.5306616       3137000.0 
 13   4   2   10   5    2   13949.7442021        186800.0 
 13   4   2   11   3    2   24263.5737679       2449000.0 
 13   4   2   11   5    2   24264.2198317        234000.0 
 13   4   2   12   3    2   55439.9853988       1881000.0 
 13   4   2   12   5    2   55443.3584814        294200.0 
 13   5   2    5   4    2   1671.05311511       7362000.0 
 13   5   2    6   4    2   2605.33963845       8320000.0 
 13   5   2    7   4    2   3930.31467808       7256000.0 
 13   5   2    7   6    2   3930.31467808         12800.0 
 13   5   2    8   4    2   5866.84075326       5897000.0 
 13   5   2    8   6    2   5866.84075326         35010.0 
 13   5   2    9   4    2    8859.6391071       4703000.0 
 13   5   2    9   6    2    8859.6391071         63590.0 
 13   5   2   10   4    2   13949.7442021       3746000.0 
 13   5   2   10   6    2   13949.7442021         98660.0 
 13   5   2   11   4    2   24264.2198317       2985000.0 
 13   5   2   11   6    2   24264.2198317        144000.0 
 13   5   2   12   4    2   55443.3584814       2312000.0 
 13   5   2   12   6    2   55443.3584814        207300.0 
 13   6   2    6   5    2   2605.33963845       3903000.0 
 13   6   2    7   5    2   3930.31467808       5431000.0 
 13   6   2    8   5    2   5866.84075326       5463000.0 
 13   6   2    8   7    2   5866.84075326          6658.0 
 13   6   2    9   5    2    8859.6391071       4914000.0 
 13   6   2    9   7    2    8859.6391071         21460.0 
 13   6   2   10   5    2   13949.7442021       4216000.0 
 13   6   2   10   7    2   13949.7442021         45340.0 
 13   6   2   11   5    2   24264.2198317       3523000.0 
 13   6   2   11   7    2   24264.2198317         81920.0 
 13   6   2   12   5    2   55443.3584814       2808000.0 
 13   6   2   12   7    2   55443.3584814        140200.0 
 13   7   2    7   6    2   3930.31467808       2380000.0 
 13   7   2    8   6    2   5866.84075326       3934000.0 
 13   7   2    9   6    2    8859.6391071       4475000.0 
 13   7   2    9   8    2    8859.6391071          4314.0 
 13   7   2   10   6    2   13949.7442021       4402000.0 
 13   7   2   10   8    2   13949.7442021         16440.0 
 13   7   2   11   6    2   24264.2198317       4012000.0 
 13   7   2   11   8    2   24264.2198317         41130.0 
 13   7   2   12   6    2   55443.3584814       3382000.0 
 13   7   2   12   8    2   55443.3584814         89010.0 
 13   8   2    8   7    2   5866.84075326       1703000.0 
 13   8   2    9   7    2    8859.6391071       3256000.0 
 13   8   2   10   7    2   13949.7442021       4121000.0 
 13   8   2   10   9    2   13949.7442021          3624.0 
 13   8   2   11   7    2   24264.2198317       4362000.0 
 13   8   2   11   9    2   24264.2198317         16650.0 
 13   8   2   12   7    2   55443.3584814       4049000.0 
 13   8   2   12   9    2   55443.3584814         51100.0 
 13   9   2    9   8    2    8859.6391071       1481000.0 
 13   9   2   10   8    2   13949.7442021       3208000.0 
 13   9   2   11   8    2   24264.2198317       4429000.0 
 13   9   2   11  10    2   24264.2198317          4246.0 
 13   9   2   12   8    2   55443.3584814       4824000.0 
 13   9   2   12  10    2   55443.3584814         24540.0 
 13  10   2   10   9    2   13949.7442021       1663000.0 
 13  10   2   11   9    2   24264.2198317       3986000.0 
 13  10   2   12   9    2   55443.3584814       5726000.0 
 13  10   2   12  11    2   55443.3584814          7887.0 
 13  11   2   11  10    2   24264.2198317       2685000.0 
 13  11   2   12  10    2   55443.3584814       6774000.0 
 13  12   2   12  11    2   55443.3584814       7993000.0 
 14   0   2    2   1    2   224.807597898      25250000.0 
 14   0   2    3   1    2   524.866872059      17090000.0 
 14   0   2    4   1    2   975.329615109      11200000.0 
 14   0   2    5   1    2   1610.96307715       7737000.0 
 14   0   2    6   1    2   2487.92451594       5637000.0 
 14   0   2    7   1    2   3698.17393775       4300000.0 
 14   0   2    8   1    2    5399.0131766       3411000.0 
 14   0   2    9   1    2   7879.38851036       2803000.0 
 14   0   2   10   1    2   11728.3204201       2381000.0 
 14   0   2   11   1    2   18364.1739551       2164000.0 
 14   0   2   12   1    2   32190.0116571       1958000.0 
 14   0   2   13   1    2   77653.7741798       1902000.0 
 14   1   2    2   0    2   196.066614713      56420000.0 
 14   1   2    3   0    2    480.70796871      16410000.0 
 14   1   2    3   2    2    537.10606475       1947000.0 
 14   1   2    4   0    2   911.518619139       7107000.0 
 14   1   2    4   2    2   992.160894186       2043000.0 
 14   1   2    5   0    2     1520.973672       3763000.0 
 14   1   2    5   2    2   1632.35493584       1784000.0 
 14   1   2    6   0    2    2360.8566025       2258000.0 
 14   1   2    6   2    2   2513.23693348       1506000.0 
 14   1   2    7   0    2   3515.12116092       1473000.0 
 14   1   2    7   2    2   3725.35705525       1275000.0 
 14   1   2    8   0    2   5125.40940639       1021000.0 
 14   1   2    8   2    2   5422.72377801       1095000.0 
 14   1   2    9   0    2   7446.57394545        741100.0 
 14   1   2    9   2    2   7886.07092788        958800.0 
 14   1   2   10   0    2   10983.8850586        557200.0 
 14   1   2   10   2    2   11681.5628966        860100.0 
 14   1   2   11   0    2   16892.8340501        422400.0 
 14   1   2   11   2    2   18142.2492982        780700.0 
 14   1   2   12   0    2   28515.4125857        323500.0 
 14   1   2   12   2    2   31312.8664697        734100.0 
 14   1   2   13   0    2    61146.550359        225600.0 
 14   1   2   13   2    2   71974.3337809        709200.0 
 14   1   2   14   0    2   647206.704546         12770.0 
 14   2   2    2   1    2   224.708202898     103900000.0 
 14   2   2    3   1    2   524.325389245      36370000.0 
 14   2   2    4   1    2    973.46149491      16490000.0 
 14   2   2    4   3    2   992.279734352        258400.0 
 14   2   2    5   1    2   1605.87291769       8884000.0 
 14   2   2    5   3    2   1632.05381513        382100.0 
 14   2   2    6   1    2   2475.80491701       5366000.0 
 14   2   2    6   3    2   2511.76141125        424500.0 
 14   2   2    7   1    2   3671.45860445       3515000.0 
 14   2   2    7   3    2   3721.20399371        430200.0 
 14   2   2    8   1    2   5342.26208692       2446000.0 
 14   2   2    8   3    2    5412.8030222        421600.0 
 14   2   2    9   1    2   7759.09608753       1784000.0 
 14   2   2    9   3    2   7863.54610174        409700.0 
 14   2   2   10   1    2   11463.7762766       1350000.0 
 14   2   2   10   3    2   11630.1278812        399800.0 
 14   2   2   11   1    2   17723.7584363       1087000.0 
 14   2   2   11   3    2   18014.5703272        395100.0 
 14   2   2   12   1    2   30272.6410205        852900.0 
 14   2   2   12   3    2   30927.1013066        399200.0 
 14   2   2   13   1    2   67361.5493791        653000.0 
 14   2   2   13   3    2   69946.8099478        409100.0 
 14   2   2   14   1    2   2366927.37663           321.2 
 14   3   2    3   2    2   536.979781653      31140000.0 
 14   3   2    4   2    2   991.730067279      19210000.0 
 14   3   2    5   2    2   1631.18907656      11580000.0 
 14   3   2    5   4    2   1632.02166317         67030.0 
 14   3   2    6   2    2   2510.47434336       7376000.0 
 14   3   2    6   4    2   2511.68525761        125600.0 
 14   3   2    7   2    2   3719.29031758       4971000.0 
 14   3   2    7   4    2   3721.00645983        166300.0 
 14   3   2    8   2    2   5409.87883285       3515000.0 
 14   3   2    8   4    2   5412.38508734        193800.0 
 14   3   2    9   2    2   7858.93456832       2588000.0 
 14   3   2    9   4    2   7862.66406668        213700.0 
 14   3   2   10   2    2   11622.1181512       1970000.0 
 14   3   2   10   4    2    11628.198604        230600.0 
 14   3   2   11   2    2   17999.2699692       1547000.0 
 14   3   2   11   4    2   18009.9418949        248700.0 
 14   3   2   12   2    2   30889.3610386       1234000.0 
 14   3   2   12   4    2    30913.462243        271900.0 
 14   3   2   13   2    2    69775.424196        974800.0 
 14   3   2   13   4    2   69871.7251955        301400.0 
 14   3   2   14   2    2   65090502.8563         0.01709 
 14   4   2    4   3    2   992.264607659      12380000.0 
 14   4   2    5   3    2   1632.01289468      10780000.0 
 14   4   2    6   3    2   2511.66448924       7959000.0 
 14   4   2    6   5    2   2511.68525761         22480.0 
 14   4   2    7   3    2   3720.99126579       5773000.0 
 14   4   2    7   5    2   3721.00645983         50890.0 
 14   4   2    8   3    2   5412.35294118       4250000.0 
 14   4   2    8   5    2   5412.38508734         78260.0 
 14   4   2    9   3    2   7862.59622602       3199000.0 
 14   4   2    9   5    2   7862.66406668        103400.0 
 14   4   2   10   3    2   11628.0502246       2464000.0 
 14   4   2   10   5    2    11628.198604        127700.0 
 14   4   2   11   3    2   18009.5859602       1937000.0 
 14   4   2   11   5    2   18009.9418949        153400.0 
 14   4   2   12   3    2   30912.4135826       1544000.0 
 14   4   2   12   5    2    30913.462243        184500.0 
 14   4   2   13   3    2   69871.7251955       1211000.0 
 14   4   2   13   5    2   69871.7251955        224400.0 
 14   5   2    5   4    2   1632.02166317       5618000.0 
 14   5   2    6   4    2   2511.68525761       6354000.0 
 14   5   2    7   4    2   3721.00645983       5546000.0 
 14   5   2    7   6    2   3721.00645983          9097.0 
 14   5   2    8   4    2   5412.38508734       4512000.0 
 14   5   2    8   6    2   5412.38508734         24330.0 
 14   5   2    9   4    2   7862.66406668       3605000.0 
 14   5   2    9   6    2   7862.66406668         42960.0 
 14   5   2   10   4    2    11628.198604       2881000.0 
 14   5   2   10   6    2    11628.198604         64230.0 
 14   5   2   11   4    2   18009.9418949       2317000.0 
 14   5   2   11   6    2   18009.9418949         89170.0 
 14   5   2   12   4    2    30913.462243       1870000.0 
 14   5   2   12   6    2    30913.462243        120900.0 
 14   5   2   13   4    2   69871.7251955       1470000.0 
 14   5   2   13   6    2   69871.7251955        164300.0 
 14   6   2    6   5    2   2511.68525761       2874000.0 
 14   6   2    7   5    2   3721.00645983       4003000.0 
 14   6   2    8   5    2   5412.38508734       4032000.0 
 14   6   2    8   7    2   5412.38508734          4406.0 
 14   6   2    9   5    2   7862.66406668       3635000.0 
 14   6   2    9   7    2   7862.66406668         13740.0 
 14   6   2   10   5    2    11628.198604       3132000.0 
 14   6   2   10   7    2    11628.198604         27780.0 
 14   6   2   11   5    2   18009.9418949       2645000.0 
 14   6   2   11   7    2   18009.9418949         47270.0 
 14   6   2   12   5    2    30913.462243       2204000.0 
 14   6   2   12   7    2    30913.462243         74980.0 
 14   6   2   13   5    2   69871.7251955       1765000.0 
 14   6   2   13   7    2   69871.7251955        116900.0 
 14   7   2    7   6    2   3721.00645983       1660000.0 
 14   7   2    8   6    2   5412.38508734       2749000.0 
 14   7   2    9   6    2   7862.66406668       3136000.0 
 14   7   2    9   8    2   7862.66406668          2573.0 
 14   7   2   10   6    2    11628.198604       3099000.0 
 14   7   2   10   8    2    11628.198604          9320.0 
 14   7   2   11   6    2   18009.9418949       2858000.0 
 14   7   2   11   8    2   18009.9418949         21740.0 
 14   7   2   12   6    2    30913.462243       2526000.0 
 14   7   2   12   8    2    30913.462243         42850.0 
 14   7   2   13   6    2   69871.7251955       2102000.0 
 14   7   2   13   8    2   69871.7251955         79680.0 
 14   8   2    8   7    2   5412.38508734       1098000.0 
 14   8   2    9   7    2   7862.66406668       2105000.0 
 14   8   2   10   7    2    11628.198604       2678000.0 
 14   8   2   10   9    2    11628.198604          1855.0 
 14   8   2   11   7    2   18009.9418949       2871000.0 
 14   8   2   11   9    2   18009.9418949          7863.0 
 14   8   2   12   7    2    30913.462243       2799000.0 
 14   8   2   12   9    2    30913.462243         21580.0 
 14   8   2   13   7    2   69871.7251955       2489000.0 
 14   8   2   13   9    2   69871.7251955         50890.0 
 14   9   2    9   8    2   7862.66406668        849800.0 
 14   9   2   10   8    2    11628.198604       1851000.0 
 14   9   2   11   8    2   18009.9418949       2589000.0 
 14   9   2   11  10    2   18009.9418949          1726.0 
 14   9   2   12   8    2    30913.462243       2967000.0 
 14   9   2   12  10    2    30913.462243          8750.0 
 14   9   2   13   8    2   69871.7251955       2934000.0 
 14   9   2   13  10    2   69871.7251955         29360.0 
 14  10   2   10   9    2    11628.198604        799700.0 
 14  10   2   11   9    2   18009.9418949       1943000.0 
 14  10   2   12   9    2    30913.462243       2939000.0 
 14  10   2   12  11    2    30913.462243          2232.0 
 14  10   2   13   9    2   69871.7251955       3445000.0 
 14  10   2   13  11    2   69871.7251955         14160.0 
 14  11   2   11  10    2   18009.9418949        971500.0 
 14  11   2   12  10    2    30913.462243       2583000.0 
 14  11   2   13  10    2   69871.7251955       4033000.0 
 14  11   2   13  12    2   69871.7251955          4566.0 
 14  12   2   12  11    2    30913.462243       1699000.0 
 14  12   2   13  11    2   69871.7251955       4709000.0 
 14  13   2   13  12    2   69871.7251955       5486000.0 
 15   0   2    2   1    2   224.206806213      17450000.0 
 15   0   2    3   1    2   521.603595549      12980000.0 
 15   0   2    4   1    2   964.121124147       8747000.0 
 15   0   2    5   1    2   1580.61193906       6111000.0 
 15   0   2    6   1    2   2416.26948226       4472000.0 
 15   0   2    7   1    2   3542.03737678       3412000.0 
 15   0   2    8   1    2   5072.57072242       2700000.0 
 15   0   2    9   1    2   7202.89485749       2207000.0 
 15   0   2   10   1    2   10289.8265583       1858000.0 
 15   0   2   11   1    2   15066.2495867       1761000.0 
 15   0   2   12   1    2   23263.8186413       1531000.0 
 15   0   2   13   1    2   40326.9035713       1390000.0 
 15   0   2   14   1    2   96389.5747832       1353000.0 
 15   1   2    2   0    2   195.620509533      39870000.0 
 15   1   2    3   0    2   478.035205815      12420000.0 
 15   1   2    3   2    2    533.77153424       1567000.0 
 15   1   2    4   0    2   901.956146698       5586000.0 
 15   1   2    4   2    2   980.842093027       1670000.0 
 15   1   2    5   0    2   1494.53455857       3021000.0 
 15   1   2    5   2    2   1601.94046958       1464000.0 
 15   1   2    6   0    2   2297.76176344       1838000.0 
 15   1   2    6   2    2   2441.85751877       1236000.0 
 15   1   2    7   0    2    3377.0518194       1210000.0 
 15   1   2    7   2    2   3570.64170432       1043000.0 
 15   1   2    8   0    2   4837.05360603        845000.0 
 15   1   2    8   2    2   5100.99381455        890700.0 
 15   1   2    9   0    2   6853.02309491        617100.0 
 15   1   2    9   2    2   7223.50669425        773500.0 
 15   1   2   10   0    2   9739.60903349        467100.0 
 15   1   2   10   2    2   10284.2524377        686600.0 
 15   1   2   11   0    2    14118.758657        363800.0 
 15   1   2   11   2    2   14981.0455711        622800.0 
 15   1   2   12   0    2   21413.3621581        284700.0 
 15   1   2   12   2    2   22953.2515554        570300.0 
 15   1   2   13   0    2   35733.1597522        221400.0 
 15   1   2   13   2    2   39177.4307825        535900.0 
 15   1   2   14   0    2   75894.6481219        156300.0 
 15   1   2   14   2    2   89217.4505581        515900.0 
 15   1   2   15   0    2    795866.41048          9029.0 
 15   2   2    2   1    2   224.126572023      78470000.0 
 15   2   2    3   1    2   521.169548368      28370000.0 
 15   2   2    4   1    2   962.639246002      13070000.0 
 15   2   2    4   3    2   981.037441825        207900.0 
 15   2   2    5   1    2   1576.63294595       7101000.0 
 15   2   2    5   3    2   1601.86162284        305900.0 
 15   2   2    6   1    2   2406.98333038       4314000.0 
 15   2   2    6   3    2   2440.95488101        337900.0 
 15   2   2    7   1    2   3522.11806267       2836000.0 
 15   2   2    7   3    2    3567.8736458        340000.0 
 15   2   2    8   1    2   5031.81672106       1979000.0 
 15   2   2    8   3    2   5094.34944487        330300.0 
 15   2   2    9   1    2   7120.99836679       1446000.0 
 15   2   2    9   3    2   7208.87784889        317400.0 
 15   2   2   10   1    2    10123.502083       1096000.0 
 15   2   2   10   3    2   10253.0101937        305400.0 
 15   2   2   11   1    2   14712.3305187        952900.0 
 15   2   2   11   3    2     14912.15762        296500.0 
 15   2   2   12   1    2   22430.6365382        742200.0 
 15   2   2   12   3    2   22787.9426842        292400.0 
 15   2   2   13   1    2   37887.3706968        586900.0 
 15   2   2   13   3    2    38691.705163        294600.0 
 15   2   2   14   1    2   83533.5081126        451800.0 
 15   2   2   14   3    2   86704.7611798        300900.0 
 15   2   2   15   1    2   2939571.09678           221.4 
 15   3   2    3   2    2   533.670878366      24960000.0 
 15   3   2    4   2    2   980.502266007      15430000.0 
 15   3   2    5   2    2   1601.03420044       9311000.0 
 15   3   2    5   4    2   1601.83628089         52840.0 
 15   3   2    6   2    2   2439.75240155       5937000.0 
 15   3   2    6   4    2   2440.89603651         98270.0 
 15   3   2    7   2    2   3566.14229865       4004000.0 
 15   3   2    7   4    2    3567.7199906        128900.0 
 15   3   2    8   2    2   5091.81603312       2832000.0 
 15   3   2    8   4    2   5094.03619004        148500.0 
 15   3   2    9   2    2   7205.11595177       2084000.0 
 15   3   2    9   4    2   7208.25059326        161500.0 
 15   3   2   10   2    2   10247.0149556       1587000.0 
 15   3   2   10   4    2   10251.7413853        171300.0 
 15   3   2   11   2    2   14902.1592805       1255000.0 
 15   3   2   11   4    2    14909.473822        180500.0 
 15   3   2   12   2    2   22768.5840642       1004000.0 
 15   3   2   12   4    2       22781.676        191400.0 
 15   3   2   13   2    2   38642.4832499        817500.0 
 15   3   2   13   4    2    38672.001358        206500.0 
 15   3   2   14   2    2   86490.7972665        657600.0 
 15   3   2   14   4    2   86605.8772097        226100.0 
 15   3   2   15   2    2   75938920.0006         0.01214 
 15   4   2    4   3    2   981.024768192       9864000.0 
 15   4   2    5   3    2   1601.82783375       8598000.0 
 15   4   2    6   3    2   2440.87642231       6348000.0 
 15   4   2    6   5    2   2440.89603651         17270.0 
 15   4   2    7   3    2   3567.70602261       4606000.0 
 15   4   2    7   5    2    3567.7199906         38670.0 
 15   4   2    8   3    2   5094.00771424       3392000.0 
 15   4   2    8   5    2   5094.03619004         58640.0 
 15   4   2    9   3    2   7208.19357543       2554000.0 
 15   4   2    9   5    2   7208.25059326         76190.0 
 15   4   2   10   3    2   10251.6260547       1968000.0 
 15   4   2   10   5    2   10251.7413853         92020.0 
 15   4   2   11   3    2   14909.2298883       1550000.0 
 15   4   2   11   5    2    14909.473822        107500.0 
 15   4   2   12   3    2   22781.1064723       1244000.0 
 15   4   2   12   5    2       22781.676        124400.0 
 15   4   2   13   3    2    38672.001358       1011000.0 
 15   4   2   13   5    2    38672.001358        145400.0 
 15   4   2   14   3    2   86605.8772097        807000.0 
 15   4   2   14   5    2   86605.8772097        172500.0 
 15   5   2    5   4    2   1601.83628089       4397000.0 
 15   5   2    6   4    2   2440.89603651       4975000.0 
 15   5   2    7   4    2    3567.7199906       4345000.0 
 15   5   2    7   6    2    3567.7199906          6732.0 
 15   5   2    8   4    2   5094.03619004       3537000.0 
 15   5   2    8   6    2   5094.03619004         17700.0 
 15   5   2    9   4    2   7208.25059326       2829000.0 
 15   5   2    9   6    2   7208.25059326         30630.0 
 15   5   2   10   4    2   10251.7413853       2264000.0 
 15   5   2   10   6    2   10251.7413853         44630.0 
 15   5   2   11   4    2    14909.473822       1825000.0 
 15   5   2   11   6    2    14909.473822         59870.0 
 15   5   2   12   4    2       22781.676       1486000.0 
 15   5   2   12   6    2       22781.676         77520.0 
 15   5   2   13   4    2    38672.001358       1216000.0 
 15   5   2   13   6    2    38672.001358         99920.0 
 15   5   2   14   4    2   86605.8772097        969600.0 
 15   5   2   14   6    2   86605.8772097        130300.0 
 15   6   2    6   5    2   2440.89603651       2187000.0 
 15   6   2    7   5    2    3567.7199906       3048000.0 
 15   6   2    8   5    2   5094.03619004       3073000.0 
 15   6   2    8   7    2   5094.03619004          3087.0 
 15   6   2    9   5    2   7208.25059326       2774000.0 
 15   6   2    9   7    2   7208.25059326          9397.0 
 15   6   2   10   5    2   10251.7413853       2394000.0 
 15   6   2   10   7    2   10251.7413853         18440.0 
 15   6   2   11   5    2    14909.473822       2030000.0 
 15   6   2   11   7    2    14909.473822         30130.0 
 15   6   2   12   5    2       22781.676       1708000.0 
 15   6   2   12   7    2       22781.676         45250.0 
 15   6   2   13   5    2    38672.001358       1428000.0 
 15   6   2   13   7    2    38672.001358         65960.0 
 15   6   2   14   5    2   86605.8772097       1152000.0 
 15   6   2   14   7    2   86605.8772097         96310.0 
 15   7   2    7   6    2    3567.7199906       1212000.0 
 15   7   2    8   6    2   5094.03619004       2009000.0 
 15   7   2    9   6    2   7208.25059326       2295000.0 
 15   7   2    9   8    2   7208.25059326          1668.0 
 15   7   2   10   6    2   10251.7413853       2274000.0 
 15   7   2   10   8    2   10251.7413853          5835.0 
 15   7   2   11   6    2    14909.473822       2106000.0 
 15   7   2   11   8    2    14909.473822         12990.0 
 15   7   2   12   6    2       22781.676       1882000.0 
 15   7   2   12   8    2       22781.676         24020.0 
 15   7   2   13   6    2    38672.001358       1640000.0 
 15   7   2   13   8    2    38672.001358         41110.0 
 15   7   2   14   6    2   86605.8772097       1359000.0 
 15   7   2   14   8    2   86605.8772097         69020.0 
 15   8   2    8   7    2   5094.03619004        755000.0 
 15   8   2    9   7    2   7208.25059326       1450000.0 
 15   8   2   10   7    2   10251.7413853       1850000.0 
 15   8   2   10   9    2   10251.7413853          1077.0 
 15   8   2   11   7    2    14909.473822       1993000.0 
 15   8   2   11   9    2    14909.473822          4331.0 
 15   8   2   12   7    2       22781.676       1967000.0 
 15   8   2   12   9    2       22781.676         11040.0 
 15   8   2   13   7    2    38672.001358       1835000.0 
 15   8   2   13   9    2    38672.001358         23570.0 
 15   8   2   14   7    2   86605.8772097       1594000.0 
 15   8   2   14   9    2   86605.8772097         47290.0 
 15   9   2    9   8    2   7208.25059326        536700.0 
 15   9   2   10   8    2   10251.7413853       1172000.0 
 15   9   2   11   8    2    14909.473822       1649000.0 
 15   9   2   11  10    2    14909.473822           854.2 
 15   9   2   12   8    2       22781.676       1913000.0 
 15   9   2   12  10    2       22781.676          3983.0 
 15   9   2   13   8    2    38672.001358       1988000.0 
 15   9   2   13  10    2    38672.001358         11890.0 
 15   9   2   14   8    2   86605.8772097       1861000.0 
 15   9   2   14  10    2   86605.8772097         30340.0 
 15  10   2   10   9    2   10251.7413853        446500.0 
 15  10   2   11   9    2    14909.473822       1091000.0 
 15  10   2   12   9    2       22781.676       1672000.0 
 15  10   2   12  11    2       22781.676           870.5 
 15  10   2   13   9    2    38672.001358       2062000.0 
 15  10   2   13  11    2    38672.001358          4827.0 
 15  10   2   14   9    2   86605.8772097       2165000.0 
 15  10   2   14  11    2   86605.8772097         17570.0 
 15  11   2   11  10    2    14909.473822        451600.0 
 15  11   2   12  10    2       22781.676       1217000.0 
 15  11   2   13  10    2    38672.001358       2001000.0 
 15  11   2   13  12    2    38672.001358          1231.0 
 15  11   2   14  10    2   86605.8772097       2511000.0 
 15  11   2   14  12    2   86605.8772097          8505.0 
 15  12   2   12  11    2       22781.676        590000.0 
 15  12   2   13  11    2    38672.001358       1723000.0 
 15  12   2   14  11    2   86605.8772097       2905000.0 
 15  12   2   14  13    2   86605.8772097          2751.0 
 15  13   2   13  12    2    38672.001358       1111000.0 
 15  13   2   14  12    2   86605.8772097       3355000.0 
 15  14   2   14  13    2   86605.8772097       3866000.0 
100	0	0	0	0	0	1.0	1.0
# upper n l s  lower  n l s   Energy (Angstrom) Einstein A (s-1)
# File computed on 20/03/18 using the RAP package (Witthoeft, 2011) using AUTOSTRUCTURE data 
# LS coupling	1040	levels