 3	2	2	2	1	2	1	1	2	1	11.870167222616475	18400000000000.0
 4	0	0	2	1	2	1	1	2	1	9.114354732754613	740000000000.0
 4	2	2	2	1	2	1	1	2	1	9.042005320022955	5532000000000.0
 3	0	0	2	1	2	1	1	2	1	12.40291798558016	2443000000000.0
 5	0	0	2	1	2	1	1	2	1	8.212306450021865	459800000000.0
 5	2	2	2	1	2	1	1	2	1	8.168277428396074	2811000000000.0
 6	0	0	2	1	2	1	1	2	1	7.7746512934371745	252900000000.0
 6	2	2	2	1	2	1	1	2	1	7.752084884912602	1535000000000.0
 7	0	0	2	1	2	1	1	2	1	7.534705312766951	151300000000.0
 7	2	2	2	1	2	1	1	2	1	7.5214634348850185	931800000000.0
 8	0	0	2	1	2	1	1	2	1	7.387665312861225	95690000000.0
 8	2	2	2	1	2	1	1	2	1	7.3791848757497	607100000000.0
 9	0	0	2	1	2	1	1	2	1	7.290586910040501	62700000000.0
 9	2	2	2	1	2	1	1	2	1	7.284810410494407	416200000000.0
10	0	0	2	1	2	1	1	2	1	7.222947939691992	41500000000.0
10	2	2	2	1	2	1	1	2	1	7.218827835038819	295500000000.0
11	0	0	2	1	2	1	1	2	1	7.173782876562588	25680000000.0
11	2	2	2	1	2	1	1	2	1	7.170761239499064	198500000000.0
12	0	0	2	1	2	1	1	2	1	7.1369889701517994	16510000000.0
12	2	2	2	1	2	1	1	2	1	7.1346903424104875	146400000000.0
13	0	0	2	1	2	1	1	2	1	7.10867088327512	9829000000.0
13	2	2	2	1	2	1	1	2	1	7.106880927794806	108300000000.0
14	0	0	2	1	2	1	1	2	1	7.0863981592913365	4364000000.0
14	2	2	2	1	2	1	1	2	1	7.084976798922545	77930000000.0
15	0	0	2	1	2	1	1	2	1	7.068555600794452	65700000.0
15	2	2	2	1	2	1	1	2	1	7.067408395441416	46000000000.0
 3	1	1	2	1	 3	0	0	2	1	556.9618284869197	1199000000.0
 4	1	1	2	1	 3	0	0	2	1	34.40026473693499	691300000000.0
 5	1	1	2	1	 3	0	0	2	1	24.09382624827439	382600000000.0
 6	1	1	2	1	 3	0	0	2	1	20.74515784177611	224900000000.0
 7	1	1	2	1	 3	0	0	2	1	19.14887425591927	141800000000.0
 8	1	1	2	1	 3	0	0	2	1	18.24126014575632	94530000000.0
 9	1	1	2	1	 3	0	0	2	1	17.66869593989416	65790000000.0
10	1	1	2	1	 3	0	0	2	1	17.281528689968845	47230000000.0
11	1	1	2	1	 3	0	0	2	1	17.005966498906876	32130000000.0
12	1	1	2	1	 3	0	0	2	1	16.802772340416936	23900000000.0
13	1	1	2	1	 3	0	0	2	1	16.648142445221104	17870000000.0
14	1	1	2	1	 3	0	0	2	1	16.527573505003215	13060000000.0
15	1	1	2	1	 3	0	0	2	1	16.431642258397314	8137000000.0
 4	0	0	2	1	 3	1	1	2	1	37.6619581274525	633900000000.0
 4	2	2	2	1	 3	1	1	2	1	35.88407579169961	1673000000000.0
 5	0	0	2	1	 3	1	1	2	1	25.415009555277635	297900000000.0
 5	2	2	2	1	 3	1	1	2	1	24.998006665087	843000000000.0
 6	0	0	2	1	 3	1	1	2	1	21.644324222743336	162400000000.0
 6	2	2	2	1	 3	1	1	2	1	21.470325656468688	473600000000.0
 7	0	0	2	1	 3	1	1	2	1	19.88168470792478	97830000000.0
 7	2	2	2	1	 3	1	1	2	1	19.789751064499825	291600000000.0
 8	0	0	2	1	 3	1	1	2	1	18.889623442852518	63070000000.0
 8	2	2	2	1	 3	1	1	2	1	18.834278883760614	191900000000.0
 9	0	0	2	1	 3	1	1	2	1	18.267667921513386	42660000000.0
 9	2	2	2	1	 3	1	1	2	1	18.231444606816133	132700000000.0
10	0	0	2	1	 3	1	1	2	1	17.848861210324056	29770000000.0
10	2	2	2	1	 3	1	1	2	1	17.823722904061825	95220000000.0
11	0	0	2	1	 3	1	1	2	1	17.55161152808315	19810000000.0
11	2	2	2	1	 3	1	1	2	1	17.53353498873205	65540000000.0
12	0	0	2	1	 3	1	1	2	1	17.332984926956545	14220000000.0
12	2	2	2	1	 3	1	1	2	1	17.319433484322374	49090000000.0
13	0	0	2	1	 3	1	1	2	1	17.16690170695611	10130000000.0
13	2	2	2	1	 3	1	1	2	1	17.1564666564951	37180000000.0
14	0	0	2	1	 3	1	1	2	1	17.037583612108204	6828000000.0
14	2	2	2	1	 3	1	1	2	1	17.029369761587084	27970000000.0
15	0	0	2	1	 3	1	1	2	1	16.934808210301934	3397000000.0
15	2	2	2	1	 3	1	1	2	1	16.928224935227924	19220000000.0
 4	1	1	2	1	 3	2	2	2	1	38.82224393017472	117600000000.0
 4	3	3	2	1	 3	2	2	2	1	37.47357741186746	3361000000000.0
 5	1	1	2	1	 3	2	2	2	1	26.182607419514714	48920000000.0
 5	3	3	2	1	 3	2	2	2	1	25.873665769040183	1152000000000.0
 6	1	1	2	1	 3	2	2	2	1	22.275234932223327	24950000000.0
 6	3	3	2	1	 3	2	2	2	1	22.147717564504294	553000000000.0
 7	1	1	2	1	 3	2	2	2	1	20.445183238523676	14370000000.0
 7	3	3	2	1	 3	2	2	2	1	20.378205878079036	313300000000.0
 8	1	1	2	1	 3	2	2	2	1	19.41383462808831	8934000000.0
 8	3	3	2	1	 3	2	2	2	1	19.37365675077374	196300000000.0
 9	1	1	2	1	 3	2	2	2	1	18.76659994401456	5840000000.0
 9	3	3	2	1	 3	2	2	2	1	18.7403627393296	131600000000.0
10	1	1	2	1	 3	2	2	2	1	18.330415801763934	3922000000.0
10	3	3	2	1	 3	2	2	2	1	18.312235129774656	92580000000.0
11	1	1	2	1	 3	2	2	2	1	18.02068824730705	2520000000.0
11	3	3	2	1	 3	2	2	2	1	18.007854714818606	66730000000.0
12	1	1	2	1	 3	2	2	2	1	17.792684591867932	1702000000.0
12	3	3	2	1	 3	2	2	2	1	17.783081660062763	49920000000.0
13	1	1	2	1	 3	2	2	2	1	17.619392341416173	1101000000.0
13	3	3	2	1	 3	2	2	2	1	17.612013780307585	38060000000.0
14	1	1	2	1	 3	2	2	2	1	17.484402130507778	604400000.0
14	3	3	2	1	 3	2	2	2	1	17.478609713727742	29170000000.0
15	1	1	2	1	 3	2	2	2	1	17.377077956308398	115300000.0
15	3	3	2	1	 3	2	2	2	1	17.372455884008684	21330000000.0
 5	1	1	2	1	 4	0	0	2	1	76.00539178847897	157000000000.0
 6	1	1	2	1	 4	0	0	2	1	50.361157637742544	98600000000.0
 7	1	1	2	1	 4	0	0	2	1	41.88491467681754	63230000000.0
 8	1	1	2	1	 4	0	0	2	1	37.77386936320146	42510000000.0
 9	1	1	2	1	 4	0	0	2	1	35.39844852411711	29780000000.0
10	1	1	2	1	 4	0	0	2	1	33.87785849826526	21540000000.0
11	1	1	2	1	 4	0	0	2	1	32.83485164625115	14990000000.0
12	1	1	2	1	 4	0	0	2	1	32.08569023196363	11280000000.0
13	1	1	2	1	 4	0	0	2	1	31.526532508066502	8575000000.0
14	1	1	2	1	 4	0	0	2	1	31.09694221792679	6474000000.0
15	1	1	2	1	 4	0	0	2	1	30.759063517406886	4490000000.0
 5	0	0	2	1	 4	1	1	2	1	82.83124432305225	214200000000.0
 5	2	2	2	1	 4	1	1	2	1	78.56014314222766	334000000000.0
 6	0	0	2	1	 4	1	1	2	1	52.83345807476486	114300000000.0
 6	2	2	2	1	 4	1	1	2	1	51.80857645696648	202300000000.0
 7	0	0	2	1	 4	1	1	2	1	43.433958402874126	67910000000.0
 7	2	2	2	1	 4	1	1	2	1	42.997588818667744	127200000000.0
 8	0	0	2	1	 4	1	1	2	1	38.96352470405398	43610000000.0
 8	2	2	2	1	 4	1	1	2	1	38.72878059913967	84550000000.0
 9	0	0	2	1	 4	1	1	2	1	36.40674666363996	29590000000.0
 9	2	2	2	1	 4	1	1	2	1	36.26315426583453	58860000000.0
10	0	0	2	1	 4	1	1	2	1	34.780316524659696	20880000000.0
10	2	2	2	1	 4	1	1	2	1	34.68499253430613	42490000000.0
11	0	0	2	1	 4	1	1	2	1	33.669198490728995	14270000000.0
11	2	2	2	1	 4	1	1	2	1	33.602742168055585	29780000000.0
12	0	0	2	1	 4	1	1	2	1	32.873781098981404	10520000000.0
12	2	2	2	1	 4	1	1	2	1	32.82506934131094	22480000000.0
13	0	0	2	1	 4	1	1	2	1	32.281451828974475	7813000000.0
13	2	2	2	1	 4	1	1	2	1	32.24457237667066	17210000000.0
14	0	0	2	1	 4	1	1	2	1	31.82718537243165	5715000000.0
14	2	2	2	1	 4	1	1	2	1	31.798533991998415	13190000000.0
15	0	0	2	1	 4	1	1	2	1	31.470404584299384	3724000000.0
15	2	2	2	1	 4	1	1	2	1	31.447677631843234	9628000000.0
 5	1	1	2	1	 4	2	2	2	1	84.44919859467974	61100000000.0
 5	3	3	2	1	 4	2	2	2	1	81.31746390590352	605800000000.0
 6	1	1	2	1	 4	2	2	2	1	53.93437740505386	29800000000.0
 6	3	3	2	1	 4	2	2	2	1	53.19283350889747	311600000000.0
 7	1	1	2	1	 4	2	2	2	1	44.32737788612314	16830000000.0
 7	3	3	2	1	 4	2	2	2	1	44.01373793988249	180100000000.0
 8	1	1	2	1	 4	2	2	2	1	39.749096718039965	10470000000.0
 8	3	3	2	1	 4	2	2	2	1	39.58103127261145	113900000000.0
 9	1	1	2	1	 4	2	2	2	1	37.127376256730926	6949000000.0
 9	3	3	2	1	 4	2	2	2	1	37.0248249384516	76810000000.0
10	1	1	2	1	 4	2	2	2	1	35.45812399399295	4826000000.0
10	3	3	2	1	 4	2	2	2	1	35.3901575560736	54340000000.0
11	1	1	2	1	 4	2	2	2	1	34.31718210041557	3257000000.0
11	3	3	2	1	 4	2	2	2	1	34.270672018699265	39360000000.0
12	1	1	2	1	 4	2	2	2	1	33.499694044593284	2370000000.0
12	3	3	2	1	 4	2	2	2	1	33.465669235531415	29650000000.0
13	1	1	2	1	 4	2	2	2	1	32.89063439811157	1733000000.0
13	3	3	2	1	 4	2	2	2	1	32.86493181800565	22820000000.0
14	1	1	2	1	 4	2	2	2	1	32.42334001161502	1236000000.0
14	3	3	2	1	 4	2	2	2	1	32.40342636401228	17790000000.0
15	1	1	2	1	 4	2	2	2	1	32.05619323670855	751700000.0
15	3	3	2	1	 4	2	2	2	1	32.04046755214924	13710000000.0
 5	2	2	2	1	 4	3	3	2	1	84.73096801079038	14810000000.0
 5	4	4	2	1	 4	3	3	2	1	83.38526666146635	1001000000000.0
 6	2	2	2	1	 4	3	3	2	1	54.42241182839188	6242000000.0
 6	4	4	2	1	 4	3	3	2	1	54.100458960470945	325200000000.0
 7	2	2	2	1	 4	3	3	2	1	44.78264817082022	3252000000.0
 7	4	4	2	1	 4	3	3	2	1	44.64566362370409	153600000000.0
 8	2	2	2	1	 4	3	3	2	1	40.17104794708956	1925000000.0
 8	4	4	2	1	 4	3	3	2	1	40.09736564128401	86790000000.0
 9	2	2	2	1	 4	3	3	2	1	37.52463565770732	1237000000.0
 9	4	4	2	1	 4	3	3	2	1	37.47955954252006	54590000000.0
10	2	2	2	1	 4	3	3	2	1	35.837320009636684	841300000.0
10	4	4	2	1	 4	3	3	2	1	35.80739014591829	36870000000.0
11	2	2	2	1	 4	3	3	2	1	34.68316108489978	564800000.0
11	4	4	2	1	 4	3	3	2	1	34.663143859752864	26180000000.0
12	2	2	2	1	 4	3	3	2	1	33.85529176885665	407100000.0
12	4	4	2	1	 4	3	3	2	1	33.840655876838575	19330000000.0
13	2	2	2	1	 4	3	3	2	1	33.238127478668964	295900000.0
13	4	4	2	1	 4	3	3	2	1	33.2270871901006	14700000000.0
14	2	2	2	1	 4	3	3	2	1	32.76437988582989	210900000.0
14	4	4	2	1	 4	3	3	2	1	32.75584761227015	11420000000.0
15	2	2	2	1	 4	3	3	2	1	32.392010868460794	129000000.0
15	4	4	2	1	 4	3	3	2	1	32.38530832043521	8968000000.0
 6	1	1	2	1	 5	0	0	2	1	141.6082184876456	50110000000.0
 7	1	1	2	1	 5	0	0	2	1	90.25182566817531	34140000000.0
 8	1	1	2	1	 5	0	0	2	1	73.10747839607545	23270000000.0
 9	1	1	2	1	 5	0	0	2	1	64.7040221505457	16390000000.0
10	1	1	2	1	 5	0	0	2	1	59.79799590390719	11910000000.0
11	1	1	2	1	 5	0	0	2	1	56.62319044329558	8431000000.0
12	1	1	2	1	 5	0	0	2	1	54.431527259396205	6379000000.0
13	1	1	2	1	 5	0	0	2	1	52.84161436140979	4885000000.0
14	1	1	2	1	 5	0	0	2	1	51.64577878128868	3740000000.0
15	1	1	2	1	 5	0	0	2	1	50.72046699553633	2712000000.0
 6	0	0	2	1	 5	1	1	2	1	154.0230286357775	86940000000.0
 6	2	2	2	1	 5	1	1	2	1	145.62486738899432	97890000000.0
 7	0	0	2	1	 5	1	1	2	1	94.44123227805825	50540000000.0
 7	2	2	2	1	 5	1	1	2	1	92.40219625933842	65910000000.0
 8	0	0	2	1	 5	1	1	2	1	75.58484872279601	31930000000.0
 8	2	2	2	1	 5	1	1	2	1	74.70644243008657	44600000000.0
 9	0	0	2	1	 5	1	1	2	1	66.52221608712395	21480000000.0
 9	2	2	2	1	 5	1	1	2	1	66.04437166610651	31290000000.0
10	0	0	2	1	 5	1	1	2	1	61.285661906958964	15120000000.0
10	2	2	2	1	 5	1	1	2	1	60.990305248083345	22700000000.0
11	0	0	2	1	 5	1	1	2	1	57.9177226778969	10470000000.0
11	2	2	2	1	 5	1	1	2	1	57.72135193635658	16160000000.0
12	0	0	2	1	 5	1	1	2	1	55.603392018393016	7768000000.0
12	2	2	2	1	 5	1	1	2	1	55.464174998514494	12250000000.0
13	0	0	2	1	 5	1	1	2	1	53.9296468406498	5841000000.0
13	2	2	2	1	 5	1	1	2	1	53.8267976445201	9424000000.0
14	0	0	2	1	 5	1	1	2	1	52.67367310518273	4383000000.0
14	2	2	2	1	 5	1	1	2	1	52.595243452216536	7290000000.0
15	0	0	2	1	 5	1	1	2	1	51.703576268263866	3091000000.0
15	2	2	2	1	 5	1	1	2	1	51.6422599427157	5463000000.0
 6	1	1	2	1	 5	2	2	2	1	156.1188830498899	30240000000.0
 6	3	3	2	1	 5	2	2	2	1	150.06340677913227	166100000000.0
 7	1	1	2	1	 5	2	2	2	1	95.9347983869811	16370000000.0
 7	3	3	2	1	 5	2	2	2	1	94.47774071551352	102400000000.0
 8	1	1	2	1	 5	2	2	2	1	76.79235722791846	9908000000.0
 8	3	3	2	1	 5	2	2	2	1	76.16754143551552	65880000000.0
 9	1	1	2	1	 5	2	2	2	1	67.57383277553335	6483000000.0
 9	3	3	2	1	 5	2	2	2	1	67.23488934429481	44780000000.0
10	1	1	2	1	 5	2	2	2	1	62.24089697584998	4479000000.0
10	3	3	2	1	 5	2	2	2	1	62.031781413080466	31820000000.0
11	1	1	2	1	 5	2	2	2	1	58.80883910198417	3066000000.0
11	3	3	2	1	 5	2	2	2	1	58.67238418002066	23180000000.0
12	1	1	2	1	 5	2	2	2	1	56.448241405706206	2250000000.0
12	3	3	2	1	 5	2	2	2	1	56.35170018588981	17510000000.0
13	1	1	2	1	 5	2	2	2	1	54.740180408063345	1675000000.0
13	3	3	2	1	 5	2	2	2	1	54.669023138744095	13520000000.0
14	1	1	2	1	 5	2	2	2	1	53.457912470672156	1243000000.0
14	3	3	2	1	 5	2	2	2	1	53.403801378578365	10590000000.0
15	1	1	2	1	 5	2	2	2	1	52.46715013028174	857500000.0
15	3	3	2	1	 5	2	2	2	1	52.425036276741714	8277000000.0
 6	2	2	2	1	 5	3	3	2	1	155.9839439936752	11140000000.0
 6	4	4	2	1	 5	3	3	2	1	153.36800133945619	259300000000.0
 7	2	2	2	1	 5	3	3	2	1	96.46726471010062	5413000000.0
 7	4	4	2	1	 5	3	3	2	1	95.83385973791724	129400000000.0
 8	2	2	2	1	 5	3	3	2	1	77.34141295894713	3072000000.0
 8	4	4	2	1	 5	3	3	2	1	77.06875095114212	74250000000.0
 9	2	2	2	1	 5	3	3	2	1	68.09533929377531	1929000000.0
 9	4	4	2	1	 5	3	3	2	1	67.94704532724352	47000000000.0
10	2	2	2	1	 5	3	3	2	1	62.7352349715623	1297000000.0
10	4	4	2	1	 5	3	3	2	1	62.64357396909919	31860000000.0
11	2	2	2	1	 5	3	3	2	1	59.281852262873336	878500000.0
11	4	4	2	1	 5	3	3	2	1	59.22339582841836	22670000000.0
12	2	2	2	1	 5	3	3	2	1	56.903494126186054	636700000.0
12	4	4	2	1	 5	3	3	2	1	56.86215929706996	16770000000.0
13	2	2	2	1	 5	3	3	2	1	55.18135215134048	470700000.0
13	4	4	2	1	 5	3	3	2	1	55.15092951967137	12770000000.0
14	2	2	2	1	 5	3	3	2	1	53.88777858135594	348900000.0
14	4	4	2	1	 5	3	3	2	1	53.86470215680572	9952000000.0
15	2	2	2	1	 5	3	3	2	1	52.88782539655055	243500000.0
15	4	4	2	1	 5	3	3	2	1	52.86995975241155	7861000000.0
 6	3	3	2	1	 5	4	4	2	1	154.47871104253986	2795000000.0
 6	5	5	2	1	 5	4	4	2	1	154.0169329825959	385600000000.0
 7	3	3	2	1	 5	4	4	2	1	96.20900114589915	1146000000.0
 7	5	5	2	1	 5	4	4	2	1	96.0891695272987	119300000000.0
 8	3	3	2	1	 5	4	4	2	1	77.2887945677868	588300000.0
 8	5	5	2	1	 5	4	4	2	1	77.23512838444172	54860000000.0
 9	3	3	2	1	 5	4	4	2	1	68.107065197641	346500000.0
 9	5	5	2	1	 5	4	4	2	1	68.07712725639527	30560000000.0
10	5	5	2	1	 5	4	4	2	1	62.75461616403028	19070000000.0
11	5	5	2	1	 5	4	4	2	1	59.32296004779385	12840000000.0
12	5	5	2	1	 5	4	4	2	1	56.95415314069595	9118000000.0
13	5	5	2	1	 5	4	4	2	1	55.237618016121864	6740000000.0
14	5	5	2	1	 5	4	4	2	1	53.94750180920346	5137000000.0
15	5	5	2	1	 5	4	4	2	1	52.94980932502664	4004000000.0
 7	1	1	2	1	 6	0	0	2	1	236.66133865304116	19760000000.0
 8	1	1	2	1	 6	0	0	2	1	146.54526491248805	14250000000.0
 9	1	1	2	1	 6	0	0	2	1	116.2746252065462	10160000000.0
10	1	1	2	1	 6	0	0	2	1	101.33449999721333	7411000000.0
11	1	1	2	1	 6	0	0	2	1	92.54163046297897	5321000000.0
12	1	1	2	1	 6	0	0	2	1	86.8278302417118	4038000000.0
13	1	1	2	1	 6	0	0	2	1	82.85129369835774	3104000000.0
14	1	1	2	1	 6	0	0	2	1	79.94879663805976	2395000000.0
15	1	1	2	1	 6	0	0	2	1	77.75296562975305	1778000000.0
 7	0	0	2	1	 6	1	1	2	1	257.1365811515684	40320000000.0
 7	2	2	2	1	 6	1	1	2	1	242.5629020140363	36340000000.0
 8	0	0	2	1	 6	1	1	2	1	153.12638644102879	24950000000.0
 8	2	2	2	1	 6	1	1	2	1	149.5636898397127	26200000000.0
 9	0	0	2	1	 6	1	1	2	1	120.00537138501934	16500000000.0
 9	2	2	2	1	 6	1	1	2	1	118.45921459280625	18670000000.0
10	0	0	2	1	 6	1	1	2	1	103.97800460126314	11500000000.0
10	2	2	2	1	 6	1	1	2	1	103.13066718381808	13630000000.0
11	0	0	2	1	 6	1	1	2	1	94.64086076960248	8016000000.0
11	2	2	2	1	 6	1	1	2	1	94.11764773538245	9838000000.0
12	0	0	2	1	 6	1	1	2	1	88.61396739246693	5939000000.0
12	2	2	2	1	 6	1	1	2	1	88.26090695389557	7480000000.0
13	0	0	2	1	 6	1	1	2	1	84.43760144842625	4478000000.0
13	2	2	2	1	 6	1	1	2	1	84.18574722293916	5775000000.0
14	0	0	2	1	 6	1	1	2	1	81.39872618505154	3393000000.0
14	2	2	2	1	 6	1	1	2	1	81.21158223152116	4490000000.0
15	0	0	2	1	 6	1	1	2	1	79.10509817742273	2475000000.0
15	2	2	2	1	 6	1	1	2	1	78.96165792836858	3414000000.0
 7	1	1	2	1	 6	2	2	2	1	259.67120622675657	15770000000.0
 7	3	3	2	1	 6	2	2	2	1	249.26583387592777	58770000000.0
 8	1	1	2	1	 6	2	2	2	1	155.0530209864636	9193000000.0
 8	3	3	2	1	 6	2	2	2	1	152.52669062645649	40160000000.0
 9	1	1	2	1	 6	2	2	2	1	121.56716643043764	5855000000.0
 9	3	3	2	1	 6	2	2	2	1	120.4745553498803	27720000000.0
10	1	1	2	1	 6	2	2	2	1	105.33096868213522	3976000000.0
10	3	3	2	1	 6	2	2	2	1	104.73346879875913	19820000000.0
11	1	1	2	1	 6	2	2	2	1	95.86326914468172	2729000000.0
11	3	3	2	1	 6	2	2	2	1	95.50121460859705	14520000000.0
12	1	1	2	1	 6	2	2	2	1	89.74548960634687	1992000000.0
12	3	3	2	1	 6	2	2	2	1	89.50170891704785	10990000000.0
13	1	1	2	1	 6	2	2	2	1	85.50374512074679	1482000000.0
13	3	3	2	1	 6	2	2	2	1	85.33026091322868	8501000000.0
14	1	1	2	1	 6	2	2	2	1	82.41589179524158	1106000000.0
14	3	3	2	1	 6	2	2	2	1	82.28734946532073	6673000000.0
15	1	1	2	1	 6	2	2	2	1	80.084425995874	783600000.0
15	3	3	2	1	 6	2	2	2	1	79.98635000288253	5230000000.0
 7	2	2	2	1	 6	3	3	2	1	258.78797031743153	7062000000.0
 7	4	4	2	1	 6	3	3	2	1	254.27941082426682	87960000000.0
 8	2	2	2	1	 6	3	3	2	1	155.57809512725134	3786000000.0
 8	4	4	2	1	 6	3	3	2	1	154.47870639952234	53220000000.0
 9	2	2	2	1	 6	3	3	2	1	122.20084714201636	2287000000.0
 9	4	4	2	1	 6	3	3	2	1	121.72410195959054	34150000000.0
10	2	2	2	1	 6	3	3	2	1	105.95507670621198	1502000000.0
10	4	4	2	1	 6	3	3	2	1	105.69387972304422	23280000000.0
11	2	2	2	1	 6	3	3	2	1	96.46433883329225	1012000000.0
11	4	4	2	1	 6	3	3	2	1	96.30965181926072	16620000000.0
12	2	2	2	1	 6	3	3	2	1	90.32142895082357	728800000.0
12	4	4	2	1	 6	3	3	2	1	90.21733280564338	12320000000.0
13	2	2	2	1	 6	3	3	2	1	86.058367597695	538400000.0
13	4	4	2	1	 6	3	3	2	1	85.98439610984185	9393000000.0
14	2	2	2	1	 6	3	3	2	1	82.95285733810522	402700000.0
14	4	4	2	1	 6	3	3	2	1	82.89818717620231	7330000000.0
15	2	2	2	1	 6	3	3	2	1	80.60681005269383	292600000.0
15	4	4	2	1	 6	3	3	2	1	80.5653171474111	5808000000.0
 7	3	3	2	1	 6	4	4	2	1	256.25042377632013	2722000000.0
 7	5	5	2	1	 6	4	4	2	1	255.40208306861115	124800000000.0
 8	3	3	2	1	 6	4	4	2	1	155.11377007071482	1286000000.0
 8	5	5	2	1	 6	4	4	2	1	154.89776457184112	60460000000.0
 9	3	3	2	1	 6	4	4	2	1	122.08284226291545	718900000.0
 9	5	5	2	1	 6	4	4	2	1	121.98668201045899	34150000000.0
10	3	3	2	1	 6	4	4	2	1	105.94682128131554	448700000.0
10	5	5	2	1	 6	4	4	2	1	105.89319520292692	21440000000.0
11	3	3	2	1	 6	4	4	2	1	96.50905209847585	299600000.0
11	5	5	2	1	 6	4	4	2	1	96.47597946532198	14470000000.0
12	3	3	2	1	 6	4	4	2	1	90.38631016860941	211900000.0
12	5	5	2	1	 6	4	4	2	1	90.36381273760577	10300000000.0
13	3	3	2	1	 6	4	4	2	1	86.13395547429961	155700000.0
13	5	5	2	1	 6	4	4	2	1	86.11781365599592	7623000000.0
14	3	3	2	1	 6	4	4	2	1	83.03449496755636	117500000.0
14	5	5	2	1	 6	4	4	2	1	83.0224540396719	5820000000.0
15	3	3	2	1	 6	4	4	2	1	80.69211569965162	89620000.0
15	5	5	2	1	 6	4	4	2	1	80.68287410179875	4553000000.0
 7	4	4	2	1	 6	5	5	2	1	255.54056223316286	789400000.0
 7	6	6	2	1	 6	5	5	2	1	255.47767826891638	173600000000.0
 8	4	4	2	1	 6	5	5	2	1	154.9432617915524	307500000.0
 8	6	6	2	1	 6	5	5	2	1	154.92560394048942	50990000000.0
 9	6	6	2	1	 6	5	5	2	1	122.00400602766429	22670000000.0
10	6	6	2	1	 6	5	5	2	1	105.9062918493322	12350000000.0
11	6	6	2	1	 6	5	5	2	1	96.48688408065827	7597000000.0
12	6	6	2	1	 6	5	5	2	1	90.37340234020382	5063000000.0
13	6	6	2	1	 6	5	5	2	1	86.1265399865579	3572000000.0
14	6	6	2	1	 6	5	5	2	1	83.03057679460245	2630000000.0
15	6	6	2	1	 6	5	5	2	1	80.69055493747584	2001000000.0
 8	1	1	2	1	 7	0	0	2	1	366.59977393680543	9010000000.0
 9	1	1	2	1	 7	0	0	2	1	222.01161068840733	6776000000.0
10	1	1	2	1	 7	0	0	2	1	173.24274066003196	4994000000.0
11	1	1	2	1	 7	0	0	2	1	149.03379098030805	3635000000.0
12	1	1	2	1	 7	0	0	2	1	134.75300342395886	2764000000.0
13	1	1	2	1	 7	0	0	2	1	125.41138441533768	2130000000.0
14	1	1	2	1	 7	0	0	2	1	118.87855892778455	1650000000.0
15	1	1	2	1	 7	0	0	2	1	114.08771065471831	1243000000.0
 8	0	0	2	1	 7	1	1	2	1	398.060351713491	20680000000.0
 8	2	2	2	1	 7	1	1	2	1	374.8486234689478	15840000000.0
 9	0	0	2	1	 7	1	1	2	1	231.77178126596758	13410000000.0
 9	2	2	2	1	 7	1	1	2	1	226.07285579512293	11980000000.0
10	0	0	2	1	 7	1	1	2	1	178.60180995965092	9188000000.0
10	2	2	2	1	 7	1	1	2	1	176.11631704609866	8865000000.0
11	0	0	2	1	 7	1	1	2	1	152.72096741349526	6403000000.0
11	2	2	2	1	 7	1	1	2	1	151.363130607774	6493000000.0
12	0	0	2	1	 7	1	1	2	1	137.6172394785028	4719000000.0
12	2	2	2	1	 7	1	1	2	1	136.76760024575418	4952000000.0
13	0	0	2	1	 7	1	1	2	1	127.80052926905039	3551000000.0
13	2	2	2	1	 7	1	1	2	1	127.22445558554436	3833000000.0
14	0	0	2	1	 7	1	1	2	1	120.96530372329018	2698000000.0
14	2	2	2	1	 7	1	1	2	1	120.5524681182641	2991000000.0
15	0	0	2	1	 7	1	1	2	1	115.96839554014403	2000000000.0
15	2	2	2	1	 7	1	1	2	1	115.66037863239595	2295000000.0
 8	1	1	2	1	 7	2	2	2	1	400.94427122472206	8752000000.0
 8	3	3	2	1	 7	2	2	2	1	384.4771163450355	24700000000.0
 9	1	1	2	1	 7	2	2	2	1	234.15854423362842	5396000000.0
 9	3	3	2	1	 7	2	2	2	1	230.1382959340232	18040000000.0
10	1	1	2	1	 7	2	2	2	1	180.55138499781933	3578000000.0
10	3	3	2	1	 7	2	2	2	1	178.80286120122398	13080000000.0
11	1	1	2	1	 7	2	2	2	1	154.41083354822104	2443000000.0
11	3	3	2	1	 7	2	2	2	1	153.47365043807795	9653000000.0
12	1	1	2	1	 7	2	2	2	1	139.13378929115441	1770000000.0
12	3	3	2	1	 7	2	2	2	1	138.54874257811912	7330000000.0
13	1	1	2	1	 7	2	2	2	1	129.1973038802588	1313000000.0
13	3	3	2	1	 7	2	2	2	1	128.801621676989	5681000000.0
14	1	1	2	1	 7	2	2	2	1	122.27498453733003	985100000.0
14	3	3	2	1	 7	2	2	2	1	121.99225446423233	4470000000.0
15	1	1	2	1	 7	2	2	2	1	117.21230047574475	716600000.0
15	3	3	2	1	 7	2	2	2	1	117.00232602541668	3524000000.0
 8	2	2	2	1	 7	3	3	2	1	398.8853358275069	4403000000.0
 8	4	4	2	1	 7	3	3	2	1	391.7374538520734	35800000000.0
 9	2	2	2	1	 7	3	3	2	1	234.59885695814992	2536000000.0
 9	4	4	2	1	 7	3	3	2	1	232.848067003592	24170000000.0
10	2	2	2	1	 7	3	3	2	1	181.2478063651309	1608000000.0
10	4	4	2	1	 7	3	3	2	1	180.48483188029633	16680000000.0
11	2	2	2	1	 7	3	3	2	1	155.13806623966175	1069000000.0
11	4	4	2	1	 7	3	3	2	1	154.73836671323068	11970000000.0
12	2	2	2	1	 7	3	3	2	1	139.84222867732518	759300000.0
12	4	4	2	1	 7	3	3	2	1	139.59285225965726	8888000000.0
13	2	2	2	1	 7	3	3	2	1	129.88081403496963	556800000.0
13	4	4	2	1	 7	3	3	2	1	129.7124000694911	6789000000.0
14	2	2	2	1	 7	3	3	2	1	122.93491052686369	416000000.0
14	4	4	2	1	 7	3	3	2	1	122.81487765805205	5304000000.0
15	2	2	2	1	 7	3	3	2	1	117.85162526251302	306700000.0
15	4	4	2	1	 7	3	3	2	1	117.76295086535522	4211000000.0
 8	3	3	2	1	 7	4	4	2	1	394.8791246308513	2072000000.0
 8	5	5	2	1	 7	4	4	2	1	393.48224617097287	49020000000.0
 9	3	3	2	1	 7	4	4	2	1	233.82520771217634	1080000000.0
 9	5	5	2	1	 7	4	4	2	1	233.4727102473229	29130000000.0
10	3	3	2	1	 7	4	4	2	1	181.02046865643138	642100000.0
10	5	5	2	1	 7	4	4	2	1	180.86397389352194	18520000000.0
11	3	3	2	1	 7	4	4	2	1	155.1046018774367	416300000.0
11	5	5	2	1	 7	4	4	2	1	155.01919522722883	12570000000.0
12	3	3	2	1	 7	4	4	2	1	139.8765343591609	288200000.0
12	5	5	2	1	 7	4	4	2	1	139.82266297222466	8965000000.0
13	3	3	2	1	 7	4	4	2	1	129.948387522821	208700000.0
13	5	5	2	1	 7	4	4	2	1	129.91165049114244	6647000000.0
14	3	3	2	1	 7	4	4	2	1	123.02048910413289	156100000.0
14	5	5	2	1	 7	4	4	2	1	122.99406091351217	5080000000.0
15	3	3	2	1	 7	4	4	2	1	117.94783793595668	118700000.0
15	5	5	2	1	 7	4	4	2	1	117.92809363029173	3977000000.0
 8	4	4	2	1	 7	5	5	2	1	393.73677405629746	907600000.0
 8	6	6	2	1	 7	5	5	2	1	393.6227679411494	65770000000.0
 9	4	4	2	1	 7	5	5	2	1	233.55298620627937	409900000.0
 9	6	6	2	1	 7	5	5	2	1	233.52239040943692	30810000000.0
10	4	4	2	1	 7	5	5	2	1	180.9080652655294	222600000.0
10	6	6	2	1	 7	5	5	2	1	180.89390980260427	17020000000.0
11	4	4	2	1	 7	5	5	2	1	155.0493587457535	136300000.0
11	6	6	2	1	 7	5	5	2	1	155.04127399390833	10520000000.0
12	4	4	2	1	 7	5	5	2	1	139.84589517601538	90540000.0
12	6	6	2	1	 7	5	5	2	1	139.8406799581463	7033000000.0
13	4	4	2	1	 7	5	5	2	1	129.93086166117493	63710000.0
13	6	6	2	1	 7	5	5	2	1	129.92724187810566	4970000000.0
14	6	6	2	1	 7	5	5	2	1	123.00806339102654	3663000000.0
15	6	6	2	1	 7	5	5	2	1	117.94098650662298	2789000000.0
 8	5	5	2	1	 7	6	6	2	1	393.6314369641483	278900000.0
 8	7	7	2	1	 7	6	6	2	1	393.62714766678204	87300000000.0
 9	7	7	2	1	 7	6	6	2	1	233.52391268075624	24260000000.0
10	7	7	2	1	 7	6	6	2	1	180.8948408536289	10380000000.0
11	7	7	2	1	 7	6	6	2	1	155.0419540513612	5502000000.0
12	7	7	2	1	 7	6	6	2	1	139.84123446753063	3317000000.0
13	7	7	2	1	 7	6	6	2	1	129.9277214420144	2178000000.0
14	7	7	2	1	 7	6	6	2	1	123.00849394129261	1519000000.0
15	7	7	2	1	 7	6	6	2	1	117.94138287169733	1109000000.0
 9	1	1	2	1	 8	0	0	2	1	536.8552123056273	4568000000.0
10	1	1	2	1	 8	0	0	2	1	319.41959412264646	3546000000.0
11	1	1	2	1	 8	0	0	2	1	245.8018044810501	2629000000.0
12	1	1	2	1	 8	0	0	2	1	209.23060292339864	2004000000.0
13	1	1	2	1	 8	0	0	2	1	187.54025833307637	1547000000.0
14	1	1	2	1	 8	0	0	2	1	173.29891621107342	1202000000.0
15	1	1	2	1	 8	0	0	2	1	163.30218832036073	914100000.0
 9	0	0	2	1	 8	1	1	2	1	582.6805782284413	11460000000.0
 9	2	2	2	1	 8	1	1	2	1	547.954251888051	7753000000.0
10	0	0	2	1	 8	1	1	2	1	333.25951961041864	7707000000.0
10	2	2	2	1	 8	1	1	2	1	324.70878013164577	6073000000.0
11	0	0	2	1	 8	1	1	2	1	253.19619400050854	5332000000.0
11	2	2	2	1	 8	1	1	2	1	249.48570079295618	4541000000.0
12	0	0	2	1	 8	1	1	2	1	214.21769122731635	3890000000.0
12	2	2	2	1	 8	1	1	2	1	212.16601117857294	3480000000.0
13	0	0	2	1	 8	1	1	2	1	191.33955835568048	2911000000.0
13	2	2	2	1	 8	1	1	2	1	190.05116025776476	2700000000.0
14	0	0	2	1	 8	1	1	2	1	176.4150581419766	2209000000.0
14	2	2	2	1	 8	1	1	2	1	175.53836437467197	2113000000.0
15	0	0	2	1	 8	1	1	2	1	165.98457820629875	1651000000.0
15	2	2	2	1	 8	1	1	2	1	165.35429820700418	1632000000.0
 9	1	1	2	1	 8	2	2	2	1	585.7757469958191	5135000000.0
 9	3	3	2	1	 8	2	2	2	1	561.248946428012	11750000000.0
10	1	1	2	1	 8	2	2	2	1	336.1212753679623	3307000000.0
10	3	3	2	1	 8	2	2	2	1	330.111572351696	8988000000.0
11	1	1	2	1	 8	2	2	2	1	255.57428599472127	2225000000.0
11	3	3	2	1	 8	2	2	2	1	253.01699754774737	6729000000.0
12	1	1	2	1	 8	2	2	2	1	216.26980997527616	1590000000.0
12	3	3	2	1	 8	2	2	2	1	214.85952831432843	5133000000.0
13	1	1	2	1	 8	2	2	2	1	193.1759897884089	1172000000.0
13	3	3	2	1	 8	2	2	2	1	192.29273144191023	3988000000.0
14	1	1	2	1	 8	2	2	2	1	178.10026262505542	877600000.0
14	3	3	2	1	 8	2	2	2	1	177.50106833966856	3145000000.0
15	1	1	2	1	 8	2	2	2	1	167.5587783598386	646300000.0
15	3	3	2	1	 8	2	2	2	1	167.13001230213433	2490000000.0
 9	2	2	2	1	 8	3	3	2	1	582.0223612933216	2794000000.0
 9	4	4	2	1	 8	3	3	2	1	571.364057255577	16600000000.0
10	2	2	2	1	 8	3	3	2	1	336.37643730925186	1700000000.0
10	4	4	2	1	 8	3	3	2	1	333.7579305051849	12020000000.0
11	2	2	2	1	 8	3	3	2	1	256.3167386019814	1103000000.0
11	4	4	2	1	 8	3	3	2	1	255.22750334079066	8726000000.0
12	2	2	2	1	 8	3	3	2	1	217.08608778747563	768100000.0
12	4	4	2	1	 8	3	3	2	1	216.4857231318134	6508000000.0
13	2	2	2	1	 8	3	3	2	1	193.9894965979997	556200000.0
13	4	4	2	1	 8	3	3	2	1	193.61403402275513	4981000000.0
14	2	2	2	1	 8	3	3	2	1	178.89287484831686	412800000.0
14	4	4	2	1	 8	3	3	2	1	178.63881101913807	3896000000.0
15	2	2	2	1	 8	3	3	2	1	168.32757134534265	305400000.0
15	4	4	2	1	 8	3	3	2	1	168.14673002370714	3098000000.0
 9	3	3	2	1	 8	4	4	2	1	576.0380173506785	1480000000.0
 9	5	5	2	1	 8	4	4	2	1	573.9034075719426	22120000000.0
10	3	3	2	1	 8	4	4	2	1	335.17289289567844	830400000.0
10	5	5	2	1	 8	4	4	2	1	334.63677215980596	14770000000.0
11	3	3	2	1	 8	4	4	2	1	255.9797096113264	516400000.0
11	5	5	2	1	 8	4	4	2	1	255.7471694844716	10140000000.0
12	3	3	2	1	 8	4	4	2	1	216.9922443565325	347500000.0
12	5	5	2	1	 8	4	4	2	1	216.86262655551855	7268000000.0
13	3	3	2	1	 8	4	4	2	1	193.9991949365547	246800000.0
13	5	5	2	1	 8	4	4	2	1	193.91732930502096	5400000000.0
14	3	3	2	1	 8	4	4	2	1	178.95410591273293	182100000.0
14	5	5	2	1	 8	4	4	2	1	178.8981876785448	4132000000.0
15	3	3	2	1	 8	4	4	2	1	168.41759792881336	137500000.0
15	5	5	2	1	 8	4	4	2	1	168.37734423604635	3238000000.0
 9	4	4	2	1	 8	5	5	2	1	574.3141231478892	783100000.0
 9	6	6	2	1	 8	5	5	2	1	574.1291507566627	28850000000.0
10	4	4	2	1	 8	5	5	2	1	334.7624018976354	392200000.0
10	6	6	2	1	 8	5	5	2	1	334.71393416877936	16770000000.0
11	4	4	2	1	 8	5	5	2	1	255.8144814452492	227200000.0
11	6	6	2	1	 8	5	5	2	1	255.79247437244194	10500000000.0
12	4	4	2	1	 8	5	5	2	1	216.9078800334781	145400000.0
12	6	6	2	1	 8	5	5	2	1	216.89533376015916	7056000000.0
13	4	4	2	1	 8	5	5	2	1	193.95163179720674	99740000.0
13	6	6	2	1	 8	5	5	2	1	193.94356615743882	4999000000.0
14	4	4	2	1	 8	5	5	2	1	178.9261661653734	71920000.0
14	6	6	2	1	 8	5	5	2	1	178.920575510935	3689000000.0
15	4	4	2	1	 8	5	5	2	1	168.40129764413052	53850000.0
15	6	6	2	1	 8	5	5	2	1	168.39721729806698	2812000000.0
 9	5	5	2	1	 8	6	6	2	1	574.1457910126363	362100000.0
 9	7	7	2	1	 8	6	6	2	1	574.1378469829916	37240000000.0
10	5	5	2	1	 8	6	6	2	1	334.7191662762383	156000000.0
10	7	7	2	1	 8	6	6	2	1	334.71695012219527	16790000000.0
11	5	5	2	1	 8	6	6	2	1	255.79529166958685	81990000.0
11	7	7	2	1	 8	6	6	2	1	255.7942251702926	9019000000.0
12	7	7	2	1	 8	6	6	2	1	216.89659561162418	5467000000.0
13	7	7	2	1	 8	6	6	2	1	193.94457705827074	3599000000.0
14	7	7	2	1	 8	6	6	2	1	178.92143735646127	2516000000.0
15	7	7	2	1	 8	6	6	2	1	168.3979818772145	1838000000.0
 9	6	6	2	1	 8	7	7	2	1	574.1382758525344	113300000.0
 9	8	8	2	1	 8	7	7	2	1	574.1381048617096	47710000000.0
10	8	8	2	1	 8	7	7	2	1	334.7169429422254	12540000000.0
11	8	8	2	1	 8	7	7	2	1	255.7942566338801	5148000000.0
12	8	8	2	1	 8	7	7	2	1	216.89661729927576	2646000000.0
13	8	8	2	1	 8	7	7	2	1	193.94459460931247	1558000000.0
14	8	8	2	1	 8	7	7	2	1	178.9214523183625	1004000000.0
15	8	8	2	1	 8	7	7	2	1	168.39799513398492	690900000.0
10	1	1	2	1	 9	0	0	2	1	752.8583565891803	2511000000.0
11	1	1	2	1	 9	0	0	2	1	441.32356851461816	1975000000.0
12	1	1	2	1	 9	0	0	2	1	335.90769162157767	1519000000.0
13	1	1	2	1	 9	0	0	2	1	283.3036764802393	1175000000.0
14	1	1	2	1	 9	0	0	2	1	252.01807790941174	915100000.0
15	1	1	2	1	 9	0	0	2	1	231.41669381373188	700400000.0
10	0	0	2	1	 9	1	1	2	1	816.882738739413	6754000000.0
10	2	2	2	1	 9	1	1	2	1	767.351290577734	4143000000.0
11	0	0	2	1	 9	1	1	2	1	460.1916118178813	4631000000.0
11	2	2	2	1	 9	1	1	2	1	448.0794264008359	3298000000.0
12	0	0	2	1	 9	1	1	2	1	345.8233229368996	3328000000.0
12	2	2	2	1	 9	1	1	2	1	340.5076332414715	2557000000.0
13	0	0	2	1	 9	1	1	2	1	289.87084847310666	2466000000.0
13	2	2	2	1	 9	1	1	2	1	286.92407793663455	1992000000.0
14	0	0	2	1	 9	1	1	2	1	256.94048942553695	1862000000.0
14	2	2	2	1	 9	1	1	2	1	255.08500337620475	1563000000.0
15	0	0	2	1	 9	1	1	2	1	235.39616724562637	1395000000.0
15	2	2	2	1	 9	1	1	2	1	234.13053438579934	1213000000.0
10	1	1	2	1	 9	2	2	2	1	820.0032262125574	3160000000.0
10	3	3	2	1	 9	2	2	2	1	785.1329779487287	6139000000.0
11	1	1	2	1	 9	2	2	2	1	463.5751706756909	2087000000.0
11	3	3	2	1	 9	2	2	2	1	455.22945878760856	4844000000.0
12	1	1	2	1	 9	2	2	2	1	348.6452960311506	1461000000.0
12	3	3	2	1	 9	2	2	2	1	344.9948014940634	3737000000.0
13	1	1	2	1	 9	2	2	2	1	292.31069197704903	1063000000.0
13	3	3	2	1	 9	2	2	2	1	290.29300861428425	2915000000.0
14	1	1	2	1	 9	2	2	2	1	259.1206847634098	791000000.0
14	3	3	2	1	 9	2	2	2	1	257.85426252168224	2304000000.0
15	1	1	2	1	 9	2	2	2	1	237.39178262407313	584700000.0
15	3	3	2	1	 9	2	2	2	1	236.53206767689812	1830000000.0
10	2	2	2	1	 9	3	3	2	1	813.9468180122001	1820000000.0
10	4	4	2	1	 9	3	3	2	1	798.7825605065163	8495000000.0
11	2	2	2	1	 9	3	3	2	1	463.5757873185757	1147000000.0
11	4	4	2	1	 9	3	3	2	1	460.0250424337915	6456000000.0
12	2	2	2	1	 9	3	3	2	1	349.3829221549588	776600000.0
12	4	4	2	1	 9	3	3	2	1	347.8304524339699	4864000000.0
13	2	2	2	1	 9	3	3	2	1	293.20010917850436	552000000.0
13	4	4	2	1	 9	3	3	2	1	292.3432512785979	3735000000.0
14	2	2	2	1	 9	3	3	2	1	260.0334410477622	405100000.0
14	4	4	2	1	 9	3	3	2	1	259.4969833355918	2927000000.0
15	2	2	2	1	 9	3	3	2	1	238.29273328114132	298800000.0
15	4	4	2	1	 9	3	3	2	1	237.93047788400327	2330000000.0
10	3	3	2	1	 9	4	4	2	1	805.4000202037821	1044000000.0
10	5	5	2	1	 9	4	4	2	1	802.3113281193167	11070000000.0
11	3	3	2	1	 9	4	4	2	1	461.9697618736175	619000000.0
11	5	5	2	1	 9	4	4	2	1	461.21293498058316	7967000000.0
12	3	3	2	1	 9	4	4	2	1	348.85215533285685	400800000.0
12	5	5	2	1	 9	4	4	2	1	348.5172659084695	5772000000.0
13	3	3	2	1	 9	4	4	2	1	293.01927496492215	277400000.0
13	5	5	2	1	 9	4	4	2	1	292.83255076493646	4305000000.0
14	3	3	2	1	 9	4	4	2	1	260.00302410916953	201100000.0
14	5	5	2	1	 9	4	4	2	1	259.88500143363274	3300000000.0
15	3	3	2	1	 9	4	4	2	1	238.33891100462438	150100000.0
15	5	5	2	1	 9	4	4	2	1	238.2583031062159	2589000000.0
10	4	4	2	1	 9	5	5	2	1	802.9238105729455	617300000.0
10	6	6	2	1	 9	5	5	2	1	802.6450444033517	14120000000.0
11	4	4	2	1	 9	5	5	2	1	461.3955562746311	333900000.0
11	6	6	2	1	 9	5	5	2	1	461.32397015534883	9290000000.0
12	4	4	2	1	 9	5	5	2	1	348.6134136312783	203400000.0
12	6	6	2	1	 9	5	5	2	1	348.5810067663365	6317000000.0
13	4	4	2	1	 9	5	5	2	1	292.89613685532464	134900000.0
13	6	6	2	1	 9	5	5	2	1	292.87774311633694	4497000000.0
14	4	4	2	1	 9	5	5	2	1	259.93251673957514	95040000.0
14	6	6	2	1	 9	5	5	2	1	259.9207181521136	3326000000.0
15	4	4	2	1	 9	5	5	2	1	238.29657509612895	69950000.0
15	6	6	2	1	 9	5	5	2	1	238.288404808153	2538000000.0
10	5	5	2	1	 9	6	6	2	1	802.6725958545552	343600000.0
10	7	7	2	1	 9	6	6	2	1	802.659851682262	17820000000.0
11	5	5	2	1	 9	6	6	2	1	461.3322961745152	165000000.0
11	7	7	2	1	 9	6	6	2	1	461.32882719493944	10080000000.0
12	5	5	2	1	 9	6	6	2	1	348.585418336208	92810000.0
12	7	7	2	1	 9	6	6	2	1	348.5837877227239	6187000000.0
13	5	5	2	1	 9	6	6	2	1	292.88066325853066	58190000.0
13	7	7	2	1	 9	6	6	2	1	292.87971079979957	4095000000.0
14	5	5	2	1	 9	6	6	2	1	259.92289570572535	39320000.0
14	7	7	2	1	 9	6	6	2	1	259.9222710538471	2869000000.0
15	5	5	2	1	 9	6	6	2	1	238.29015255761487	28030000.0
15	7	7	2	1	 9	6	6	2	1	238.28971224837608	2100000000.0
10	7	7	2	1	 9	8	8	2	1	802.660185879762	51060000.0
10	9	9	2	1	 9	8	8	2	1	802.6601809307829	27840000000.0
11	9	9	2	1	 9	8	8	2	1	461.3289389241674	6921000000.0
12	9	9	2	1	 9	8	8	2	1	348.58385003369943	2725000000.0
13	9	9	2	1	 9	8	8	2	1	292.87975433541595	1355000000.0
14	9	9	2	1	 9	8	8	2	1	259.92230552064404	777600000.0
15	9	9	2	1	 9	8	8	2	1	238.28974122923927	491200000.0
10	6	6	2	1	 9	7	7	2	1	802.6605703450992	161600000.0
10	8	8	2	1	 9	7	7	2	1	802.6600374810517	22330000000.0
11	6	6	2	1	 9	7	7	2	1	461.3290989978706	66340000.0
11	8	8	2	1	 9	7	7	2	1	461.3290045511045	9661000000.0
12	8	8	2	1	 9	7	7	2	1	348.58388656957294	5033000000.0
13	8	8	2	1	 9	7	7	2	1	292.8797810592327	2980000000.0
14	8	8	2	1	 9	7	7	2	1	259.92232644241835	1926000000.0
15	8	8	2	1	 9	7	7	2	1	238.28975880718636	1327000000.0
11	1	1	2	1	10	0	0	2	1	1018.8976418284086	1467000000.0
12	1	1	2	1	10	0	0	2	1	590.824483345463	1187000000.0
13	1	1	2	1	10	0	0	2	1	445.37023562032925	926300000.0
14	1	1	2	1	10	0	0	2	1	372.6461329362931	723200000.0
15	1	1	2	1	10	0	0	2	1	329.29929347637244	556300000.0
11	0	0	2	1	10	1	1	2	1	1104.9367522894695	4183000000.0
11	2	2	2	1	10	1	1	2	1	1037.593589726865	2366000000.0
12	0	0	2	1	10	1	1	2	1	615.8882183757969	2962000000.0
12	2	2	2	1	10	1	1	2	1	599.2283062606472	1936000000.0
13	0	0	2	1	10	1	1	2	1	458.3301089543398	2164000000.0
13	2	2	2	1	10	1	1	2	1	451.00632037485883	1525000000.0
14	0	0	2	1	10	1	1	2	1	381.10146878322234	1621000000.0
14	2	2	2	1	10	1	1	2	1	377.0336559572001	1201000000.0
15	0	0	2	1	10	1	1	2	1	335.55033418951524	1212000000.0
15	2	2	2	1	10	1	1	2	1	332.98448004091443	936400000.0
11	1	1	2	1	10	2	2	2	1	1108.1134607321565	2023000000.0
11	3	3	2	1	10	2	2	2	1	1061.591857614342	3446000000.0
12	1	1	2	1	10	2	2	2	1	619.7584529820425	1386000000.0
12	3	3	2	1	10	2	2	2	1	608.3163128170949	2792000000.0
13	1	1	2	1	10	2	2	2	1	461.6155724065362	988900000.0
13	3	3	2	1	10	2	2	2	1	456.6037958060843	2200000000.0
14	1	1	2	1	10	2	2	2	1	383.95191301269745	727800000.0
14	3	3	2	1	10	2	2	2	1	381.17791150008753	1745000000.0
15	1	1	2	1	10	2	2	2	1	338.0967862791635	536900000.0
15	3	3	2	1	10	2	2	2	1	336.35562697547635	1390000000.0
11	2	2	2	1	10	3	3	2	1	1099.3767451603792	1217000000.0
11	4	4	2	1	10	3	3	2	1	1079.6146687423807	4691000000.0
12	2	2	2	1	10	3	3	2	1	619.3289497210643	799700000.0
12	4	4	2	1	10	3	3	2	1	614.4674071081859	3693000000.0
13	2	2	2	1	10	3	3	2	1	462.2991288357185	554200000.0
13	4	4	2	1	10	3	3	2	1	460.1724822427046	2862000000.0
14	2	2	2	1	10	3	3	2	1	384.8935559129014	400000000.0
14	4	4	2	1	10	3	3	2	1	383.71939298204245	2249000000.0
15	2	2	2	1	10	3	3	2	1	339.1002101278811	292700000.0
15	4	4	2	1	10	3	3	2	1	338.3670983866854	1793000000.0
11	3	3	2	1	10	4	4	2	1	1088.5444340742567	739900000.0
11	5	5	2	1	10	4	4	2	1	1084.35169485118	6004000000.0
12	3	3	2	1	10	4	4	2	1	617.0714194734439	459500000.0
12	5	5	2	1	10	4	4	2	1	616.0243655557372	4549000000.0
13	3	3	2	1	10	4	4	2	1	461.51881793511205	307000000.0
13	5	5	2	1	10	4	4	2	1	461.0557678796306	3428000000.0
14	3	3	2	1	10	4	4	2	1	384.59715746153984	217300000.0
14	5	5	2	1	10	4	4	2	1	384.3389752371025	2637000000.0
15	3	3	2	1	10	4	4	2	1	339.01521540050624	159600000.0
15	5	5	2	1	10	4	4	2	1	338.85214916768166	2071000000.0
11	4	4	2	1	10	5	5	2	1	1085.2148820887232	471300000.0
11	6	6	2	1	10	5	5	2	1	1084.818948456065	7514000000.0
12	4	4	2	1	10	5	5	2	1	616.2774764060887	270700000.0
12	6	6	2	1	10	5	5	2	1	616.1762088271754	5358000000.0
13	4	4	2	1	10	5	5	2	1	461.186901918032	171700000.0
13	6	6	2	1	10	5	5	2	1	461.14130022247963	3858000000.0
14	4	4	2	1	10	5	5	2	1	384.42448344910537	117300000.0
14	6	6	2	1	10	5	5	2	1	384.39867740528433	2866000000.0
15	4	4	2	1	10	5	5	2	1	338.9152482253739	84470000.0
15	6	6	2	1	10	5	5	2	1	338.8987218469367	2191000000.0
11	5	5	2	1	10	6	6	2	1	1084.8605407489008	292400000.0
11	7	7	2	1	10	6	6	2	1	1084.8413577086924	9311000000.0
12	5	5	2	1	10	6	6	2	1	616.1885582093745	152200000.0
12	7	7	2	1	10	6	6	2	1	616.1834630438544	6010000000.0
13	5	5	2	1	10	6	6	2	1	461.14773566783066	90280000.0
13	7	7	2	1	10	6	6	2	1	461.14537440615646	4028000000.0
14	5	5	2	1	10	6	6	2	1	384.40288147684	58780000.0
14	7	7	2	1	10	6	6	2	1	384.40151525335676	2836000000.0
15	5	5	2	1	10	6	6	2	1	338.9018228495113	40840000.0
15	7	7	2	1	10	6	6	2	1	338.9009322282097	2080000000.0
11	6	6	2	1	10	7	7	2	1	1084.842227519403	165400000.0
11	8	8	2	1	10	7	7	2	1	1084.841705245366	11460000000.0
12	6	6	2	1	10	7	7	2	1	616.1837191188298	76050000.0
12	8	8	2	1	10	7	7	2	1	616.1835676237469	6286000000.0
13	6	6	2	1	10	7	7	2	1	461.14550665240887	41490000.0
13	8	8	2	1	10	7	7	2	1	461.14543417015585	3771000000.0
14	6	6	2	1	10	7	7	2	1	384.4016002701004	25420000.0
14	8	8	2	1	10	7	7	2	1	384.4015568942079	2451000000.0
15	8	8	2	1	10	7	7	2	1	338.90096460725215	1693000000.0
11	10	10	2	1	10	9	9	2	1	1084.8417141565596	17120000000.0
12	10	10	2	1	10	9	9	2	1	616.1834887929969	4032000000.0
13	10	10	2	1	10	9	9	2	1	461.1454358503625	1521000000.0
14	10	10	2	1	10	9	9	2	1	384.40155742930807	731700000.0
15	10	10	2	1	10	9	9	2	1	338.9009652374386	408600000.0
11	9	9	2	1	10	8	8	2	1	1084.842338457497	14040000000.0
11	7	7	2	1	10	8	8	2	1	1084.8423310960598	78480000.0
12	7	7	2	1	10	8	8	2	1	616.1837770753066	30710000.0
12	9	9	2	1	10	8	8	2	1	616.183774825374	5821000000.0
13	9	9	2	1	10	8	8	2	1	461.14554791082963	2935000000.0
14	9	9	2	1	10	8	8	2	1	384.4016362031864	1693000000.0
15	9	9	2	1	10	8	8	2	1	338.90102626483275	1073000000.0
12	1	1	2	1	11	0	0	2	1	1344.6136361101778	896900000.0
13	1	1	2	1	11	0	0	2	1	771.3186989721422	722900000.0
14	1	1	2	1	11	0	0	2	1	576.4788442091295	549600000.0
15	1	1	2	1	11	0	0	2	1	478.94804210200806	377700000.0
12	0	0	2	1	11	1	1	2	1	1457.659647367888	2669000000.0
12	2	2	2	1	11	1	1	2	1	1367.6654522059644	1422000000.0
13	0	0	2	1	11	1	1	2	1	803.7335207543852	1886000000.0
13	2	2	2	1	11	1	1	2	1	781.4797010233115	1167000000.0
14	0	0	2	1	11	1	1	2	1	593.0026746485739	1342000000.0
14	2	2	2	1	11	1	1	2	1	583.2117626693416	906100000.0
15	0	0	2	1	11	1	1	2	1	489.5867914449297	893000000.0
15	2	2	2	1	11	1	1	2	1	484.14359285386354	653800000.0
12	1	1	2	1	11	2	2	2	1	1459.9206056014273	1326000000.0
12	3	3	2	1	11	2	2	2	1	1397.9786218010029	2053000000.0
13	1	1	2	1	11	2	2	2	1	807.9230460972722	906000000.0
13	3	3	2	1	11	2	2	2	1	792.6948738057471	1684000000.0
14	1	1	2	1	11	2	2	2	1	596.683728970599	625600000.0
14	3	3	2	1	11	2	2	2	1	590.0109551800662	1328000000.0
15	1	1	2	1	11	2	2	2	1	492.8123696758954	398500000.0
15	3	3	2	1	11	2	2	2	1	489.12176644503734	1009000000.0
12	2	2	2	1	11	3	3	2	1	1445.8680919255125	824500000.0
12	4	4	2	1	11	3	3	2	1	1419.6462806923057	2753000000.0
13	2	2	2	1	11	3	3	2	1	806.4016481937286	550800000.0
13	4	4	2	1	11	3	3	2	1	799.9530176999466	2223000000.0
14	2	2	2	1	11	3	3	2	1	596.9806677055637	380900000.0
14	4	4	2	1	11	3	3	2	1	594.1607385700223	1756000000.0
15	2	2	2	1	11	3	3	2	1	493.5941420734916	260600000.0
15	4	4	2	1	11	3	3	2	1	492.04237514427166	1390000000.0
12	3	3	2	1	11	4	4	2	1	1431.2941480088737	530000000.0
12	5	5	2	1	11	4	4	2	1	1425.6735218088456	3471000000.0
13	3	3	2	1	11	4	4	2	1	803.297160234097	341000000.0
13	5	5	2	1	11	4	4	2	1	801.8953829687593	2730000000.0
14	3	3	2	1	11	4	4	2	1	595.8645801900375	233100000.0
14	5	5	2	1	11	4	4	2	1	595.2450689116627	2119000000.0
15	3	3	2	1	11	4	4	2	1	493.1378484978373	166500000.0
15	5	5	2	1	11	4	4	2	1	492.79288958352447	1668000000.0
12	4	4	2	1	11	5	5	2	1	1426.841389650032	356600000.0
12	6	6	2	1	11	5	5	2	1	1426.2986702052951	4276000000.0
13	4	4	2	1	11	5	5	2	1	802.2325528269871	214800000.0
13	6	6	2	1	11	5	5	2	1	802.0945792674797	3224000000.0
14	4	4	2	1	11	5	5	2	1	595.4173672750833	141000000.0
14	6	6	2	1	11	5	5	2	1	595.3554621868699	2421000000.0
15	4	4	2	1	11	5	5	2	1	492.903857228625	98680000.0
15	6	6	2	1	11	5	5	2	1	492.8689021496646	1858000000.0
12	5	5	2	1	11	6	6	2	1	1426.3574300607452	237800000.0
12	7	7	2	1	11	6	6	2	1	1426.3301287779684	5218000000.0
13	5	5	2	1	11	6	6	2	1	802.111705600861	131800000.0
13	7	7	2	1	11	6	6	2	1	802.1045617558888	3671000000.0
14	5	5	2	1	11	6	6	2	1	595.3642556553953	81560000.0
14	7	7	2	1	11	6	6	2	1	595.3609783784422	2615000000.0
15	5	5	2	1	11	6	6	2	1	492.87457607456633	54770000.0
15	7	7	2	1	11	6	6	2	1	492.87269234921223	1927000000.0
12	7	7	2	1	11	8	8	2	1	1426.3310316077345	85430000.0
12	9	9	2	1	11	8	8	2	1	1426.331019552112	7635000000.0
13	7	7	2	1	11	8	8	2	1	802.1048472700209	37640000.0
13	9	9	2	1	11	8	8	2	1	802.1048400686152	4053000000.0
14	7	7	2	1	11	8	8	2	1	595.3611356775755	19890000.0
14	9	9	2	1	11	8	8	2	1	595.3611326436162	2369000000.0
15	9	9	2	1	11	8	8	2	1	492.8727981272758	1509000000.0
12	11	11	2	1	11	10	10	2	1	1426.331019105632	10990000000.0
13	11	11	2	1	11	10	10	2	1	802.1046787432339	2457000000.0
14	11	11	2	1	11	10	10	2	1	595.3611289873116	888900000.0
15	11	11	2	1	11	10	10	2	1	492.8727976207765	413200000.0
12	8	8	2	1	11	9	9	2	1	1426.3310052640265	40820000.0
12	10	10	2	1	11	9	9	2	1	1426.3305672441027	9175000000.0
13	10	10	2	1	11	9	9	2	1	802.1048426808934	3647000000.0
14	10	10	2	1	11	9	9	2	1	595.3611319045725	1778000000.0
15	10	10	2	1	11	9	9	2	1	492.87279804730105	998400000.0
12	6	6	2	1	11	7	7	2	1	1426.3318297334206	149800000.0
12	8	8	2	1	11	7	7	2	1	1426.3310179893847	6328000000.0
13	6	6	2	1	11	7	7	2	1	802.1050658536769	74960000.0
13	8	8	2	1	11	7	7	2	1	802.104846563999	3991000000.0
14	6	6	2	1	11	7	7	2	1	595.3612396101876	43250000.0
14	8	8	2	1	11	7	7	2	1	595.3611355608937	2627000000.0
15	6	6	2	1	11	7	7	2	1	492.8728616794415	27580000.0
15	8	8	2	1	11	7	7	2	1	492.87280009995294	1824000000.0
13	1	1	2	1	12	0	0	2	1	1730.5862529899111	576600000.0
14	1	1	2	1	12	0	0	2	1	984.2258603609068	465600000.0
15	1	1	2	1	12	0	0	2	1	730.3177178150067	333700000.0
13	0	0	2	1	12	1	1	2	1	1875.8337164599077	1785000000.0
13	2	2	2	1	12	1	1	2	1	1758.9326859615237	899600000.0
14	0	0	2	1	12	1	1	2	1	1025.3929802049006	1269000000.0
14	2	2	2	1	12	1	1	2	1	996.4666507698108	740900000.0
15	0	0	2	1	12	1	1	2	1	751.0656205347769	863200000.0
15	2	2	2	1	12	1	1	2	1	738.3311938167512	552100000.0
13	1	1	2	1	12	2	2	2	1	1877.2394046916986	906200000.0
13	3	3	2	1	12	2	2	2	1	1797.026210857796	1282000000.0
14	1	1	2	1	12	2	2	2	1	1029.9879012225767	624900000.0
14	3	3	2	1	12	2	2	2	1	1010.2650551191879	1063000000.0
15	1	1	2	1	12	2	2	2	1	755.2155330755152	409700000.0
15	3	3	2	1	12	2	2	2	1	746.5828127916254	825400000.0
13	2	2	2	1	12	3	3	2	1	1858.125353673008	579700000.0
13	4	4	2	1	12	3	3	2	1	1824.2402630950971	1698000000.0
14	2	2	2	1	12	3	3	2	1	1027.5421235689028	394700000.0
14	4	4	2	1	12	3	3	2	1	1019.2160572032848	1398000000.0
15	2	2	2	1	12	3	3	2	1	755.2550847172785	268900000.0
15	4	4	2	1	12	3	3	2	1	751.6280590314735	1118000000.0
13	3	3	2	1	12	4	4	2	1	1839.249187652856	385700000.0
13	5	5	2	1	12	4	4	2	1	1831.917035953318	2113000000.0
14	3	3	2	1	12	4	4	2	1	1023.4739347292704	255700000.0
14	5	5	2	1	12	4	4	2	1	1021.6475858594047	1710000000.0
15	3	3	2	1	12	4	4	2	1	753.7718672952777	177600000.0
15	5	5	2	1	12	4	4	2	1	752.9662106094286	1358000000.0
13	4	4	2	1	12	5	5	2	1	1833.4529759832544	270300000.0
13	6	6	2	1	12	5	5	2	1	1832.7324679023966	2569000000.0
14	4	4	2	1	12	5	5	2	1	1022.0854445892481	169400000.0
14	6	6	2	1	12	5	5	2	1	1021.9030443503722	2017000000.0
15	4	4	2	1	12	5	5	2	1	753.1874023938707	114300000.0
15	6	6	2	1	12	5	5	2	1	753.105786322544	1564000000.0
13	5	5	2	1	12	6	6	2	1	1832.8124275788505	189700000.0
13	7	7	2	1	12	6	6	2	1	1832.7751289055313	3095000000.0
14	5	5	2	1	12	6	6	2	1	1021.9260118494453	110700000.0
14	7	7	2	1	12	6	6	2	1	1021.9163561258655	2311000000.0
15	5	5	2	1	12	6	6	2	1	753.1174369337458	70910000.0
15	7	7	2	1	12	6	6	2	1	753.1130387914159	1722000000.0
13	6	6	2	1	12	7	7	2	1	1832.777543703837	128300000.0
13	8	8	2	1	12	7	7	2	1	1832.7763987841352	3705000000.0
14	6	6	2	1	12	7	7	2	1	1021.9170582812186	68610000.0
14	8	8	2	1	12	7	7	2	1	1021.91675172561	2562000000.0
15	6	6	2	1	12	7	7	2	1	753.1133974849057	41410000.0
15	8	8	2	1	12	7	7	2	1	753.1132537087113	1800000000.0
13	10	10	2	1	12	9	9	2	1	1832.7764194266438	5240000000.0
13	8	8	2	1	12	9	9	2	1	1832.7764186894	46760000.0
14	8	8	2	1	12	9	9	2	1	1021.9167579140335	19750000.0
14	10	10	2	1	12	9	9	2	1	1021.9167536737992	2689000000.0
15	10	10	2	1	12	9	9	2	1	753.1132558248997	1530000000.0
13	12	12	2	1	12	11	11	2	1	1832.7764205324568	7314000000.0
14	12	12	2	1	12	11	11	2	1	1021.9167569972155	1555000000.0
15	12	12	2	1	12	11	11	2	1	753.1132553892154	539900000.0
13	7	7	2	1	12	8	8	2	1	1832.7764691897032	81450000.0
13	9	9	2	1	12	8	8	2	1	1832.7764315909026	4415000000.0
14	7	7	2	1	12	8	8	2	1	1021.9167728120326	39210000.0
14	9	9	2	1	12	8	8	2	1	1021.91676387322	2715000000.0
15	7	7	2	1	12	8	8	2	1	753.1132650987712	21980000.0
15	9	9	2	1	12	8	8	2	1	753.1132603684771	1751000000.0
13	9	9	2	1	12	10	10	2	1	1832.7771548143658	22460000.0
13	11	11	2	1	12	10	10	2	1	1832.776312159632	6199000000.0
14	11	11	2	1	12	10	10	2	1	1021.9169778318665	2363000000.0
15	11	11	2	1	12	10	10	2	1	753.1133812400623	1113000000.0
14	1	1	2	1	13	0	0	2	1	2184.0514067956974	381500000.0
15	1	1	2	1	13	0	0	2	1	1232.8863090770376	295500000.0
14	0	0	2	1	13	1	1	2	1	2367.0713917060357	1223000000.0
14	2	2	2	1	13	1	1	2	1	2218.411541096711	587800000.0
15	0	0	2	1	13	1	1	2	1	1284.2432299220409	844700000.0
15	2	2	2	1	13	1	1	2	1	1247.4538826675478	469800000.0
14	1	1	2	1	13	2	2	2	1	2367.231543126709	632200000.0
14	3	3	2	1	13	2	2	2	1	2265.57814136253	831300000.0
15	1	1	2	1	13	2	2	2	1	1289.2005581316448	422700000.0
15	3	3	2	1	13	2	2	2	1	1264.2459461062008	682600000.0
14	2	2	2	1	13	3	3	2	1	2341.9467840886145	414700000.0
14	4	4	2	1	13	3	3	2	1	2299.1396309331517	1091000000.0
15	2	2	2	1	13	3	3	2	1	1285.5865834785443	281000000.0
15	4	4	2	1	13	3	3	2	1	1275.1127920071378	909400000.0
14	3	3	2	1	13	4	4	2	1	2318.0780695035587	284700000.0
14	5	5	2	1	13	4	4	2	1	2308.7303191589767	1344000000.0
15	3	3	2	1	13	4	4	2	1	1280.4281771352858	192700000.0
15	5	5	2	1	13	4	4	2	1	1278.1051386377083	1111000000.0
14	4	4	2	1	13	5	5	2	1	2310.700596066816	206100000.0
14	6	6	2	1	13	5	5	2	1	2309.7685429889802	1615000000.0
15	4	4	2	1	13	5	5	2	1	1278.6608363066348	133500000.0
15	6	6	2	1	13	5	5	2	1	1278.4256307993594	1307000000.0
14	5	5	2	1	13	6	6	2	1	2309.8738067788036	150400000.0
14	7	7	2	1	13	6	6	2	1	2309.824476081581	1924000000.0
15	5	5	2	1	13	6	6	2	1	1278.4555048394016	91470000.0
15	7	7	2	1	13	6	6	2	1	1278.4428308500005	1500000000.0
14	6	6	2	1	13	7	7	2	1	2309.8277828790588	107000000.0
14	8	8	2	1	13	7	7	2	1	2309.8262167158905	2278000000.0
15	6	6	2	1	13	7	7	2	1	1278.443778570092	60360000.0
15	8	8	2	1	13	7	7	2	1	1278.443364256246	1679000000.0
14	13	13	2	1	13	12	12	2	1	2309.826250088332	5020000000.0
15	13	13	2	1	13	12	12	2	1	1278.4433737621873	1016000000.0
14	9	9	2	1	13	10	10	2	1	2309.8262477463654	26860000.0
14	11	11	2	1	13	10	10	2	1	2309.826192125741	3690000000.0
15	9	9	2	1	13	10	10	2	1	1278.4433739415215	10880000.0
15	11	11	2	1	13	10	10	2	1	1278.4433703543768	1831000000.0
14	7	7	2	1	13	8	8	2	1	2309.826294584867	72910000.0
14	9	9	2	1	13	8	8	2	1	2309.8262489173485	2684000000.0
15	7	7	2	1	13	8	8	2	1	1278.4433879313303	37620000.0
15	9	9	2	1	13	8	8	2	1	1278.4433743002412	1819000000.0
14	8	8	2	1	13	9	9	2	1	2309.826276435041	46570000.0
14	10	10	2	1	13	9	9	2	1	2309.8262547720988	3152000000.0
15	8	8	2	1	13	9	9	2	1	1278.4433825506385	21570000.0
15	10	10	2	1	13	9	9	2	1	1278.4433789634936	1887000000.0
14	12	12	2	1	13	11	11	2	1	2309.8276084054874	4309000000.0
14	10	10	2	1	13	11	11	2	1	2309.827593182853	12960000.0
15	12	12	2	1	13	11	11	2	1	1278.4437871792145	1576000000.0
15	1	1	2	1	14	0	0	2	1	2710.282447565909	253500000.0
15	0	0	2	1	14	1	1	2	1	2937.0248023821946	842700000.0
15	2	2	2	1	14	1	1	2	1	2751.44978757017	388500000.0
15	1	1	2	1	14	2	2	2	1	2935.519447379871	441900000.0
15	3	3	2	1	14	2	2	2	1	2809.2567223168912	551500000.0
15	2	2	2	1	14	3	3	2	1	2902.835963295705	298600000.0
15	4	4	2	1	14	3	3	2	1	2849.9770958545414	724900000.0
15	3	3	2	1	14	4	4	2	1	2873.4317842806036	212600000.0
15	5	5	2	1	14	4	4	2	1	2861.7591581331944	885800000.0
15	4	4	2	1	14	5	5	2	1	2864.2350055041616	158400000.0
15	6	6	2	1	14	5	5	2	1	2863.055078868588	1054000000.0
15	5	5	2	1	14	6	6	2	1	2863.1900663123565	119200000.0
15	7	7	2	1	14	6	6	2	1	2863.126498520595	1243000000.0
15	6	6	2	1	14	7	7	2	1	2863.130870442011	88130000.0
15	8	8	2	1	14	7	7	2	1	2863.128792428323	1458000000.0
15	7	7	2	1	14	8	8	2	1	2863.1289048747067	63150000.0
15	9	9	2	1	14	8	8	2	1	2863.1288365072614	1703000000.0
15	14	14	2	1	14	13	13	2	1	2863.1288446034296	3538000000.0
15	13	13	2	1	14	12	12	2	1	2863.128845503146	3070000000.0
15	11	11	2	1	14	12	12	2	1	2863.1288284110933	7782000.0
15	8	8	2	1	14	9	9	2	1	2863.1288625949433	43270000.0
15	10	10	2	1	14	9	9	2	1	2863.1288446034296	1981000000.0
15	9	9	2	1	14	10	10	2	1	2863.1288697916507	27770000.0
15	11	11	2	1	14	10	10	2	1	2863.128851800137	2298000000.0
15	10	10	2	1	14	11	11	2	1	2863.128930062673	16080000.0
15	12	12	2	1	14	11	11	2	1	2863.128921067044	2659000000.0

100	0	0	0	0	0	0	0	0	0	1.0	1.0
# upper n l L (2S+1) Seniority  lower  n l L (2S+1) Seniority  Energy (Angstrom) Einstein A (s-1)
# File computed  using the RAP package (Witthoeft, 2011) using Autostructure and Nist data 
# For the final state of B-like Fe