  2   1   1   2   1   1   0   0   2   1   1.77982124165        2.95e+14 
  2   1   1   2   1   2   0   0   2   1   913.099325981   83333333.3333 
  3   0   0   2   1   2   1   1   2   1   9.70580193225       2.887e+12 
  3   1   1   2   1   1   0   0   2   1    1.5027321427        7.85e+13 
  3   1   1   2   1   2   0   0   2   1   9.55150139632         7.2e+12 
  3   1   1   2   1   3   0   0   2   1   3086.59943547   12933333.3333 
  3   2   2   2   1   2   1   1   2   1   9.62757560785       1.788e+13 
  3   2   2   2   1   3   1   1   2   1   3732.76321036       5240000.0 
  4   0   0   2   1   2   1   1   2   1   7.18948363616       1.179e+12 
  4   0   0   2   1   3   1   1   2   1   27.7308693514       8.392e+11 
  4   1   1   2   1   1   0   0   2   1   1.42504949071 2.13333333333e+13 
  4   1   1   2   1   2   0   0   2   1   7.09365715008 3.07333333333e+12 
  4   1   1   2   1   3   0   0   2   1   27.3228470199         9.8e+11 
  4   1   1   2   1   3   2   2   2   1   27.7308648102       1.589e+11 
  4   2   2   2   1   2   1   1   2   1   7.14342597085         5.7e+12 
  4   2   2   2   1   3   1   1   2   1   27.4812544909       1.962e+12 
  4   3   3   2   1   3   2   2   2   1   27.6483385214 3.61714285714e+12 
  5   0   0   2   1   2   1   1   2   1   6.41918188016       5.892e+11 
  5   0   0   2   1   3   1   1   2   1   18.9566486698       4.136e+11 
  5   0   0   2   1   4   1   1   2   1   59.9123615365       2.949e+11 
  5   1   1   2   1   1   0   0   2   1   1.39176620292 1.07333333333e+13 
  5   1   1   2   1   2   0   0   2   1   6.33904465456 1.56666666667e+12 
  5   1   1   2   1   3   0   0   2   1   18.7333004871        5.18e+11 
  5   1   1   2   1   3   2   2   2   1   18.9566462739   68370000000.0 
  5   1   1   2   1   4   0   0   2   1   59.9123738282       3.371e+11 
  5   1   1   2   1   4   2   2   2   1    59.912353072   86170000000.0 
  5   2   2   2   1   2   1   1   2   1    6.3810033002       2.604e+12 
  5   2   2   2   1   3   1   1   2   1   18.8271597473        9.42e+11 
  5   2   2   2   1   4   1   1   2   1   59.9123761767       6.793e+11 
  5   2   2   2   1   4   3   3   2   1    59.912357876   23080000000.0 
  5   3   3   2   1   3   2   2   2   1   18.9138043595 1.18857142857e+12 
  5   3   3   2   1   4   2   2   2   1    59.912367434       1.182e+12 
  5   4   4   2   1   4   3   3   2   1   59.9123623295       1.945e+12 
  6   0   0   2   1   2   1   1   2   1   6.06612702544       3.361e+11 
  6   0   0   2   1   3   1   1   2   1   16.1763409828       2.319e+11 
  6   0   0   2   1   4   1   1   2   1    38.823216977       1.638e+11 
  6   0   0   2   1   5   1   1   2   1   110.293248902       1.226e+11 
  6   1   1   2   1   1   0   0   2   1   1.38654323803        9.02e+12 
  6   1   1   2   1   2   0   0   2   1   6.06612712809       1.307e+12 
  6   1   1   2   1   3   0   0   2   1   16.1763425003       4.367e+11 
  6   1   1   2   1   3   2   2   2   1   16.1763390209   35770000000.0 
  6   1   1   2   1   4   0   0   2   1   38.8232208871       2.037e+11 
  6   1   1   2   1   4   2   2   2   1   38.8232121715   43060000000.0 
  6   1   1   2   1   5   0   0   2   1   110.293271191       1.111e+11 
  6   1   1   2   1   5   2   2   2   1   110.293221576   43860000000.0 
  6   2   2   2   1   2   1   1   2   1   6.06612700746       2.352e+12 
  6   2   2   2   1   3   1   1   2   1   16.1763408549       8.586e+11 
  6   2   2   2   1   4   1   1   2   1   38.8232162405       3.942e+11 
  6   2   2   2   1   4   3   3   2   1    38.823208556    9807000000.0 
  6   2   2   2   1   5   1   1   2   1   110.293242957       2.055e+11 
  6   2   2   2   1   5   3   3   2   1   110.293194285   17870000000.0 
  6   3   3   2   1   3   2   2   2   1   16.1763389827       9.812e+11 
  6   3   3   2   1   4   2   2   2   1   38.8232119517       5.884e+11 
  6   3   3   2   1   5   2   2   2   1   110.293219802       3.307e+11 
  6   3   3   2   1   5   4   4   2   1    110.29320471    5200000000.0 
  6   4   4   2   1   4   3   3   2   1   38.8232105501       6.277e+11 
  6   4   4   2   1   5   3   3   2   1   110.293210379       5.055e+11 
  6   5   5   2   1   5   4   4   2   1   110.293212363       7.521e+11 
  7   0   0   2   1   2   1   1   2   1   5.87141184806       2.097e+11 
  7   0   0   2   1   3   1   1   2   1   14.8620131811        1.43e+11 
  7   0   0   2   1   4   1   1   2   1   32.0258858085   99390000000.0 
  7   0   0   2   1   5   1   1   2   1   68.8056207621   73940000000.0 
  7   0   0   2   1   6   1   1   2   1   182.917055067   57840000000.0 
  7   1   1   2   1   1   0   0   2   1    1.3761120684       5.652e+12 
  7   1   1   2   1   2   0   0   2   1   5.87141193209       8.217e+11 
  7   1   1   2   1   3   0   0   2   1   14.8620143843       2.755e+11 
  7   1   1   2   1   3   2   2   2   1   14.8620114473   21200000000.0 
  7   1   1   2   1   4   0   0   2   1   32.0258881083       1.293e+11 
  7   1   1   2   1   4   2   2   2   1   32.0258821774   24650000000.0 
  7   1   1   2   1   5   0   0   2   1   68.8056277704   72740000000.0 
  7   1   1   2   1   5   2   2   2   1   68.8056084614   24270000000.0 
  7   1   1   2   1   6   0   0   2   1   182.917076822   44760000000.0 
  7   1   1   2   1   6   2   2   2   1   182.917093172   23340000000.0 
  7   2   2   2   1   2   1   1   2   1   5.87141187901       1.432e+12 
  7   2   2   2   1   3   1   1   2   1   14.8620133794       5.256e+11 
  7   2   2   2   1   4   1   1   2   1   32.0258867295       2.441e+11 
  7   2   2   2   1   4   3   3   2   1   32.0258815003    5139000000.0 
  7   2   2   2   1   5   1   1   2   1   68.8056250133       1.327e+11 
  7   2   2   2   1   5   3   3   2   1   68.8056060711    8742000000.0 
  7   2   2   2   1   6   1   1   2   1   182.917085112   77920000000.0 
  7   2   2   2   1   6   3   3   2   1   182.917089992   11540000000.0 
  7   3   3   2   1   3   2   2   2   1   14.8620115984       5.519e+11 
  7   3   3   2   1   4   2   2   2   1    32.025882879       3.356e+11 
  7   3   3   2   1   5   2   2   2   1   68.8056116996        1.98e+11 
  7   3   3   2   1   5   4   4   2   1   68.8056058259    2127000000.0 
  7   3   3   2   1   6   2   2   2   1   182.917116057       1.186e+11 
  7   3   3   2   1   6   4   4   2   1   182.917071792    5076000000.0 
  7   4   4   2   1   4   3   3   2   1   32.0258811595       2.953e+11 
  7   4   4   2   1   5   3   3   2   1    68.805604498       2.506e+11 
  7   4   4   2   1   6   3   3   2   1   182.917078874       1.721e+11 
  7   4   4   2   1   6   5   5   2   1   182.917057825    1534000000.0 
  7   5   5   2   1   5   4   4   2   1   68.8056024974       2.326e+11 
  7   5   5   2   1   6   4   4   2   1   182.917048267       2.434e+11 
  7   6   6   2   1   6   5   5   2   1   182.917052321       3.387e+11 
  8   0   0   2   1   2   1   1   2   1   5.75158711978       1.396e+11 
  8   0   0   2   1   3   1   1   2   1   14.1175337842   94500000000.0 
  8   0   0   2   1   4   1   1   2   1   28.7579380849   64900000000.0 
  8   0   0   2   1   5   1   1   2   1   55.3037310869   47550000000.0 
  8   0   0   2   1   6   1   1   2   1   110.923464713   37050000000.0 
  8   0   0   2   1   7   1   1   2   1   281.827764816   30040000000.0 
  8   1   1   2   1   1   0   0   2   1   1.36942542151       3.774e+12 
  8   1   1   2   1   2   0   0   2   1   5.75158720194       5.498e+11 
  8   1   1   2   1   3   0   0   2   1   14.1175348791       1.846e+11 
  8   1   1   2   1   3   2   2   2   1    14.117532229   13650000000.0 
  8   1   1   2   1   4   0   0   2   1   28.7579399775   86760000000.0 
  8   1   1   2   1   4   2   2   2   1   28.7579351952   15530000000.0 
  8   1   1   2   1   5   0   0   2   1   55.3037357558   48970000000.0 
  8   1   1   2   1   5   2   2   2   1   55.3037232814   14840000000.0 
  8   1   1   2   1   6   0   0   2   1   110.923473282   31000000000.0 
  8   1   1   2   1   6   2   2   2   1   110.923479294   13900000000.0 
  8   1   1   2   1   7   0   0   2   1   281.827792176   20730000000.0 
  8   1   1   2   1   7   2   2   2   1   281.827720852   13140000000.0 
  8   2   2   2   1   2   1   1   2   1   5.75158713844       9.384e+11 
  8   2   2   2   1   3   1   1   2   1   14.1175338967       3.456e+11 
  8   2   2   2   1   4   1   1   2   1   28.7579385515       1.611e+11 
  8   2   2   2   1   4   3   3   2   1    28.757934335    3066000000.0 
  8   2   2   2   1   5   1   1   2   1   55.3037328127   88400000000.0 
  8   2   2   2   1   5   3   3   2   1   55.3037205752    4976000000.0 
  8   2   2   2   1   6   1   1   2   1   110.923471656   53930000000.0 
  8   2   2   2   1   6   3   3   2   1   110.923473451    6227000000.0 
  8   2   2   2   1   7   1   1   2   1   281.827809634   34480000000.0 
  8   2   2   2   1   7   3   3   2   1   281.827755306    7284000000.0 
  8   3   3   2   1   3   2   2   2   1   14.1175322749       3.447e+11 
  8   3   3   2   1   4   2   2   2   1   28.7579353854       2.108e+11 
  8   3   3   2   1   5   2   2   2   1   55.3037239849       1.259e+11 
  8   3   3   2   1   5   4   4   2   1   55.3037201902    1092000000.0 
  8   3   3   2   1   6   2   2   2   1   110.923482124   78900000000.0 
  8   3   3   2   1   6   4   4   2   1   110.923465846    2394000000.0 
  8   3   3   2   1   7   2   2   2   1   281.827739121   50340000000.0 
  8   3   3   2   1   7   4   4   2   1   281.827765513    3872000000.0 
  8   4   4   2   1   4   3   3   2   1   28.7579341022       1.666e+11 
  8   4   4   2   1   5   3   3   2   1    55.303719714       1.433e+11 
  8   4   4   2   1   6   3   3   2   1   110.923469986       1.034e+11 
  8   4   4   2   1   6   5   5   2   1   110.923462245     597000000.0 
  8   4   4   2   1   7   3   3   2   1   281.827732941   70230000000.0 
  8   4   4   2   1   7   5   5   2   1   281.827788785    1763000000.0 
  8   5   5   2   1   5   4   4   2   1    55.303719372       1.069e+11 
  8   5   5   2   1   6   4   4   2   1   110.923462554       1.179e+11 
  8   5   5   2   1   7   4   4   2   1   281.827744263   95650000000.0 
  8   5   5   2   1   7   6   6   2   1   281.827757329     544100000.0 
  8   6   6   2   1   6   5   5   2   1   110.923451745   99470000000.0 
  8   6   6   2   1   7   5   5   2   1      281.827721       1.283e+11 
  8   7   7   2   1   7   6   6   2   1   281.827755028       1.703e+11 
  9   0   0   2   1   2   1   1   2   1   5.67222268664   97660000000.0 
  9   0   0   2   1   3   1   1   2   1    13.648787486   65730000000.0 
  9   0   0   2   1   4   1   1   2   1   26.8776112014   44780000000.0 
  9   0   0   2   1   5   1   1   2   1   48.7456705047   32430000000.0 
  9   0   0   2   1   6   1   1   2   1   87.3522285452   24910000000.0 
  9   0   0   2   1   7   1   1   2   1   167.197624713   20150000000.0 
  9   0   0   2   1   8   1   1   2   1   411.069279248   16810000000.0 
  9   1   1   2   1   1   0   0   2   1    1.3648785013       2.645e+12 
  9   1   1   2   1   2   0   0   2   1    5.6722227646       3.858e+11 
  9   1   1   2   1   3   0   0   2   1    13.648788498       1.297e+11 
  9   1   1   2   1   3   2   2   2   1    13.648786021    9335000000.0 
  9   1   1   2   1   4   0   0   2   1   26.8776128106   60930000000.0 
  9   1   1   2   1   4   2   2   2   1   26.8776086333   10460000000.0 
  9   1   1   2   1   5   0   0   2   1   48.7456739873   34390000000.0 
  9   1   1   2   1   5   2   2   2   1   48.7456642959    9799000000.0 
  9   1   1   2   1   6   0   0   2   1   87.3522333942   21800000000.0 
  9   1   1   2   1   6   2   2   2   1   87.3522371229    8941000000.0 
  9   1   1   2   1   7   0   0   2   1    167.19763264   14960000000.0 
  9   1   1   2   1   7   2   2   2   1   167.197607537    8275000000.0 
  9   1   1   2   1   8   0   0   2   1    411.06933497   10640000000.0 
  9   1   1   2   1   8   2   2   2   1   411.069239621    7790000000.0 
  9   2   2   2   1   2   1   1   2   1   5.67222269916       6.494e+11 
  9   2   2   2   1   3   1   1   2   1   13.6487875585       2.396e+11 
  9   2   2   2   1   4   1   1   2   1   26.8776114825       1.119e+11 
  9   2   2   2   1   4   3   3   2   1   26.8776077994    1993000000.0 
  9   2   2   2   1   5   1   1   2   1   48.7456714293   61580000000.0 
  9   2   2   2   1   5   3   3   2   1   48.7456619221    3138000000.0 
  9   2   2   2   1   6   1   1   2   1   87.3522315144   37830000000.0 
  9   2   2   2   1   6   3   3   2   1   87.3522326272    3771000000.0 
  9   2   2   2   1   7   1   1   2   1   167.197635592   25050000000.0 
  9   2   2   2   1   7   3   3   2   1    167.19761647    4226000000.0 
  9   2   2   2   1   8   1   1   2   1   411.069345002   17080000000.0 
  9   2   2   2   1   8   3   3   2   1   411.069306135    4664000000.0 
  9   3   3   2   1   3   2   2   2   1   13.6487860547        2.31e+11 
  9   3   3   2   1   4   2   2   2   1    26.877608764       1.417e+11 
  9   3   3   2   1   5   2   2   2   1   48.7456647259   85030000000.0 
  9   3   3   2   1   5   4   4   2   1   48.7456617779     644900000.0 
  9   3   3   2   1   6   2   2   2   1   87.3522385037   53840000000.0 
  9   3   3   2   1   6   4   4   2   1   87.3522284087    1336000000.0 
  9   3   3   2   1   7   2   2   2   1   167.197612596   35840000000.0 
  9   3   3   2   1   7   4   4   2   1   167.197621885    2018000000.0 
  9   3   3   2   1   8   2   2   2   1   411.069270198   24130000000.0 
  9   3   3   2   1   8   4   4   2   1    411.06931778    2772000000.0 
  9   4   4   2   1   4   3   3   2   1   26.8776076167       1.047e+11 
  9   4   4   2   1   5   3   3   2   1    48.745661321   90560000000.0 
  9   4   4   2   1   6   3   3   2   1   87.3522306971   66180000000.0 
  9   4   4   2   1   7   3   3   2   1   167.197609399   47100000000.0 
  9   4   4   2   1   7   5   5   2   1   167.197629054     795900000.0 
  9   4   4   2   1   8   3   3   2   1   411.069263393   32640000000.0 
  9   4   4   2   1   8   5   5   2   1   411.069308601    1521000000.0 
  9   5   5   2   1   5   4   4   2   1    48.745661163   59540000000.0 
  9   5   5   2   1   6   4   4   2   1   87.3522264342   66550000000.0 
  9   5   5   2   1   7   4   4   2   1   167.197614651   56790000000.0 
  9   5   5   2   1   8   4   4   2   1   411.069274055   43170000000.0 
  9   5   5   2   1   8   6   6   2   1   411.069418266     706300000.0 
  9   6   6   2   1   6   5   5   2   1   87.3522251096   44230000000.0 
  9   6   6   2   1   7   5   5   2   1   167.197626171   60100000000.0 
  9   6   6   2   1   8   5   5   2   1   411.069291171   56280000000.0 
  9   6   6   2   1   8   7   7   2   1   411.069296066     221000000.0 
  9   7   7   2   1   7   6   6   2   1   167.197618403   47330000000.0 
  9   7   7   2   1   8   6   6   2   1   411.069413148   72650000000.0 
  9   8   8   2   1   8   7   7   2   1   411.069294675   93080000000.0 
 10   0   0   2   1   2   1   1   2   1   5.61678429489   70980000000.0 
 10   0   0   2   1   3   1   1   2   1   13.3321489038   47590000000.0 
 10   0   0   2   1   4   1   1   2   1   25.6767301581   32230000000.0 
 10   0   0   2   1   5   1   1   2   1   44.9342800571   23150000000.0 
 10   0   0   2   1   6   1   1   2   1   75.8265871366   17580000000.0 
 10   0   0   2   1   7   1   1   2   1   129.516436103   14030000000.0 
 10   0   0   2   1   8   1   1   2   1   239.649448885   11700000000.0 
 10   0   0   2   1   9   1   1   2   1   574.685661548    9989000000.0 
 10   1   1   2   1   1   0   0   2   1   1.36164459543       1.925e+12 
 10   1   1   2   1   2   0   0   2   1   5.61678437011       2.811e+11 
 10   1   1   2   1   3   0   0   2   1   13.3321498626   94500000000.0 
 10   1   1   2   1   3   2   2   2   1   13.3321474992    6676000000.0 
 10   1   1   2   1   4   0   0   2   1   25.6767316014   44400000000.0 
 10   1   1   2   1   4   2   2   2   1    25.676727789    7404000000.0 
 10   1   1   2   1   5   0   0   2   1   44.9342829388   25030000000.0 
 10   1   1   2   1   5   2   2   2   1   44.9342747037    6841000000.0 
 10   1   1   2   1   6   0   0   2   1   75.8265905696   15850000000.0 
 10   1   1   2   1   6   2   2   2   1   75.8265933792    6129000000.0 
 10   1   1   2   1   7   0   0   2   1   129.516440215   10880000000.0 
 10   1   1   2   1   7   2   2   2   1   129.516425152    5539000000.0 
 10   1   1   2   1   8   0   0   2   1   239.649465617    7926000000.0 
 10   1   1   2   1   8   2   2   2   1    239.64943321    5128000000.0 
 10   1   1   2   1   9   0   0   2   1   574.685737657    5904000000.0 
 10   1   1   2   1   9   2   2   2   1   574.685609142    4835000000.0 
 10   2   2   2   1   2   1   1   2   1   5.61678430377       4.685e+11 
 10   2   2   2   1   3   1   1   2   1   13.3321489538        1.73e+11 
 10   2   2   2   1   4   1   1   2   1   25.6767303437   80940000000.0 
 10   2   2   2   1   4   3   3   2   1   25.6767269823    1376000000.0 
 10   2   2   2   1   5   1   1   2   1   44.9342806254   44570000000.0 
 10   2   2   2   1   5   3   3   2   1   44.9342725467    2123000000.0 
 10   2   2   2   1   6   1   1   2   1    75.826588755   27420000000.0 
 10   2   2   2   1   6   3   3   2   1   75.8265895935    2483000000.0 
 10   2   2   2   1   7   1   1   2   1   129.516440824   18260000000.0 
 10   2   2   2   1   7   3   3   2   1    129.51642935    2686000000.0 
 10   2   2   2   1   8   1   1   2   1    239.64946505   12860000000.0 
 10   2   2   2   1   8   3   3   2   1    239.64945184    2861000000.0 
 10   2   2   2   1   9   1   1   2   1   574.685754509    9210000000.0 
 10   2   2   2   1   9   3   3   2   1   574.685694746    3059000000.0 
 10   3   3   2   1   3   2   2   2   1   13.3321475202        1.63e+11 
 10   3   3   2   1   4   2   2   2   1   25.6767278669       1.002e+11 
 10   3   3   2   1   5   2   2   2   1   44.9342749421   60230000000.0 
 10   3   3   2   1   6   2   2   2   1   75.8265940582   38280000000.0 
 10   3   3   2   1   6   4   4   2   1   75.8265864514     833500000.0 
 10   3   3   2   1   7   2   2   2   1   129.516427132   25700000000.0 
 10   3   3   2   1   7   4   4   2   1   129.516432706    1198000000.0 
 10   3   3   2   1   8   2   2   2   1   239.649439992   18010000000.0 
 10   3   3   2   1   8   4   4   2   1   239.649456164    1555000000.0 
 10   3   3   2   1   9   2   2   2   1   574.685648138   12680000000.0 
 10   3   3   2   1   9   4   4   2   1   574.685731677    1958000000.0 
 10   4   4   2   1   4   3   3   2   1   25.6767268577   70660000000.0 
 10   4   4   2   1   5   3   3   2   1    44.934272165   61320000000.0 
 10   4   4   2   1   6   3   3   2   1   75.8265885064   45030000000.0 
 10   4   4   2   1   7   3   3   2   1   129.516426179   32410000000.0 
 10   4   4   2   1   7   5   5   2   1   129.516437973     432000000.0 
 10   4   4   2   1   8   3   3   2   1   239.649440981   23490000000.0 
 10   4   4   2   1   8   5   5   2   1   239.649456347     761700000.0 
 10   4   4   2   1   9   3   3   2   1     574.6856323   16730000000.0 
 10   4   4   2   1   9   5   5   2   1    574.68571776    1199000000.0 
 10   5   5   2   1   5   4   4   2   1   44.9342720185   37160000000.0 
 10   5   5   2   1   6   4   4   2   1   75.8265852595   41770000000.0 
 10   5   5   2   1   7   4   4   2   1   129.516429229   36100000000.0 
 10   5   5   2   1   8   4   4   2   1   239.649444259   28810000000.0 
 10   5   5   2   1   8   6   6   2   1   239.649493272     304200000.0 
 10   5   5   2   1   9   4   4   2   1   574.685663215   21610000000.0 
 10   5   5   2   1   9   6   6   2   1   574.685697283     670200000.0 
 10   6   6   2   1   6   5   5   2   1   75.8265834455   24100000000.0 
 10   6   6   2   1   7   5   5   2   1   129.516433761   33190000000.0 
 10   6   6   2   1   8   5   5   2   1   239.649441927   32710000000.0 
 10   6   6   2   1   9   5   5   2   1   574.685634837   27540000000.0 
 10   6   6   2   1   9   7   7   2   1    574.68564484     315200000.0 
 10   7   7   2   1   7   6   6   2   1   129.516431605   20250000000.0 
 10   7   7   2   1   8   6   6   2   1   239.649491962   32750000000.0 
 10   7   7   2   1   9   6   6   2   1   574.685689744   34760000000.0 
 10   7   7   2   1   9   8   8   2   1   574.685692462      99600000.0 
 10   8   8   2   1   8   7   7   2   1   239.649418078   24460000000.0 
 10   8   8   2   1   9   7   7   2   1   574.685498132   43560000000.0 
 10   9   9   2   1   9   8   8   2   1   574.685691629   54300000000.0 
 11   0   0   2   1   2   1   1   2   1   5.57645866273   53210000000.0 
 11   0   0   2   1   3   1   1   2   1   13.1071688578   35570000000.0 
 11   0   0   2   1   4   1   1   2   1   24.8550747062   23990000000.0 
 11   0   0   2   1   5   1   1   2   1   42.4769362449   17130000000.0 
 11   0   0   2   1   6   1   1   2   1   69.0824811338   12900000000.0 
 11   0   0   2   1   7   1   1   2   1   111.006378466   10180000000.0 
 11   0   0   2   1   8   1   1   2   1   183.142632621    8377000000.0 
 11   0   0   2   1   9   1   1   2   1   330.300593471    7158000000.0 
 11   0   0   2   1  10   1   1   2   1   776.720944555    6231000000.0 
 11   1   1   2   1   1   0   0   2   1   1.35926171741       1.445e+12 
 11   1   1   2   1   2   0   0   2   1   5.57645873611       2.111e+11 
 11   1   1   2   1   3   0   0   2   1   13.1071697802   70980000000.0 
 11   1   1   2   1   3   2   2   2   1   13.1071674959    4946000000.0 
 11   1   1   2   1   4   0   0   2   1   24.8550760434   33340000000.0 
 11   1   1   2   1   4   2   2   2   1   24.8550724711    5443000000.0 
 11   1   1   2   1   5   0   0   2   1   42.4769387755   18780000000.0 
 11   1   1   2   1   5   2   2   2   1   42.4769314166    4981000000.0 
 11   1   1   2   1   6   0   0   2   1   69.0824838655   11870000000.0 
 11   1   1   2   1   6   2   2   2   1   69.0824861976    4405000000.0 
 11   1   1   2   1   7   0   0   2   1   111.006381183    8134000000.0 
 11   1   1   2   1   7   2   2   2   1   111.006370117    3914000000.0 
 11   1   1   2   1   8   0   0   2   1   183.142641566    5921000000.0 
 11   1   1   2   1   8   2   2   2   1   183.142622639    3545000000.0 
 11   1   1   2   1   9   0   0   2   1   330.300615919    4511000000.0 
 11   1   1   2   1   9   2   2   2   1   330.300573466    3298000000.0 
 11   1   1   2   1  10   0   0   2   1   776.721045516    3486000000.0 
 11   1   1   2   1  10   2   2   2   1   776.720875703    3121000000.0 
 11   2   2   2   1   2   1   1   2   1   5.57645866923       3.493e+11 
 11   2   2   2   1   3   1   1   2   1   13.1071688937       1.291e+11 
 11   2   2   2   1   4   1   1   2   1   24.8550748355   60430000000.0 
 11   2   2   2   1   4   3   3   2   1   24.8550716858     993300000.0 
 11   2   2   2   1   5   1   1   2   1   42.4769366225   33290000000.0 
 11   2   2   2   1   5   3   3   2   1   42.4769294033    1511000000.0 
 11   2   2   2   1   6   1   1   2   1   69.0824821326   20490000000.0 
 11   2   2   2   1   6   3   3   2   1   69.0824828286    1735000000.0 
 11   2   2   2   1   7   1   1   2   1   111.006381045   13650000000.0 
 11   2   2   2   1   7   3   3   2   1   111.006372616    1832000000.0 
 11   2   2   2   1   8   1   1   2   1   183.142639641    9654000000.0 
 11   2   2   2   1   8   3   3   2   1   183.142631926    1890000000.0 
 11   2   2   2   1   9   1   1   2   1   330.300616302    7131000000.0 
 11   2   2   2   1   9   3   3   2   1    330.30059656    1962000000.0 
 11   2   2   2   1  10   1   1   2   1   776.721070806    5312000000.0 
 11   2   2   2   1  10   3   3   2   1    776.72099957    2059000000.0 
 11   3   3   2   1   3   2   2   2   1   13.1071675098       1.196e+11 
 11   3   3   2   1   4   2   2   2   1   24.8550725213   73550000000.0 
 11   3   3   2   1   5   2   2   2   1   42.4769315633   44290000000.0 
 11   3   3   2   1   6   2   2   2   1   69.0824865857   28190000000.0 
 11   3   3   2   1   6   4   4   2   1   69.0824802718     560500000.0 
 11   3   3   2   1   7   2   2   2   1   111.006371119   18980000000.0 
 11   3   3   2   1   7   4   4   2   1   111.006375214     780200000.0 
 11   3   3   2   1   8   2   2   2   1   183.142625367   13400000000.0 
 11   3   3   2   1   8   4   4   2   1   183.142634812     969700000.0 
 11   3   3   2   1   9   2   2   2   1   330.300582337    9793000000.0 
 11   3   3   2   1   9   4   4   2   1   330.300609933    1164000000.0 
 11   3   3   2   1  10   2   2   2   1    776.72092476    7156000000.0 
 11   3   3   2   1  10   4   4   2   1   776.721038829    1390000000.0 
 11   4   4   2   1   4   3   3   2   1   24.8550715922   50230000000.0 
 11   4   4   2   1   5   3   3   2   1   42.4769291299   43660000000.0 
 11   4   4   2   1   6   3   3   2   1   69.0824821053   32140000000.0 
 11   4   4   2   1   7   3   3   2   1   111.006370749   23230000000.0 
 11   4   4   2   1   7   5   5   2   1   111.006379412     264600000.0 
 11   4   4   2   1   8   3   3   2   1   183.142626843   17010000000.0 
 11   4   4   2   1   8   5   5   2   1   183.142635816     441100000.0 
 11   4   4   2   1   9   3   3   2   1   330.300580026   12640000000.0 
 11   4   4   2   1   9   5   5   2   1   330.300608257     648600000.0 
 11   4   4   2   1  10   3   3   2   1   776.720908143    9254000000.0 
 11   4   4   2   1  10   5   5   2   1   776.721033202     915600000.0 
 11   5   5   2   1   5   4   4   2   1   42.4769290291   25020000000.0 
 11   5   5   2   1   6   4   4   2   1   69.0824794899   28190000000.0 
 11   5   5   2   1   7   4   4   2   1   111.006373195   24490000000.0 
 11   5   5   2   1   8   4   4   2   1   183.142629316   19770000000.0 
 11   5   5   2   1   8   6   6   2   1   183.142657941     159900000.0 
 11   5   5   2   1   9   4   4   2   1   330.300592058   15540000000.0 
 11   5   5   2   1   9   6   6   2   1   330.300603312     321700000.0 
 11   5   5   2   1  10   4   4   2   1   776.720939987   11720000000.0 
 11   5   5   2   1  10   6   6   2   1   776.721091461     570300000.0 
 11   6   6   2   1   6   5   5   2   1   69.0824786813   14820000000.0 
 11   6   6   2   1   7   5   5   2   1   111.006378324   20530000000.0 
 11   6   6   2   1   8   5   5   2   1   183.142632853   20490000000.0 
 11   6   6   2   1   9   5   5   2   1   330.300598619   18120000000.0 
 11   6   6   2   1   9   7   7   2   1   330.300601923     129400000.0 
 11   6   6   2   1  10   5   5   2   1   776.720979908   14660000000.0 
 11   6   6   2   1  10   7   7   2   1   776.720993678     322600000.0 
 11   7   7   2   1   7   6   6   2   1   111.006374333   10730000000.0 
 11   7   7   2   1   8   6   6   2   1   183.142655523   17590000000.0 
 11   7   7   2   1   9   6   6   2   1   330.300595446   19650000000.0 
 11   7   7   2   1  10   6   6   2   1   776.721047965   18160000000.0 
 11   7   7   2   1  10   8   8   2   1   776.721315959     153100000.0 
 11   8   8   2   1   8   7   7   2   1   183.142633575   10040000000.0 
 11   8   8   2   1   9   7   7   2   1   330.300601109   18850000000.0 
 11   8   8   2   1  10   7   7   2   1   776.720989176   22360000000.0 
 11   9   9   2   1   9   8   8   2   1   330.300551892   13500000000.0 
 11   9   9   2   1  10   8   8   2   1   776.721070144   27380000000.0 
 11  10  10   2   1  10   9   9   2   1   776.720990699   33390000000.0 
 12   0   0   2   1   2   1   1   2   1   5.54617328983   40910000000.0 
 12   0   0   2   1   3   1   1   2   1   12.9410724778   27290000000.0 
 12   0   0   2   1   4   1   1   2   1   24.2645098502   18350000000.0 
 12   0   0   2   1   5   1   1   2   1   40.7806905315   13040000000.0 
 12   0   0   2   1   6   1   1   2   1   64.7053541232    9764000000.0 
 12   0   0   2   1   7   1   1   2   1   100.123021258    7643000000.0 
 12   0   0   2   1   8   1   1   2   1   155.292844201    6221000000.0 
 12   0   0   2   1   9   1   1   2   1   249.577782193    5247000000.0 
 12   0   0   2   1  10   1   1   2   1   441.172841078    4575000000.0 
 12   0   0   2   1  11   1   1   2   1   1021.21918533    4048000000.0 
 12   1   1   2   1   1   0   0   2   1   1.35745491978       1.112e+12 
 12   1   1   2   1   2   0   0   2   1    5.5461733619       1.625e+11 
 12   1   1   2   1   3   0   0   2   1   12.9410733742   54660000000.0 
 12   1   1   2   1   3   2   2   2   1   12.9410711474    3769000000.0 
 12   1   1   2   1   4   0   0   2   1   24.2645111147   25670000000.0 
 12   1   1   2   1   4   2   2   2   1   24.2645077101    4125000000.0 
 12   1   1   2   1   5   0   0   2   1    40.780692836   14450000000.0 
 12   1   1   2   1   5   2   2   2   1    40.780686053    3747000000.0 
 12   1   1   2   1   6   0   0   2   1    64.705356449    9118000000.0 
 12   1   1   2   1   6   2   2   2   1   64.7053584949    3283000000.0 
 12   1   1   2   1   7   0   0   2   1   100.123023299    6233000000.0 
 12   1   1   2   1   7   2   2   2   1   100.123014297    2882000000.0 
 12   1   1   2   1   8   0   0   2   1   155.292850224    4524000000.0 
 12   1   1   2   1   8   2   2   2   1   155.292836616    2569000000.0 
 12   1   1   2   1   9   0   0   2   1   249.577793957    3443000000.0 
 12   1   1   2   1   9   2   2   2   1   249.577769719    2341000000.0 
 12   1   1   2   1  10   0   0   2   1    441.17287036    2718000000.0 
 12   1   1   2   1  10   2   2   2   1   441.172815576    2192000000.0 
 12   1   1   2   1  11   0   0   2   1   1021.21931649    2164000000.0 
 12   1   1   2   1  11   2   2   2   1   1021.21909824    2084000000.0 
 12   2   2   2   1   2   1   1   2   1   5.54617329474       2.675e+11 
 12   2   2   2   1   3   1   1   2   1   12.9410725045   98930000000.0 
 12   2   2   2   1   4   1   1   2   1   24.2645099442   46330000000.0 
 12   2   2   2   1   4   3   3   2   1   24.2645069425     742400000.0 
 12   2   2   2   1   5   1   1   2   1   40.7806907971   25520000000.0 
 12   2   2   2   1   5   3   3   2   1   40.7806841429    1117000000.0 
 12   2   2   2   1   6   1   1   2   1   64.7053547917   15710000000.0 
 12   2   2   2   1   6   3   3   2   1   64.7053554023    1266000000.0 
 12   2   2   2   1   7   1   1   2   1   100.123022859   10460000000.0 
 12   2   2   2   1   7   3   3   2   1   100.123016002    1314000000.0 
 12   2   2   2   1   8   1   1   2   1   155.292848051    7397000000.0 
 12   2   2   2   1   8   3   3   2   1   155.292842505    1326000000.0 
 12   2   2   2   1   9   1   1   2   1   249.577792139    5480000000.0 
 12   2   2   2   1   9   3   3   2   1   249.577780867    1337000000.0 
 12   2   2   2   1  10   1   1   2   1   441.172872154    4203000000.0 
 12   2   2   2   1  10   3   3   2   1   441.172849173    1369000000.0 
 12   2   2   2   1  11   1   1   2   1   1021.21935185    3234000000.0 
 12   2   2   2   1  11   3   3   2   1   1021.21926705    1420000000.0 
 12   3   3   2   1   3   2   2   2   1    12.941071157   90450000000.0 
 12   3   3   2   1   4   2   2   2   1   24.2645077438   55680000000.0 
 12   3   3   2   1   5   2   2   2   1   40.7806861481   33550000000.0 
 12   3   3   2   1   6   2   2   2   1   64.7053587342   21370000000.0 
 12   3   3   2   1   6   4   4   2   1   64.7053531952     397800000.0 
 12   3   3   2   1   7   2   2   2   1    100.12301487   14410000000.0 
 12   3   3   2   1   7   4   4   2   1   100.123018201     541500000.0 
 12   3   3   2   1   8   2   2   2   1   155.292837995   10190000000.0 
 12   3   3   2   1   8   4   4   2   1   155.292844786     653700000.0 
 12   3   3   2   1   9   2   2   2   1    249.57777328    7495000000.0 
 12   3   3   2   1   9   4   4   2   1   249.577789036     754500000.0 
 12   3   3   2   1  10   2   2   2   1   441.172826703    5675000000.0 
 12   3   3   2   1  10   4   4   2   1   441.172863504     865100000.0 
 12   3   3   2   1  11   2   2   2   1   1021.21915787    4278000000.0 
 12   3   3   2   1  11   4   4   2   1   1021.21931591     998600000.0 
 12   4   4   2   1   4   3   3   2   1   24.2645068693   37120000000.0 
 12   4   4   2   1   5   3   3   2   1   40.7806839362   32310000000.0 
 12   4   4   2   1   6   3   3   2   1   64.7053548818   23810000000.0 
 12   4   4   2   1   7   3   3   2   1   100.123014756   17240000000.0 
 12   4   4   2   1   7   5   5   2   1   100.123021804     175700000.0 
 12   4   4   2   1   8   3   3   2   1   155.292839506   12670000000.0 
 12   4   4   2   1   8   5   5   2   1   155.292845958     282300000.0 
 12   4   4   2   1   9   3   3   2   1   249.577773123    9500000000.0 
 12   4   4   2   1   9   5   5   2   1   249.577789241     395000000.0 
 12   4   4   2   1  10   3   3   2   1   441.172824973    7243000000.0 
 12   4   4   2   1  10   5   5   2   1    441.17286532     525900000.0 
 12   4   4   2   1  11   3   3   2   1   1021.21913738    5438000000.0 
 12   4   4   2   1  11   5   5   2   1   1021.21930825     692900000.0 
 12   5   5   2   1   5   4   4   2   1   40.7806838628   17770000000.0 
 12   5   5   2   1   6   4   4   2   1   64.7053526365   20060000000.0 
 12   5   5   2   1   7   4   4   2   1   100.123016863   17470000000.0 
 12   5   5   2   1   8   4   4   2   1   155.292841568   14170000000.0 
 12   5   5   2   1   9   4   4   2   1   249.577780724   11260000000.0 
 12   5   5   2   1   9   6   6   2   1   249.577787149     181000000.0 
 12   5   5   2   1  10   4   4   2   1   441.172837532    8877000000.0 
 12   5   5   2   1  10   6   6   2   1   441.172886401     296800000.0 
 12   5   5   2   1  11   4   4   2   1   1021.21917675    6777000000.0 
 12   5   5   2   1  11   6   6   2   1   1021.21926888     463800000.0 
 12   6   6   2   1   6   5   5   2   1   64.7053519381    9876000000.0 
 12   6   6   2   1   7   5   5   2   1   100.123021062   13720000000.0 
 12   6   6   2   1   8   5   5   2   1   155.292844174   13760000000.0 
 12   6   6   2   1   9   5   5   2   1   249.577784634   12320000000.0 
 12   6   6   2   1  10   5   5   2   1   441.172850924   10450000000.0 
 12   6   6   2   1  10   7   7   2   1   441.172855367     148400000.0 
 12   6   6   2   1  11   5   5   2   1   1021.21923111    8342000000.0 
 12   6   6   2   1  11   7   7   2   1    1021.2193063     292100000.0 
 12   7   7   2   1   7   6   6   2   1   100.123018277    6470000000.0 
 12   7   7   2   1   8   6   6   2   1   155.292861583   10660000000.0 
 12   7   7   2   1   9   6   6   2   1   249.577785686   12070000000.0 
 12   7   7   2   1  10   6   6   2   1    441.17288183   11720000000.0 
 12   7   7   2   1  10   8   8   2   1   441.172968289      59920000.0 
 12   7   7   2   1  11   6   6   2   1   1021.21924439   10180000000.0 
 12   7   7   2   1  11   8   8   2   1   1021.21925217     166600000.0 
 12   8   8   2   1   8   7   7   2   1   155.292844156    5162000000.0 
 12   8   8   2   1   9   7   7   2   1   249.577784668    9818000000.0 
 12   8   8   2   1  10   7   7   2   1   441.172849578   12260000000.0 
 12   8   8   2   1  11   7   7   2   1   1021.21927529   12340000000.0 
 12   8   8   2   1  11   9   9   2   1   1021.21970022      79620000.0 
 12   9   9   2   1   9   8   8   2   1    249.57778611    5315000000.0 
 12   9   9   2   1  10   8   8   2   1   441.172968012   11360000000.0 
 12   9   9   2   1  11   8   8   2   1   1021.21925068   14890000000.0 
 12  10  10   2   1  10   9   9   2   1   441.172764614    7866000000.0 
 12  10  10   2   1  11   9   9   2   1   1021.21924233   17900000000.0 
 12  11  11   2   1  11  10  10   2   1   1021.21925022   21440000000.0 
 13   0   0   2   1   2   1   1   2   1    5.5228308085   32140000000.0 
 13   0   0   2   1   3   1   1   2   1   12.8146947965   21400000000.0 
 13   0   0   2   1   4   1   1   2   1   23.8239776659   14350000000.0 
 13   0   0   2   1   5   1   1   2   1   39.5515269712   10170000000.0 
 13   0   0   2   1   6   1   1   2   1    61.664688883    7576000000.0 
 13   0   0   2   1   7   1   1   2   1    93.025179554    5895000000.0 
 13   0   0   2   1   8   1   1   2   1   138.859739012    4759000000.0 
 13   0   0   2   1   9   1   1   2   1   209.694969447    3973000000.0 
 13   0   0   2   1  10   1   1   2   1   330.169209867    3421000000.0 
 13   0   0   2   1  11   1   1   2   1   574.288061438    3033000000.0 
 13   0   0   2   1  12   1   1   2   1   1312.22444131    2721000000.0 
 13   1   1   2   1   1   0   0   2   1   1.35605212658       8.739e+11 
 13   1   1   2   1   2   0   0   2   1   5.52283087959       1.278e+11 
 13   1   1   2   1   3   0   0   2   1   12.8146956734   42980000000.0 
 13   1   1   2   1   3   2   2   2   1   12.8146934899    2940000000.0 
 13   1   1   2   1   4   0   0   2   1   23.8239788779   20180000000.0 
 13   1   1   2   1   4   2   2   2   1   23.8239755959    3203000000.0 
 13   1   1   2   1   5   0   0   2   1   39.5515291198   11350000000.0 
 13   1   1   2   1   5   2   2   2   1   39.5515227395    2894000000.0 
 13   1   1   2   1   6   0   0   2   1    61.664690949    7155000000.0 
 13   1   1   2   1   6   2   2   2   1   61.6646928071    2518000000.0 
 13   1   1   2   1   7   0   0   2   1   93.0251812102    4882000000.0 
 13   1   1   2   1   7   2   2   2   1   93.0251734393    2191000000.0 
 13   1   1   2   1   8   0   0   2   1   138.859743593    3534000000.0 
 13   1   1   2   1   8   2   2   2   1   138.859732713    1930000000.0 
 13   1   1   2   1   9   0   0   2   1   209.694977216    2680000000.0 
 13   1   1   2   1   9   2   2   2   1   209.694960105    1733000000.0 
 13   1   1   2   1  10   0   0   2   1    330.16922494    2112000000.0 
 13   1   1   2   1  10   2   2   2   1   330.169194256    1591000000.0 
 13   1   1   2   1  11   0   0   2   1   574.288098897    1716000000.0 
 13   1   1   2   1  11   2   2   2   1   574.288029878    1500000000.0 
 13   1   1   2   1  12   0   0   2   1   1312.22460779    1400000000.0 
 13   1   1   2   1  12   2   2   2   1   1312.22433285    1433000000.0 
 13   2   2   2   1   2   1   1   2   1   5.52283081229       2.094e+11 
 13   2   2   2   1   3   1   1   2   1   12.8146948169   77500000000.0 
 13   2   2   2   1   4   1   1   2   1   23.8239777364   36300000000.0 
 13   2   2   2   1   4   3   3   2   1   23.8239748427     570600000.0 
 13   2   2   2   1   5   1   1   2   1   39.5515271655   20000000000.0 
 13   2   2   2   1   5   3   3   2   1   39.5515209065     851800000.0 
 13   2   2   2   1   6   1   1   2   1   61.6646893554   12300000000.0 
 13   2   2   2   1   6   3   3   2   1   61.6646899099     956100000.0 
 13   2   2   2   1   7   1   1   2   1    93.025180629    8191000000.0 
 13   2   2   2   1   7   3   3   2   1   93.0251747099     980200000.0 
 13   2   2   2   1   8   1   1   2   1   138.859741407    5786000000.0 
 13   2   2   2   1   8   3   3   2   1   138.859736972     973700000.0 
 13   2   2   2   1   9   1   1   2   1    209.69497491    4283000000.0 
 13   2   2   2   1   9   3   3   2   1   209.694966953     961600000.0 
 13   2   2   2   1  10   1   1   2   1   330.169223409    3292000000.0 
 13   2   2   2   1  10   3   3   2   1   330.169210537     958200000.0 
 13   2   2   2   1  11   1   1   2   1   574.288102407    2604000000.0 
 13   2   2   2   1  11   3   3   2   1   574.288075589     973200000.0 
 13   2   2   2   1  12   1   1   2   1   1312.22465522    2058000000.0 
 13   2   2   2   1  12   3   3   2   1   1312.22455677    1003000000.0 
 13   3   3   2   1   3   2   2   2   1   12.8146934967   70160000000.0 
 13   3   3   2   1   4   2   2   2   1   23.8239756194   43220000000.0 
 13   3   3   2   1   5   2   2   2   1   39.5515228044   26050000000.0 
 13   3   3   2   1   6   2   2   2   1   61.6646929648   16600000000.0 
 13   3   3   2   1   6   4   4   2   1   61.6646879341     294000000.0 
 13   3   3   2   1   7   2   2   2   1   93.0251737983   11190000000.0 
 13   3   3   2   1   7   4   4   2   1   93.0251766738     393800000.0 
 13   3   3   2   1   8   2   2   2   1   138.859733512    7921000000.0 
 13   3   3   2   1   8   4   4   2   1   138.859738942     465800000.0 
 13   3   3   2   1   9   2   2   2   1   209.694961929    5834000000.0 
 13   3   3   2   1   9   4   4   2   1   209.694973052     523400000.0 
 13   3   3   2   1  10   2   2   2   1   330.169198777    4441000000.0 
 13   3   3   2   1  10   4   4   2   1   330.169219389     579200000.0 
 13   3   3   2   1  11   2   2   2   1   574.288043559    3463000000.0 
 13   3   3   2   1  11   4   4   2   1    574.28809354     645300000.0 
 13   3   3   2   1  12   2   2   2   1   1312.22440428    2681000000.0 
 13   3   3   2   1  12   4   4   2   1   1312.22461837     727600000.0 
 13   4   4   2   1   4   3   3   2   1   23.8239747863   28290000000.0 
 13   4   4   2   1   5   3   3   2   1   39.5515207511   24630000000.0 
 13   4   4   2   1   6   3   3   2   1   61.6646895323   18170000000.0 
 13   4   4   2   1   7   3   3   2   1   93.0251738505   13170000000.0 
 13   4   4   2   1   7   5   5   2   1   93.0251799348     123600000.0 
 13   4   4   2   1   8   3   3   2   1   138.859735057    9691000000.0 
 13   4   4   2   1   8   5   5   2   1   138.859740216     193700000.0 
 13   4   4   2   1   9   3   3   2   1   209.694962586    7288000000.0 
 13   4   4   2   1   9   5   5   2   1   209.694973964     262000000.0 
 13   4   4   2   1  10   3   3   2   1   330.169199711    5601000000.0 
 13   4   4   2   1  10   5   5   2   1   330.169222308     333500000.0 
 13   4   4   2   1  11   3   3   2   1   574.288042835    4372000000.0 
 13   4   4   2   1  11   5   5   2   1    574.28809687     417700000.0 
 13   4   4   2   1  12   3   3   2   1   1312.22438576    3359000000.0 
 13   4   4   2   1  12   5   5   2   1   1312.22461554     525200000.0 
 13   5   5   2   1   5   4   4   2   1   39.5515206922   13140000000.0 
 13   5   5   2   1   6   4   4   2   1   61.6646875177   14850000000.0 
 13   5   5   2   1   7   4   4   2   1    93.025175726   12950000000.0 
 13   5   5   2   1   8   4   4   2   1    138.85973683   10530000000.0 
 13   5   5   2   1   9   4   4   2   1   209.694968236    8395000000.0 
 13   5   5   2   1   9   6   6   2   1   209.694972772     113500000.0 
 13   5   5   2   1  10   4   4   2   1    330.16920745    6687000000.0 
 13   5   5   2   1  10   6   6   2   1   330.169234821     176100000.0 
 13   5   5   2   1  11   4   4   2   1    574.28805742    5328000000.0 
 13   5   5   2   1  11   6   6   2   1   574.288086555     257100000.0 
 13   5   5   2   1  12   4   4   2   1   1312.22442979    4127000000.0 
 13   5   5   2   1  12   6   6   2   1   1312.22455715     370000000.0 
 13   6   6   2   1   6   5   5   2   1   61.6646868959    6968000000.0 
 13   6   6   2   1   7   5   5   2   1   93.0251793793    9695000000.0 
 13   6   6   2   1   8   5   5   2   1   138.859738978    9751000000.0 
 13   6   6   2   1   9   5   5   2   1   209.694971141    8771000000.0 
 13   6   6   2   1  10   5   5   2   1    330.16921531    7526000000.0 
 13   6   6   2   1  10   7   7   2   1   330.169217798      80940000.0 
 13   6   6   2   1  11   5   5   2   1   574.288075697    6289000000.0 
 13   6   6   2   1  11   7   7   2   1   574.288099476     146200000.0 
 13   6   6   2   1  12   5   5   2   1   1312.22450499    5012000000.0 
 13   6   6   2   1  12   7   7   2   1   1312.22454543     250300000.0 
 13   7   7   2   1   7   6   6   2   1   93.0251769872    4248000000.0 
 13   7   7   2   1   8   6   6   2   1   138.859752924    7022000000.0 
 13   7   7   2   1   9   6   6   2   1   209.694971947    7988000000.0 
 13   7   7   2   1  10   6   6   2   1   330.169232775    7857000000.0 
 13   7   7   2   1  11   6   6   2   1   574.288080366    7161000000.0 
 13   7   7   2   1  11   8   8   2   1   574.288082827      73420000.0 
 13   7   7   2   1  12   6   6   2   1   1312.22452483    6038000000.0 
 13   7   7   2   1  12   8   8   2   1   1312.22457604     158900000.0 
 13   8   8   2   1   8   7   7   2   1   138.859739363    3039000000.0 
 13   8   8   2   1   9   7   7   2   1   209.694972077    5813000000.0 
 13   8   8   2   1  10   7   7   2   1   330.169216817    7356000000.0 
 13   8   8   2   1  11   7   7   2   1   574.288096508    7786000000.0 
 13   8   8   2   1  12   7   7   2   1   1312.22452994    7228000000.0 
 13   8   8   2   1  12   9   9   2   1   1312.22453239      91220000.0 
 13   9   9   2   1   9   8   8   2   1   209.694971763    2644000000.0 
 13   9   9   2   1  10   8   8   2   1   330.169279848    5726000000.0 
 13   9   9   2   1  11   8   8   2   1   574.288078737    7906000000.0 
 13   9   9   2   1  12   8   8   2   1   1312.22455469    8612000000.0 
 13   9   9   2   1  12  10  10   2   1   1312.22531072      43810000.0 
 13  10  10   2   1  10   9   9   2   1   330.169217379    2968000000.0 
 13  10  10   2   1  11   9   9   2   1   574.288231758    7115000000.0 
 13  10  10   2   1  12   9   9   2   1   1312.22453693   10220000000.0 
 13  11  11   2   1  11  10  10   2   1   574.288082501    4792000000.0 
 13  11  11   2   1  12  10  10   2   1   1312.22533037   12090000000.0 
 13  12  12   2   1  12  11  11   2   1   1312.22453768   14270000000.0 
 14   0   0   2   1   2   1   1   2   1   5.50444860447   25700000000.0 
 14   0   0   2   1   3   1   1   2   1   12.7161607543   17090000000.0 
 14   0   0   2   1   4   1   1   2   1   23.4856489499   11440000000.0 
 14   0   0   2   1   5   1   1   2   1   38.6277135248    8082000000.0 
 14   0   0   2   1   6   1   1   2   1   59.4480439306    6002000000.0 
 14   0   0   2   1   7   1   1   2   1   88.0711757741    4648000000.0 
 14   0   0   2   1   8   1   1   2   1    128.10352471    3730000000.0 
 14   0   0   2   1   9   1   1   2   1   186.098216515    3089000000.0 
 14   0   0   2   1  10   1   1   2   1    275.22241187    2633000000.0 
 14   0   0   2   1  11   1   1   2   1   426.264467946    2306000000.0 
 14   0   0   2   1  12   1   1   2   1   731.668180174    2075000000.0 
 14   0   0   2   1  13   1   1   2   1   1653.78080668    1883000000.0 
 14   1   1   2   1   1   0   0   2   1   1.35494111436       6.993e+11 
 14   1   1   2   1   2   0   0   2   1   5.50444867482       1.023e+11 
 14   1   1   2   1   3   0   0   2   1   12.7161616165   34410000000.0 
 14   1   1   2   1   3   2   2   2   1   12.7161594664    2338000000.0 
 14   1   1   2   1   4   0   0   2   1   23.4856501228   16150000000.0 
 14   1   1   2   1   4   2   2   2   1   23.4856469334    2539000000.0 
 14   1   1   2   1   5   0   0   2   1   38.6277155611    9080000000.0 
 14   1   1   2   1   5   2   2   2   1   38.6277094754    2284000000.0 
 14   1   1   2   1   6   0   0   2   1   59.4480458197    5718000000.0 
 14   1   1   2   1   6   2   2   2   1   59.4480475466    1977000000.0 
 14   1   1   2   1   7   0   0   2   1   88.0711771904    3895000000.0 
 14   1   1   2   1   7   2   2   2   1   88.0711702252    1708000000.0 
 14   1   1   2   1   8   0   0   2   1   128.103528465    2813000000.0 
 14   1   1   2   1   8   2   2   2   1   128.103519205    1492000000.0 
 14   1   1   2   1   9   0   0   2   1    186.09822233    2127000000.0 
 14   1   1   2   1   9   2   2   2   1   186.098208853    1325000000.0 
 14   1   1   2   1  10   0   0   2   1   275.222421679    1670000000.0 
 14   1   1   2   1  10   2   2   2   1   275.222400358    1199000000.0 
 14   1   1   2   1  11   0   0   2   1   426.264486988    1354000000.0 
 14   1   1   2   1  11   2   2   2   1   426.264448964    1110000000.0 
 14   1   1   2   1  12   0   0   2   1    731.66822723    1126000000.0 
 14   1   1   2   1  12   2   2   2   1   731.668141754    1053000000.0 
 14   1   1   2   1  13   0   0   2   1   1653.78101377     938100000.0 
 14   1   1   2   1  13   2   2   2   1   1653.78067403    1011000000.0 
 14   2   2   2   1   2   1   1   2   1   5.50444860745       1.671e+11 
 14   2   2   2   1   3   1   1   2   1   12.7161607703   61850000000.0 
 14   2   2   2   1   4   1   1   2   1   23.4856490042   28970000000.0 
 14   2   2   2   1   4   3   3   2   1    23.485646192     448600000.0 
 14   2   2   2   1   5   1   1   2   1   38.6277136717   15960000000.0 
 14   2   2   2   1   5   3   3   2   1   38.6277077016     665500000.0 
 14   2   2   2   1   6   1   1   2   1   59.4480442785    9819000000.0 
 14   2   2   2   1   6   3   3   2   1   59.4480447939     741400000.0 
 14   2   2   2   1   7   1   1   2   1   88.0711765376    6533000000.0 
 14   2   2   2   1   7   3   3   2   1   88.0711712322     753100000.0 
 14   2   2   2   1   8   1   1   2   1   128.103526325    4611000000.0 
 14   2   2   2   1   8   3   3   2   1   128.103522551     739500000.0 
 14   2   2   2   1   9   1   1   2   1   186.098219924    3408000000.0 
 14   2   2   2   1   9   3   3   2   1   186.098213657     719600000.0 
 14   2   2   2   1  10   1   1   2   1   275.222419326    2616000000.0 
 14   2   2   2   1  10   3   3   2   1   275.222410382     703300000.0 
 14   2   2   2   1  11   1   1   2   1   426.264485832    2072000000.0 
 14   2   2   2   1  11   3   3   2   1   426.264471057     696600000.0 
 14   2   2   2   1  12   1   1   2   1    731.66823287    1682000000.0 
 14   2   2   2   1  12   3   3   2   1   731.668202263     704600000.0 
 14   2   2   2   1  13   1   1   2   1    1653.7810759    1359000000.0 
 14   2   2   2   1  13   3   3   2   1   1653.78096245     722700000.0 
 14   3   3   2   1   3   2   2   2   1   12.7161594713   55560000000.0 
 14   3   3   2   1   4   2   2   2   1   23.4856469501   34240000000.0 
 14   3   3   2   1   5   2   2   2   1   38.6277095206   20650000000.0 
 14   3   3   2   1   6   2   2   2   1   59.4480476536   13160000000.0 
 14   3   3   2   1   6   4   4   2   1   59.4480429781     224200000.0 
 14   3   3   2   1   7   2   2   2   1   88.0711704602    8875000000.0 
 14   3   3   2   1   7   4   4   2   1   88.0711730375     296800000.0 
 14   3   3   2   1   8   2   2   2   1   128.103519702    6279000000.0 
 14   3   3   2   1   8   4   4   2   1   128.103524323     345800000.0 
 14   3   3   2   1   9   2   2   2   1   186.098209902    4625000000.0 
 14   3   3   2   1   9   4   4   2   1   186.098218662     381400000.0 
 14   3   3   2   1  10   2   2   2   1   275.222402652    3523000000.0 
 14   3   3   2   1  10   4   4   2   1   275.222416974     411700000.0 
 14   3   3   2   1  11   2   2   2   1   426.264454467    2760000000.0 
 14   3   3   2   1  11   4   4   2   1   426.264482004     443900000.0 
 14   3   3   2   1  12   2   2   2   1   731.668157968    2207000000.0 
 14   3   3   2   1  12   4   4   2   1   731.668224528     485200000.0 
 14   3   3   2   1  13   2   2   2   1   1653.78075686    1747000000.0 
 14   3   3   2   1  13   4   4   2   1   1653.78102848     538000000.0 
 14   4   4   2   1   4   3   3   2   1    23.485646145   22090000000.0 
 14   4   4   2   1   5   3   3   2   1   38.6277075744   19250000000.0 
 14   4   4   2   1   6   3   3   2   1   59.4480444925   14210000000.0 
 14   4   4   2   1   7   3   3   2   1   88.0711705708   10300000000.0 
 14   4   4   2   1   8   3   3   2   1   128.103521151    7586000000.0 
 14   4   4   2   1   8   5   5   2   1   128.103525542     139700000.0 
 14   4   4   2   1   9   3   3   2   1   186.098210704    5711000000.0 
 14   4   4   2   1   9   5   5   2   1   186.098219665     184600000.0 
 14   4   4   2   1  10   3   3   2   1   275.222403924    4398000000.0 
 14   4   4   2   1  10   5   5   2   1   275.222419625     227900000.0 
 14   4   4   2   1  11   3   3   2   1   426.264455564    3457000000.0 
 14   4   4   2   1  11   5   5   2   1   426.264485333     273900000.0 
 14   4   4   2   1  12   3   3   2   1   731.668156617    2757000000.0 
 14   4   4   2   1  12   5   5   2   1   731.668228053     329300000.0 
 14   4   4   2   1  13   3   3   2   1   1653.78072925    2162000000.0 
 14   4   4   2   1  13   5   5   2   1   1653.78102878     400500000.0 
 14   5   5   2   1   5   4   4   2   1   38.6277075362   10030000000.0 
 14   5   5   2   1   6   4   4   2   1   59.4480426628   11340000000.0 
 14   5   5   2   1   7   4   4   2   1   88.0711723455    9900000000.0 
 14   5   5   2   1   8   4   4   2   1   128.103522859    8054000000.0 
 14   5   5   2   1   9   4   4   2   1   186.098215572    6435000000.0 
 14   5   5   2   1   9   6   6   2   1   186.098219145      76690000.0 
 14   5   5   2   1  10   4   4   2   1   275.222410216    5143000000.0 
 14   5   5   2   1  10   6   6   2   1   275.222429235     114700000.0 
 14   5   5   2   1  11   4   4   2   1   426.264465793    4135000000.0 
 14   5   5   2   1  11   6   6   2   1   426.264481844     159200000.0 
 14   5   5   2   1  12   4   4   2   1   731.668176767    3338000000.0 
 14   5   5   2   1  12   6   6   2   1   731.668216362     215800000.0 
 14   5   5   2   1  13   4   4   2   1   1653.78078447    2625000000.0 
 14   5   5   2   1  13   6   6   2   1   1653.78096005     293400000.0 
 14   6   6   2   1   6   5   5   2   1   59.4480420931    5130000000.0 
 14   6   6   2   1   7   5   5   2   1   88.0711756379    7145000000.0 
 14   6   6   2   1   8   5   5   2   1   128.103524724    7197000000.0 
 14   6   6   2   1   9   5   5   2   1    186.09821794    6488000000.0 
 14   6   6   2   1  10   5   5   2   1   275.222415852    5590000000.0 
 14   6   6   2   1  10   7   7   2   1   275.222417581      49590000.0 
 14   6   6   2   1  11   5   5   2   1   426.264476281    4721000000.0 
 14   6   6   2   1  11   7   7   2   1   426.264489381      84370000.0 
 14   6   6   2   1  12   5   5   2   1   731.668201382    3934000000.0 
 14   6   6   2   1  12   7   7   2   1   731.668213953     133800000.0 
 14   6   6   2   1  13   5   5   2   1   1653.78089252    3151000000.0 
 14   6   6   2   1  13   7   7   2   1   1653.78094384     208700000.0 
 14   7   7   2   1   7   6   6   2   1    88.071173498    2964000000.0 
 14   7   7   2   1   8   6   6   2   1   128.103536603    4907000000.0 
 14   7   7   2   1   9   6   6   2   1   186.098218594    5597000000.0 
 14   7   7   2   1  10   6   6   2   1   275.222428029    5532000000.0 
 14   7   7   2   1  11   6   6   2   1   426.264478953    5102000000.0 
 14   7   7   2   1  11   8   8   2   1   426.264480309      38800000.0 
 14   7   7   2   1  12   6   6   2   1   731.668207844    4509000000.0 
 14   7   7   2   1  12   8   8   2   1   731.668223764      76490000.0 
 14   7   7   2   1  13   6   6   2   1   1653.78091653    3752000000.0 
 14   7   7   2   1  13   8   8   2   1   1653.78094114     142200000.0 
 14   8   8   2   1   8   7   7   2   1   128.103525072    1959000000.0 
 14   8   8   2   1   9   7   7   2   1   186.098218719    3758000000.0 
 14   8   8   2   1  10   7   7   2   1    275.22241699    4781000000.0 
 14   8   8   2   1  11   7   7   2   1   426.264487965    5125000000.0 
 14   8   8   2   1  12   7   7   2   1   731.668209782    4997000000.0 
 14   8   8   2   1  12   9   9   2   1   731.668210546      38520000.0 
 14   8   8   2   1  13   7   7   2   1   1653.78092253    4443000000.0 
 14   8   8   2   1  13   9   9   2   1   1653.78095645      90840000.0 
 14   9   9   2   1   9   8   8   2   1   186.098218685    1517000000.0 
 14   9   9   2   1  10   8   8   2   1   275.222461254    3304000000.0 
 14   9   9   2   1  11   8   8   2   1   426.264479292    4622000000.0 
 14   9   9   2   1  12   8   8   2   1   731.668220768    5296000000.0 
 14   9   9   2   1  13   8   8   2   1   1653.78092583    5237000000.0 
 14   9   9   2   1  13  10  10   2   1   1653.78091863      52400000.0 
 14  10  10   2   1  10   9   9   2   1   275.222416633    1427000000.0 
 14  10  10   2   1  11   9   9   2   1   426.264560685    3469000000.0 
 14  10  10   2   1  12   9   9   2   1   731.668206669    5246000000.0 
 14  10  10   2   1  13   9   9   2   1   1653.78093664    6149000000.0 
 14  10  10   2   1  13  11  11   2   1   1653.78090543      25270000.0 
 14  11  11   2   1  11  10  10   2   1   426.264477637    1734000000.0 
 14  11  11   2   1  12  10  10   2   1   731.668450937    4610000000.0 
 14  11  11   2   1  13  10  10   2   1   1653.78089372    7199000000.0 
 14  12  12   2   1  12  11  11   2   1   731.668210605    3033000000.0 
 14  12  12   2   1  13  11  11   2   1   1653.78092433    8406000000.0 
 14  13  13   2   1  13  12  12   2   1   1653.78092493    9793000000.0 
 15   0   0   2   1   2   1   1   2   1   5.48970772184   20880000000.0 
 15   0   0   2   1   3   1   1   2   1    12.637766043   13870000000.0 
 15   0   0   2   1   4   1   1   2   1   23.2196265301    9267000000.0 
 15   0   0   2   1   5   1   1   2   1   37.9132977947    6533000000.0 
 15   0   0   2   1   6   1   1   2   1   57.7726373859    4838000000.0 
 15   0   0   2   1   7   1   1   2   1   84.4432437085    3734000000.0 
 15   0   0   2   1   8   1   1   2   1   120.568978429    2983000000.0 
 15   0   0   2   1   9   1   1   2   1   170.609812748    2455000000.0 
 15   0   0   2   1  10   1   1   2   1   242.645065555    2076000000.0 
 15   0   0   2   1  11   1   1   2   1   352.885249412    1800000000.0 
 15   0   0   2   1  12   1   1   2   1   539.211249011    1600000000.0 
 15   0   0   2   1  13   1   1   2   1    915.33515814    1457000000.0 
 15   0   0   2   1  14   1   1   2   1   2049.93233468    1336000000.0 
 15   1   1   2   1   1   0   0   2   1    1.3540461323       5.683e+11 
 15   1   1   2   1   2   0   0   2   1   5.48970779162   83140000000.0 
 15   1   1   2   1   3   0   0   2   1   12.6377668935   27970000000.0 
 15   1   1   2   1   3   2   2   2   1   12.6377647699    1891000000.0 
 15   1   1   2   1   4   0   0   2   1   23.2196276732   13130000000.0 
 15   1   1   2   1   4   2   2   2   1   23.2196245555    2048000000.0 
 15   1   1   2   1   5   0   0   2   1   37.9132997471    7377000000.0 
 15   1   1   2   1   5   2   2   2   1   37.9132938844    1836000000.0 
 15   1   1   2   1   6   0   0   2   1   57.7726391484    4641000000.0 
 15   1   1   2   1   6   2   2   2   1   57.7726407794    1582000000.0 
 15   1   1   2   1   7   0   0   2   1   84.4432449644    3158000000.0 
 15   1   1   2   1   7   2   2   2   1   84.4432385612    1360000000.0 
 15   1   1   2   1   8   0   0   2   1   120.568981661    2277000000.0 
 15   1   1   2   1   8   2   2   2   1   120.568973459    1180000000.0 
 15   1   1   2   1   9   0   0   2   1   170.609817447    1717000000.0 
 15   1   1   2   1   9   2   2   2   1    170.60980612    1039000000.0 
 15   1   1   2   1  10   0   0   2   1   242.645072798    1343000000.0 
 15   1   1   2   1  10   2   2   2   1   242.645056226     930700000.0 
 15   1   1   2   1  11   0   0   2   1   352.885261657    1084000000.0 
 15   1   1   2   1  11   2   2   2   1   352.885235597     849400000.0 
 15   1   1   2   1  12   0   0   2   1   539.211272685     899900000.0 
 15   1   1   2   1  12   2   2   2   1   539.211226262     791900000.0 
 15   1   1   2   1  13   0   0   2   1   915.335216155     763900000.0 
 15   1   1   2   1  13   2   2   2   1   915.335112077     755900000.0 
 15   2   2   2   1   2   1   1   2   1   5.48970772423       1.354e+11 
 15   2   2   2   1   3   1   1   2   1   12.6377660557   50150000000.0 
 15   2   2   2   1   4   1   1   2   1   23.2196265728   23500000000.0 
 15   2   2   2   1   4   3   3   2   1    23.219623824     359400000.0 
 15   2   2   2   1   5   1   1   2   1   37.9132979085   12950000000.0 
 15   2   2   2   1   5   3   3   2   1   37.9132921572     530600000.0 
 15   2   2   2   1   6   1   1   2   1     57.77263765    7961000000.0 
 15   2   2   2   1   6   3   3   2   1   57.7726381368     587600000.0 
 15   2   2   2   1   7   1   1   2   1   84.4432442726    5294000000.0 
 15   2   2   2   1   7   3   3   2   1   84.4432393953     592600000.0 
 15   2   2   2   1   8   1   1   2   1    120.56897958    3733000000.0 
 15   2   2   2   1   8   3   3   2   1   120.568976236     576900000.0 
 15   2   2   2   1   9   1   1   2   1   170.609815051    2756000000.0 
 15   2   2   2   1   9   3   3   2   1   170.609809784     555300000.0 
 15   2   2   2   1  10   1   1   2   1   242.645070214    2112000000.0 
 15   2   2   2   1  10   3   3   2   1   242.645063262     535100000.0 
 15   2   2   2   1  11   1   1   2   1   352.885259265    1670000000.0 
 15   2   2   2   1  11   3   3   2   1   352.885249139     520400000.0 
 15   2   2   2   1  12   1   1   2   1   539.211272015    1356000000.0 
 15   2   2   2   1  12   3   3   2   1   539.211255392     514200000.0 
 15   2   2   2   1  13   1   1   2   1    915.33522443    1125000000.0 
 15   2   2   2   1  13   3   3   2   1   915.335189676     519000000.0 
 15   2   2   2   1  14   1   1   2   1   2049.93266716     926700000.0 
 15   2   2   2   1  14   3   3   2   1   2049.93253989     530800000.0 
 15   3   3   2   1   3   2   2   2   1   12.6377647736   44780000000.0 
 15   3   3   2   1   4   2   2   2   1   23.2196245681   27600000000.0 
 15   3   3   2   1   5   2   2   2   1   37.9132939178   16650000000.0 
 15   3   3   2   1   6   2   2   2   1    57.772640857   10610000000.0 
 15   3   3   2   1   6   4   4   2   1   57.7726364413     175400000.0 
 15   3   3   2   1   7   2   2   2   1   84.4432387271    7157000000.0 
 15   3   3   2   1   7   4   4   2   1   84.4432410965     230000000.0 
 15   3   3   2   1   8   2   2   2   1   120.568973797    5063000000.0 
 15   3   3   2   1   8   4   4   2   1    120.56897789     265000000.0 
 15   3   3   2   1   9   2   2   2   1   170.609806797    3728000000.0 
 15   3   3   2   1   9   4   4   2   1    170.60981416     288200000.0 
 15   3   3   2   1  10   2   2   2   1   242.645057595    2838000000.0 
 15   3   3   2   1  10   4   4   2   1   242.645068728     305700000.0 
 15   3   3   2   1  11   2   2   2   1   352.885238494    2224000000.0 
 15   3   3   2   1  11   4   4   2   1   352.885257366     322100000.0 
 15   3   3   2   1  12   2   2   2   1   539.211233026    1785000000.0 
 15   3   3   2   1  12   4   4   2   1   539.211269176     341500000.0 
 15   3   3   2   1  13   2   2   2   1   915.335131569    1458000000.0 
 15   3   3   2   1  13   4   4   2   1   915.335214776     368500000.0 
 15   3   3   2   1  14   2   2   2   1   2049.93227289    1177000000.0 
 15   3   3   2   1  14   4   4   2   1   2049.93263119     403500000.0 
 15   4   4   2   1   4   3   3   2   1    23.219623786   17610000000.0 
 15   4   4   2   1   5   3   3   2   1   37.9132920559   15350000000.0 
 15   4   4   2   1   6   3   3   2   1   57.7726379016   11330000000.0 
 15   4   4   2   1   7   3   3   2   1    84.443238893    8222000000.0 
 15   4   4   2   1   8   3   3   2   1   120.568975212    6055000000.0 
 15   4   4   2   1   8   5   5   2   1   120.568979101     104700000.0 
 15   4   4   2   1   9   3   3   2   1   170.609807733    4560000000.0 
 15   4   4   2   1   9   5   5   2   1   170.609815265     136000000.0 
 15   4   4   2   1  10   3   3   2   1   242.645059114    3514000000.0 
 15   4   4   2   1  10   5   5   2   1   242.645071319     164300000.0 
 15   4   4   2   1  11   3   3   2   1   352.885240366    2767000000.0 
 15   4   4   2   1  11   5   5   2   1   352.885260768     191900000.0 
 15   4   4   2   1  12   3   3   2   1   539.211234909    2220000000.0 
 15   4   4   2   1  12   5   5   2   1   539.211273706     222100000.0 
 15   4   4   2   1  13   3   3   2   1   915.335130649    1804000000.0 
 15   4   4   2   1  13   5   5   2   1   915.335222407     259600000.0 
 15   4   4   2   1  14   3   3   2   1   2049.93224384    1441000000.0 
 15   4   4   2   1  14   5   5   2   1   2049.93261874     308000000.0 
 15   5   5   2   1   5   4   4   2   1   37.9132920288    7848000000.0 
 15   5   5   2   1   6   4   4   2   1   57.7726361959    8881000000.0 
 15   5   5   2   1   7   4   4   2   1   84.4432405722    7756000000.0 
 15   5   5   2   1   8   4   4   2   1   120.568976821    6314000000.0 
 15   5   5   2   1   9   4   4   2   1    170.60981202    5049000000.0 
 15   5   5   2   1   9   6   6   2   1   170.609815022      54680000.0 
 15   5   5   2   1  10   4   4   2   1   242.645064399    4041000000.0 
 15   5   5   2   1  10   6   6   2   1   242.645079182      79660000.0 
 15   5   5   2   1  11   4   4   2   1    352.88524821    3259000000.0 
 15   5   5   2   1  11   6   6   2   1    352.88525921     106900000.0 
 15   5   5   2   1  12   4   4   2   1   539.211247799    2652000000.0 
 15   5   5   2   1  12   6   6   2   1   539.211269303     138400000.0 
 15   5   5   2   1  13   4   4   2   1   915.335153175    2170000000.0 
 15   5   5   2   1  13   6   6   2   1   915.335206961     178400000.0 
 15   5   5   2   1  14   4   4   2   1   2049.93232223    1731000000.0 
 15   5   5   2   1  14   6   6   2   1   2049.93253159     232500000.0 
 15   6   6   2   1   6   5   5   2   1   57.7726356634    3904000000.0 
 15   6   6   2   1   7   5   5   2   1   84.4432436107    5441000000.0 
 15   6   6   2   1   8   5   5   2   1   120.568978498    5485000000.0 
 15   6   6   2   1   9   5   5   2   1   170.609814058    4951000000.0 
 15   6   6   2   1  10   5   5   2   1   242.645068876    4274000000.0 
 15   6   6   2   1  11   5   5   2   1   352.885255603    3623000000.0 
 15   6   6   2   1  11   7   7   2   1   352.885264581      53790000.0 
 15   6   6   2   1  12   5   5   2   1   539.211261646    3049000000.0 
 15   6   6   2   1  12   7   7   2   1   539.211268474      80780000.0 
 15   6   6   2   1  13   5   5   2   1   915.335187653    2549000000.0 
 15   6   6   2   1  13   7   7   2   1   915.335203375     117700000.0 
 15   6   6   2   1  14   5   5   2   1   2049.93244443    2057000000.0 
 15   6   6   2   1  14   7   7   2   1    2049.9325113     171900000.0 
 15   7   7   2   1   7   6   6   2   1   84.4432416427    2164000000.0 
 15   7   7   2   1   8   6   6   2   1   120.568989019    3586000000.0 
 15   7   7   2   1   9   6   6   2   1   170.609814604    4097000000.0 
 15   7   7   2   1  10   6   6   2   1   242.645078335    4058000000.0 
 15   7   7   2   1  11   6   6   2   1    352.88525742    3759000000.0 
 15   7   7   2   1  12   6   6   2   1   539.211265124    3360000000.0 
 15   7   7   2   1  12   8   8   2   1    539.21127377      42880000.0 
 15   7   7   2   1  13   6   6   2   1   915.335194917    2927000000.0 
 15   7   7   2   1  13   8   8   2   1   915.335202456      73380000.0 
 15   7   7   2   1  14   6   6   2   1   2049.93247118    2426000000.0 
 15   7   7   2   1  14   8   8   2   1   2049.93250392     123200000.0 
 15   8   8   2   1   8   7   7   2   1   120.568978801    1348000000.0 
 15   8   8   2   1   9   7   7   2   1   170.609814703    2589000000.0 
 15   8   8   2   1  10   7   7   2   1   242.645069742    3302000000.0 
 15   8   8   2   1  11   7   7   2   1    352.88526357    3558000000.0 
 15   8   8   2   1  12   7   7   2   1   539.211266113    3511000000.0 
 15   8   8   2   1  13   7   7   2   1   915.335196572    3275000000.0 
 15   8   8   2   1  13   9   9   2   1   915.335206961      42080000.0 
 15   8   8   2   1  14   7   7   2   1   2049.93247717    2845000000.0 
 15   8   8   2   1  14   9   9   2   1   2049.93250069      84410000.0 
 15   9   9   2   1   9   8   8   2   1     170.6098147     958100000.0 
 15   9   9   2   1  10   8   8   2   1   242.645104198    2092000000.0 
 15   9   9   2   1  11   8   8   2   1   352.885257735    2943000000.0 
 15   9   9   2   1  12   8   8   2   1   539.211272334    3415000000.0 
 15   9   9   2   1  13   8   8   2   1   915.335198319    3549000000.0 
 15   9   9   2   1  13  10  10   2   1   915.335196112      21230000.0 
 15   9   9   2   1  14   8   8   2   1   2049.93248317    3321000000.0 
 15   9   9   2   1  14  10  10   2   1    2049.9325136      54160000.0 
 15  10  10   2   1  10   9   9   2   1   242.645069742     797100000.0 
 15  10  10   2   1  11   9   9   2   1   352.885313995    1948000000.0 
 15  10  10   2   1  12   9   9   2   1   539.211265794    2985000000.0 
 15  10  10   2   1  13   9   9   2   1   915.335204846    3681000000.0 
 15  10  10   2   1  14   9   9   2   1   2049.93249009    3864000000.0 
 15  10  10   2   1  14  11  11   2   1   2049.93252836      31370000.0 
 15  11  11   2   1  11  10  10   2   1   352.885257215     806100000.0 
 15  11  11   2   1  12  10  10   2   1   539.211398778    2172000000.0 
 15  11  11   2   1  13  10  10   2   1   915.335192618    3572000000.0 
 15  11  11   2   1  14  10  10   2   1   2049.93249608    4482000000.0 
 15  11  11   2   1  14  12  12   2   1   2049.93246703      15180000.0 
 15  12  12   2   1  12  11  11   2   1   539.211265889    1053000000.0 
 15  12  12   2   1  13  11  11   2   1   915.335195192    3075000000.0 
 15  12  12   2   1  14  11  11   2   1    2049.9325279    5186000000.0 
 15  13  13   2   1  13  12  12   2   1   915.335196572    1983000000.0 
 15  13  13   2   1  14  12  12   2   1   2049.93248686    5988000000.0 
 15  14  14   2   1  14  13  13   2   1   2049.93248593    6901000000.0 
100	0	0	0	0	0	0	0	0	0	1.0	1.0
# upper n l L (2S+1) Counter  lower  n l L (2S+1) Counter  Energy (Angstrom) Einstein A (s-1)
# File computed  using the RAP package (Witthoeft, 2011) using Autostructure and Nist data 
# For the final state of H-like Fe