  2   1   1   1   1   2   0   0   1   1   167.422761816   13530000000.0 
  3   0   0   3   1   2   1   1   3   1   11.7916487299       2.646e+12 
  3   0   0   1   1   2   1   1   1   1    12.146101059        2.18e+12 
  3   1   1   1   1   2   0   0   1   1   11.1892314096        1.31e+13 
  3   1   1   3   1   3   0   0   3   1   640.818586317     745900000.0 
  3   2   2   3   1   2   1   1   3   1   11.4619054658       2.056e+13 
  3   2   2   1   1   2   1   1   1   1   11.8079259829       1.863e+13 
  4   0   0   3   1   2   1   1   3   1   8.70324095871       1.052e+12 
  4   0   0   1   1   2   1   1   1   1   8.93644629196       8.441e+11 
  4   0   0   3   1   3   1   1   3   1   35.0465991009       6.953e+11 
  4   0   0   1   1   3   1   1   1   1   35.0845619182       6.503e+11 
  4   1   1   1   1   2   0   0   1   1   8.44987005731        5.87e+12 
  4   1   1   3   1   3   0   0   3   1   32.5566019163       8.161e+11 
  4   1   1   1   1   3   0   0   1   1   33.2876572685       8.334e+11 
  4   1   1   3   1   3   2   2   3   1   35.3656929848       1.188e+11 
  4   1   1   1   1   3   2   2   1   1    36.122947313       1.312e+11 
  4   2   2   3   1   2   1   1   3   1   8.62927882063        6.63e+12 
  4   2   2   1   1   2   1   1   1   1   8.86113027559        6.31e+12 
  4   2   2   3   1   3   1   1   3   1   33.8773442356       1.994e+12 
  4   2   2   1   1   3   1   1   1   1   33.9516142347       1.937e+12 
  4   3   3   3   1   3   2   2   3   1   34.6437131196        3.97e+12 
  4   3   3   1   1   3   2   2   1   1   35.4324651343       3.845e+12 
  5   0   0   3   1   2   1   1   3   1   7.77701357685       5.186e+11 
  5   0   0   1   1   2   1   1   1   1   7.97117748518       4.037e+11 
  5   0   0   3   1   3   1   1   3   1   23.6867049962       3.282e+11 
  5   0   0   1   1   3   1   1   1   1   23.7793804745       3.147e+11 
  5   0   0   3   1   4   1   1   3   1   76.5547690534       2.366e+11 
  5   0   0   1   1   4   1   1   1   1   76.4533677884       2.257e+11 
  5   1   1   1   1   2   0   0   1   1   7.59484110784       3.067e+12 
  5   1   1   3   1   3   0   0   3   1    22.681152416        4.48e+11 
  5   1   1   1   1   3   0   0   1   1   23.0603513335       4.562e+11 
  5   1   1   3   1   3   2   2   3   1   24.0097625453   48740000000.0 
  5   1   1   1   1   3   2   2   1   1   24.3863523214   56530000000.0 
  5   1   1   3   1   4   0   0   3   1   71.4513982877       1.887e+11 
  5   1   1   1   1   4   0   0   1   1   72.4946793418       1.945e+11 
  5   1   1   3   1   4   2   2   3   1   76.8597328672   63510000000.0 
  5   1   1   1   1   4   2   2   1   1   77.8634273433   67610000000.0 
  5   2   2   3   1   2   1   1   3   1   7.74721274754       3.036e+12 
  5   2   2   1   1   2   1   1   1   1    7.9409584988       2.938e+12 
  5   2   2   3   1   3   1   1   3   1   23.4124081911       9.821e+11 
  5   2   2   1   1   3   1   1   1   1   23.5124592679        9.72e+11 
  5   2   2   3   1   4   1   1   3   1   73.7617526358        4.07e+11 
  5   2   2   1   1   4   1   1   1   1   73.7611583848       3.977e+11 
  5   2   2   3   1   4   3   3   3   1   77.1135713733   16110000000.0 
  5   2   2   1   1   4   3   3   1   1   76.8178952885   14930000000.0 
  5   3   3   3   1   3   2   2   3   1   23.8441092537       1.341e+12 
  5   3   3   1   1   3   2   2   1   1   24.2249957742       1.273e+12 
  5   3   3   3   1   4   2   2   3   1   75.1875796171       7.243e+11 
  5   3   3   1   1   4   2   2   1   1   76.2419768144       7.224e+11 
  5   4   4   3   1   4   3   3   3   1   76.3507746988       1.195e+12 
  5   4   4   1   1   4   3   3   1   1   76.6081962528        1.19e+12 
  6   0   0   3   1   2   1   1   3   1   7.35581736714       2.921e+11 
  6   0   0   1   1   2   1   1   1   1   7.53218807342         2.2e+11 
  6   0   0   3   1   3   1   1   3   1   20.1692051028       1.786e+11 
  6   0   0   1   1   3   1   1   1   1   20.2573467614       1.755e+11 
  6   0   0   3   1   4   1   1   3   1   48.9588802451       1.267e+11 
  6   0   0   1   1   4   1   1   1   1   49.0401983794       1.233e+11 
  6   0   0   3   1   5   1   1   3   1   141.812399123   96600000000.0 
  6   0   0   1   1   5   1   1   1   1   141.480221786   92650000000.0 
  6   1   1   1   1   2   0   0   1   1   7.20057848273       1.805e+12 
  6   1   1   3   1   3   0   0   3   1   19.4859938235       2.616e+11 
  6   1   1   1   1   3   0   0   1   1   19.7730526168       2.692e+11 
  6   1   1   3   1   3   2   2   3   1   20.4586141685   24020000000.0 
  6   1   1   1   1   3   2   2   1   1   20.7400250252   30270000000.0 
  6   1   1   3   1   4   0   0   3   1   47.1143213967       1.173e+11 
  6   1   1   1   1   4   0   0   1   1   47.6110613827        1.21e+11 
  6   1   1   3   1   4   2   2   3   1   49.4067353655   30790000000.0 
  6   1   1   1   1   4   2   2   1   1   49.8693254651   33730000000.0 
  6   1   1   3   1   5   0   0   3   1   132.614877669   60850000000.0 
  6   1   1   1   1   5   0   0   1   1   134.176910952   62840000000.0 
  6   1   1   3   1   5   2   2   3   1   141.924214833   31930000000.0 
  6   1   1   1   1   5   2   2   1   1   143.360033285   33480000000.0 
  6   2   2   3   1   2   1   1   3   1   7.34052649793       1.655e+12 
  6   2   2   1   1   2   1   1   1   1   7.51671568385       1.616e+12 
  6   2   2   3   1   3   1   1   3   1   20.0546595844       5.464e+11 
  6   2   2   1   1   3   1   1   1   1   20.1458208854       5.472e+11 
  6   2   2   3   1   4   1   1   3   1   48.2893702833       2.413e+11 
  6   2   2   1   1   4   1   1   1   1   48.3916671187       2.395e+11 
  6   2   2   3   1   4   3   3   3   1    49.703727067    6676000000.0 
  6   2   2   1   1   4   3   3   1   1   49.6888384949    6418000000.0 
  6   2   2   3   1   5   1   1   3   1   136.337167499       1.208e+11 
  6   2   2   1   1   5   1   1   1   1   136.213691251       1.182e+11 
  6   2   2   3   1   5   3   3   3   1   141.936542994   12280000000.0 
  6   2   2   1   1   5   3   3   1   1   141.477299535   11540000000.0 
  6   3   3   3   1   3   2   2   3   1   20.3901954282       6.383e+11 
  6   3   3   1   1   3   2   2   1   1   20.6727668321       6.036e+11 
  6   3   3   3   1   4   2   2   3   1   49.0095943522       3.673e+11 
  6   3   3   1   1   4   2   2   1   1   49.4822282423       3.624e+11 
  6   3   3   3   1   5   2   2   3   1   138.695742248       2.002e+11 
  6   3   3   1   1   5   2   2   1   1   140.206953506       2.014e+11 
  6   3   3   3   1   5   4   4   3   1   141.233590528    3298000000.0 
  6   3   3   1   1   5   4   4   1   1   140.910954223    3173000000.0 
  6   4   4   3   1   4   3   3   3   1   49.5230317805       3.875e+11 
  6   4   4   1   1   4   3   3   1   1   49.6314642657       3.836e+11 
  6   4   4   3   1   5   3   3   3   1   140.472892471       3.097e+11 
  6   4   4   1   1   5   3   3   1   1   141.013161306       3.095e+11 
  6   5   5   3   1   5   4   4   3   1   140.918820368       4.606e+11 
  6   5   5   1   1   5   4   4   1   1   140.949380015       4.605e+11 
  7   0   0   3   1   2   1   1   3   1   7.12458675119       1.798e+11 
  7   0   0   1   1   2   1   1   1   1   7.29119985854       1.301e+11 
  7   0   0   3   1   3   1   1   3   1   18.5210115737        1.07e+11 
  7   0   0   1   1   3   1   1   1   1   18.6036482756       1.081e+11 
  7   0   0   3   1   4   1   1   3   1   40.2617027445   75130000000.0 
  7   0   0   1   1   4   1   1   1   1   40.3558972825   74530000000.0 
  7   0   0   3   1   5   1   1   3   1   87.2313779781   56360000000.0 
  7   0   0   1   1   5   1   1   1   1    87.288849586   54960000000.0 
  7   0   0   3   1   6   1   1   3   1   236.165239701   45000000000.0 
  7   0   0   1   1   6   1   1   1   1   235.470846766   43290000000.0 
  7   1   1   1   1   2   0   0   1   1   6.98257847525       1.159e+12 
  7   1   1   3   1   3   0   0   3   1   17.9648107477       1.637e+11 
  7   1   1   1   1   3   0   0   1   1   18.2117115596       1.717e+11 
  7   1   1   3   1   3   2   2   3   1   18.7882936034   13120000000.0 
  7   1   1   1   1   3   2   2   1   1   19.0288475397   18610000000.0 
  7   1   1   3   1   4   0   0   3   1   39.1076663281   74720000000.0 
  7   1   1   1   1   4   0   0   1   1   39.4642912016   77810000000.0 
  7   1   1   3   1   4   2   2   3   1   40.6741817467   17060000000.0 
  7   1   1   1   1   4   2   2   1   1   41.0033566473   19570000000.0 
  7   1   1   3   1   5   0   0   3   1    84.131904322   41010000000.0 
  7   1   1   1   1   5   0   0   1   1   84.8270848636   42380000000.0 
  7   1   1   3   1   5   2   2   3   1   87.7849122006   17250000000.0 
  7   1   1   1   1   5   2   2   1   1    88.407283098   18440000000.0 
  7   1   1   3   1   6   0   0   3   1   221.075721847   24160000000.0 
  7   1   1   1   1   6   0   0   1   1   223.357800216   24980000000.0 
  7   1   1   3   1   6   2   2   3   1   235.840737112   16820000000.0 
  7   1   1   1   1   6   2   2   1   1   237.877676788   17520000000.0 
  7   2   2   3   1   2   1   1   3   1    7.1156070917       1.005e+12 
  7   2   2   1   1   2   1   1   1   1   7.28212397449       9.848e+11 
  7   2   2   3   1   3   1   1   3   1    18.460450269       3.341e+11 
  7   2   2   1   1   3   1   1   1   1   18.5446758171       3.383e+11 
  7   2   2   3   1   4   1   1   3   1   39.9766098913       1.502e+11 
  7   2   2   1   1   4   1   1   1   1   40.0794194616       1.507e+11 
  7   2   2   3   1   4   3   3   3   1    40.941068548    3385000000.0 
  7   2   2   1   1   4   3   3   1   1   40.9651547547    3402000000.0 
  7   2   2   3   1   5   1   1   3   1   85.9040609743   79690000000.0 
  7   2   2   1   1   5   1   1   1   1   86.0055818488   79050000000.0 
  7   2   2   3   1   5   3   3   3   1   88.0937885342    5930000000.0 
  7   2   2   1   1   5   3   3   1   1   88.0745466046    5702000000.0 
  7   2   2   3   1   6   1   1   3   1   226.682743736   45240000000.0 
  7   2   2   1   1   6   1   1   1   1   226.359799216   44280000000.0 
  7   2   2   3   1   6   3   3   3   1   235.435982449    7839000000.0 
  7   2   2   1   1   6   3   3   1   1   234.693495458    7436000000.0 
  7   3   3   3   1   3   2   2   3   1   18.7523410546       3.593e+11 
  7   3   3   1   1   3   2   2   1   1   18.9933234773        3.41e+11 
  7   3   3   3   1   4   2   2   3   1   40.5060593117       2.107e+11 
  7   3   3   1   1   4   2   2   1   1   40.8387674946       2.077e+11 
  7   3   3   3   1   5   2   2   3   1   87.0055244771       1.218e+11 
  7   3   3   1   1   5   2   2   1   1   87.6456816875       1.216e+11 
  7   3   3   3   1   5   4   4   3   1   87.9974554919    1349000000.0 
  7   3   3   1   1   5   4   4   1   1    87.920267641    1300000000.0 
  7   3   3   3   1   6   2   2   3   1   230.298354409   71230000000.0 
  7   3   3   1   1   6   2   2   1   1   232.442931378   71990000000.0 
  7   3   3   3   1   6   4   4   3   1   234.258738237    3212000000.0 
  7   3   3   1   1   6   4   4   1   1   233.706761061    3101000000.0 
  7   4   4   3   1   4   3   3   3   1   40.8646931213       1.827e+11 
  7   4   4   1   1   4   3   3   1   1   40.9390466095       1.804e+11 
  7   4   4   3   1   5   3   3   3   1   87.7409355602       1.543e+11 
  7   4   4   1   1   5   3   3   1   1   87.9539515587       1.534e+11 
  7   4   4   3   1   6   3   3   3   1   232.932473715       1.052e+11 
  7   4   4   1   1   6   3   3   1   1   233.839133424       1.054e+11 
  7   4   4   3   1   6   5   5   3   1   233.793763937     942400000.0 
  7   4   4   1   1   6   5   5   1   1   233.733390126     938200000.0 
  7   5   5   3   1   5   4   4   3   1   87.9165963381       1.425e+11 
  7   5   5   1   1   5   4   4   1   1   87.9284315217       1.424e+11 
  7   5   5   3   1   6   4   4   3   1   233.686577859        1.49e+11 
  7   5   5   1   1   6   4   4   1   1   233.764454718        1.49e+11 
  7   6   6   3   1   6   5   5   3   1    233.74526007       2.074e+11 
  7   6   6   1   1   6   5   5   1   1   233.747059507       2.074e+11 
  8   0   0   3   1   2   1   1   3   1   6.98274063511       1.178e+11 
  8   0   0   1   1   2   1   1   1   1   7.14336970967   80670000000.0 
  8   0   0   3   1   3   1   1   3   1   17.5920189897   68320000000.0 
  8   0   0   1   1   3   1   1   1   1   17.6705873781   71510000000.0 
  8   0   0   3   1   4   1   1   3   1   36.1157817931   47950000000.0 
  8   0   0   1   1   4   1   1   1   1   36.2084761242   48720000000.0 
  8   0   0   3   1   5   1   1   3   1   69.8568315616   35510000000.0 
  8   0   0   1   1   5   1   1   1   1    69.956810682   35240000000.0 
  8   0   0   3   1   6   1   1   3   1   141.132288225   27920000000.0 
  8   0   0   1   1   6   1   1   1   1   141.140727864   27280000000.0 
  8   0   0   3   1   7   1   1   3   1   364.952102323   23140000000.0 
  8   0   0   1   1   7   1   1   1   1    363.73071439   22330000000.0 
  8   1   1   1   1   2   0   0   1   1   6.84826005729       7.982e+11 
  8   1   1   3   1   3   0   0   3   1   17.1002966571       1.079e+11 
  8   1   1   1   1   3   0   0   1   1   17.3254250089       1.165e+11 
  8   1   1   3   1   3   2   2   3   1   17.8447879331    7533000000.0 
  8   1   1   1   1   3   2   2   1   1   18.0633518766   12630000000.0 
  8   1   1   3   1   4   0   0   3   1   35.2304030023   49820000000.0 
  8   1   1   1   1   4   0   0   1   1   35.5261445535   52820000000.0 
  8   1   1   3   1   4   2   2   3   1   36.4966685247   10280000000.0 
  8   1   1   1   1   4   2   2   1   1   36.7685340278   12610000000.0 
  8   1   1   3   1   5   0   0   3   1   68.0261102189   27740000000.0 
  8   1   1   1   1   5   0   0   1   1   68.5043723174   28960000000.0 
  8   1   1   3   1   5   2   2   3   1   70.3946760712   10300000000.0 
  8   1   1   1   1   5   2   2   1   1   70.8204959756   11390000000.0 
  8   1   1   3   1   6   0   0   3   1   136.286617257   17220000000.0 
  8   1   1   1   1   6   0   0   1   1   137.248723055   17830000000.0 
  8   1   1   3   1   6   2   2   3   1   141.757708025    9806000000.0 
  8   1   1   1   1   6   2   2   1   1   142.597165387   10370000000.0 
  8   1   1   3   1   7   0   0   3   1    341.84734034   11070000000.0 
  8   1   1   1   1   7   0   0   1   1   345.071388064   11460000000.0 
  8   1   1   3   1   7   2   2   3   1   363.880631593    9396000000.0 
  8   1   1   1   1   7   2   2   1   1     366.7012215    9748000000.0 
  8   2   2   3   1   2   1   1   3   1   6.97698630822       6.559e+11 
  8   2   2   1   1   2   1   1   1   1   7.13755788969       6.431e+11 
  8   2   2   3   1   3   1   1   3   1   17.5555410206       2.185e+11 
  8   2   2   1   1   3   1   1   1   1   17.6350661918        2.24e+11 
  8   2   2   3   1   4   1   1   3   1   35.9623744576   99060000000.0 
  8   2   2   1   1   4   1   1   1   1   36.0596459168       1.006e+11 
  8   2   2   3   1   4   3   3   3   1    36.740980154    1928000000.0 
  8   2   2   1   1   4   3   3   1   1   36.7750352887    2054000000.0 
  8   2   2   3   1   5   1   1   3   1   69.2851557342   53360000000.0 
  8   2   2   1   1   5   1   1   1   1   69.4033714378   53520000000.0 
  8   2   2   3   1   5   3   3   3   1   70.7026023077    3325000000.0 
  8   2   2   1   1   5   3   3   1   1   70.7444335079    3289000000.0 
  8   2   2   3   1   6   1   1   3   1   138.818233401   31960000000.0 
  8   2   2   1   1   6   1   1   1   1   138.905959001   31700000000.0 
  8   2   2   3   1   6   3   3   3   1   142.052477538    4184000000.0 
  8   2   2   1   1   6   3   3   1   1   142.000149091    4037000000.0 
  8   2   2   3   1   7   1   1   3   1   349.870617913   19840000000.0 
  8   2   2   1   1   7   1   1   1   1   349.250455115   19420000000.0 
  8   2   2   3   1   7   3   3   3   1   362.824221315    4910000000.0 
  8   2   2   1   1   7   3   3   1   1   361.665646285    4684000000.0 
  8   3   3   3   1   3   2   2   3   1   17.8232136313       2.235e+11 
  8   3   3   1   1   3   2   2   1   1   18.0419670631       2.141e+11 
  8   3   3   3   1   4   2   2   3   1    36.406537989       1.324e+11 
  8   3   3   1   1   4   2   2   1   1   36.6800368712       1.311e+11 
  8   3   3   3   1   5   2   2   3   1   70.0601344723   77780000000.0 
  8   3   3   1   1   5   2   2   1   1   70.4929082424   77710000000.0 
  8   3   3   3   1   5   4   4   3   1   70.7018853739     691400000.0 
  8   3   3   1   1   5   4   4   1   1   70.6704260519     669400000.0 
  8   3   3   3   1   6   2   2   3   1   140.407574976   48060000000.0 
  8   3   3   1   1   6   2   2   1   1    141.27526038   48300000000.0 
  8   3   3   3   1   6   4   4   3   1   141.869857586    1514000000.0 
  8   3   3   1   1   6   4   4   1   1   141.741128436    1465000000.0 
  8   3   3   3   1   7   2   2   3   1   355.115313382   30060000000.0 
  8   3   3   1   1   7   2   2   1   1   358.084905661   30470000000.0 
  8   3   3   3   1   7   4   4   3   1   360.967028413    2445000000.0 
  8   3   3   1   1   7   4   4   1   1   360.092257465    2367000000.0 
  8   4   4   3   1   4   3   3   3   1   36.7000860979       1.031e+11 
  8   4   4   1   1   4   3   3   1   1   36.7604272622       1.018e+11 
  8   4   4   3   1   5   3   3   3   1   70.5513218184   88410000000.0 
  8   4   4   1   1   5   3   3   1   1   70.6903941007   87710000000.0 
  8   4   4   3   1   6   3   3   3   1   141.443118855   63500000000.0 
  8   4   4   1   1   6   3   3   1   1   141.782593816   63330000000.0 
  8   4   4   3   1   6   5   5   3   1   141.760238257     367000000.0 
  8   4   4   1   1   6   5   5   1   1    141.74371244     365200000.0 
  8   4   4   3   1   7   3   3   3   1   358.875266481   42830000000.0 
  8   4   4   1   1   7   3   3   1   1   360.257724722   43020000000.0 
  8   4   4   3   1   7   5   5   3   1   360.226428133    1083000000.0 
  8   4   4   1   1   7   5   5   1   1   360.120718677    1078000000.0 
  8   5   5   3   1   5   4   4   3   1   70.6659128604   65530000000.0 
  8   5   5   1   1   5   4   4   1   1   70.6735739675   65450000000.0 
  8   5   5   3   1   6   4   4   3   1   141.725091545   72220000000.0 
  8   5   5   1   1   6   4   4   1   1   141.753792086   72170000000.0 
  8   5   5   3   1   7   4   4   3   1   360.031326234   58560000000.0 
  8   5   5   1   1   7   4   4   1   1   360.174001197   58570000000.0 
  8   5   5   3   1   7   6   6   3   1   360.146411577     333200000.0 
  8   5   5   1   1   7   6   6   1   1   360.141547249     333200000.0 
  8   6   6   3   1   6   5   5   3   1    141.74669295   60920000000.0 
  8   6   6   1   1   6   5   5   1   1   141.747349678   60920000000.0 
  8   6   6   3   1   7   5   5   3   1   360.138976648   78570000000.0 
  8   6   6   1   1   7   5   5   1   1   360.144197565   78570000000.0 
  8   7   7   3   1   7   6   6   3   1   360.142796682       1.043e+11 
  8   7   7   1   1   7   6   6   1   1   360.142858696       1.043e+11 
  9   0   0   3   1   2   1   1   3   1   6.88896803828   76280000000.0 
  9   0   0   1   1   2   1   1   1   1   7.04568633764   51100000000.0 
  9   0   0   3   1   3   1   1   3   1    17.008730447   44500000000.0 
  9   0   0   1   1   3   1   1   1   1   17.0846498975   48220000000.0 
  9   0   0   3   1   4   1   1   3   1   33.7403505054   31660000000.0 
  9   0   0   1   1   4   1   1   1   1   33.8309839993   32890000000.0 
  9   0   0   3   1   5   1   1   3   1   61.4840932344   23440000000.0 
  9   0   0   1   1   5   1   1   1   1   61.5938244352   23650000000.0 
  9   0   0   3   1   6   1   1   3   1    110.68156915   18260000000.0 
  9   0   0   1   1   6   1   1   1   1   110.791206051   18090000000.0 
  9   0   0   3   1   7   1   1   3   1   213.244045643   14980000000.0 
  9   0   0   1   1   7   1   1   1   1   213.212948909   14640000000.0 
  9   0   0   3   1   8   1   1   3   1   533.241714447   12840000000.0 
  9   0   0   1   1   8   1   1   1   1   531.568291446   12410000000.0 
  9   1   1   1   1   2   0   0   1   1    6.7592285171       5.419e+11 
  9   1   1   3   1   3   0   0   3   1   16.5548296637   72140000000.0 
  9   1   1   1   1   3   0   0   1   1   16.7667001335   79690000000.0 
  9   1   1   3   1   3   2   2   3   1   17.2516150817    4373000000.0 
  9   1   1   1   1   3   2   2   1   1   17.4568519078    8828000000.0 
  9   1   1   3   1   4   0   0   3   1   32.9908988386   33900000000.0 
  9   1   1   1   1   4   0   0   1   1   33.2538896811   36400000000.0 
  9   1   1   3   1   4   2   2   3   1   34.0987635454    6458000000.0 
  9   1   1   1   1   4   2   2   1   1    34.340005611    8510000000.0 
  9   1   1   3   1   5   0   0   3   1   60.1429479709   19120000000.0 
  9   1   1   1   1   5   0   0   1   1   60.5290432111   20130000000.0 
  9   1   1   3   1   5   2   2   3   1   61.9869219731    6530000000.0 
  9   1   1   1   1   5   2   2   1   1   62.3301799171    7501000000.0 
  9   1   1   3   1   6   0   0   3   1   107.941318136   12070000000.0 
  9   1   1   1   1   6   0   0   1   1   108.584370146   12550000000.0 
  9   1   1   3   1   6   2   2   3   1   111.344866621    6143000000.0 
  9   1   1   1   1   6   2   2   1   1   111.905035085    6641000000.0 
  9   1   1   3   1   7   0   0   3   1   206.096422703    8185000000.0 
  9   1   1   1   1   7   0   0   1   1   207.411331548    8456000000.0 
  9   1   1   3   1   7   2   2   3   1    213.90514381    5778000000.0 
  9   1   1   1   1   7   2   2   1   1    215.03517289    6058000000.0 
  9   1   1   3   1   8   0   0   3   1    499.78249845    5627000000.0 
  9   1   1   1   1   8   0   0   1   1   504.281234475    5819000000.0 
  9   1   1   3   1   8   2   2   3   1   531.136113573    5534000000.0 
  9   1   1   1   1   8   2   2   1   1   535.036208381    5721000000.0 
  9   2   2   3   1   2   1   1   3   1   6.88506691786       4.363e+11 
  9   2   2   1   1   2   1   1   1   1   7.04172744642       4.312e+11 
  9   2   2   3   1   3   1   1   3   1    16.984969503        1.47e+11 
  9   2   2   1   1   3   1   1   1   1   17.0613908692       1.524e+11 
  9   2   2   3   1   4   1   1   3   1   33.6469772148   67430000000.0 
  9   2   2   1   1   4   1   1   1   1   33.7399026392   69090000000.0 
  9   2   2   3   1   4   3   3   3   1   34.3276023842    1163000000.0 
  9   2   2   1   1   4   3   3   1   1   34.3654112584    1335000000.0 
  9   2   2   3   1   5   1   1   3   1    61.174734852   36720000000.0 
  9   2   2   1   1   5   1   1   1   1   61.2925820068   37160000000.0 
  9   2   2   3   1   5   3   3   3   1   62.2771157741    2033000000.0 
  9   2   2   1   1   5   3   3   1   1   62.3361577721    2088000000.0 
  9   2   2   3   1   6   1   1   3   1   109.683083155   22360000000.0 
  9   2   2   1   1   6   1   1   1   1   109.820340418   22380000000.0 
  9   2   2   3   1   6   3   3   3   1   111.692363823    2488000000.0 
  9   2   2   1   1   6   3   3   1   1   111.745425157    2455000000.0 
  9   2   2   3   1   7   1   1   3   1   209.568432477   14640000000.0 
  9   2   2   1   1   7   1   1   1   1   209.646207373   14510000000.0 
  9   2   2   3   1   7   3   3   3   1   214.148024495    2809000000.0 
  9   2   2   1   1   7   3   3   1   1   214.057093092    2721000000.0 
  9   2   2   3   1   8   1   1   3   1   510.837293124    9743000000.0 
  9   2   2   1   1   8   1   1   1   1   509.938710727    9537000000.0 
  9   2   2   3   1   8   3   3   3   1   529.173960501    3122000000.0 
  9   2   2   1   1   8   3   3   1   1   527.592579712    2992000000.0 
  9   3   3   3   1   3   2   2   3   1   17.2376963019       1.487e+11 
  9   3   3   1   1   3   2   2   1   1   17.4429455319       1.434e+11 
  9   3   3   3   1   4   2   2   3   1   34.0444288964   88660000000.0 
  9   3   3   1   1   4   2   2   1   1   34.2862345797   88060000000.0 
  9   3   3   3   1   5   2   2   3   1   61.8075997431   52500000000.0 
  9   3   3   1   1   5   2   2   1   1   62.1532544032   52520000000.0 
  9   3   3   3   1   5   4   4   3   1   62.3065301475     405900000.0 
  9   3   3   1   1   5   4   4   1   1   62.2912132183     396600000.0 
  9   3   3   3   1   6   2   2   3   1   110.767601744   32920000000.0 
  9   3   3   1   1   6   2   2   1   1   111.336033359   33040000000.0 
  9   3   3   3   1   6   4   4   3   1   111.675677314     843100000.0 
  9   3   3   1   1   6   4   4   1   1   111.625167115     818500000.0 
  9   3   3   3   1   7   2   2   3   1   211.784790767   21680000000.0 
  9   3   3   1   1   7   2   2   1   1   212.943937145   21840000000.0 
  9   3   3   3   1   7   4   4   3   1   213.852335909    1272000000.0 
  9   3   3   1   1   7   4   4   1   1   213.652203072    1234000000.0 
  9   3   3   3   1   8   2   2   3   1   518.252449974   14350000000.0 
  9   3   3   1   1   8   2   2   1   1     522.2744601   14560000000.0 
  9   3   3   3   1   8   4   4   3   1   526.528161334    1747000000.0 
  9   3   3   1   1   8   4   4   1   1   525.238700401    1695000000.0 
  9   4   4   3   1   4   3   3   3   1    34.303274891   64760000000.0 
  9   4   4   1   1   4   3   3   1   1   34.3562357151   63940000000.0 
  9   4   4   3   1   5   3   3   3   1   62.1970923964   55900000000.0 
  9   4   4   1   1   5   3   3   1   1   62.3059739393   55420000000.0 
  9   4   4   3   1   6   3   3   3   1   111.435226991   40700000000.0 
  9   4   4   1   1   6   3   3   1   1   111.648466368   40520000000.0 
  9   4   4   3   1   7   3   3   3   1   213.204769113   28850000000.0 
  9   4   4   1   1   7   3   3   1   1   213.701591093   28850000000.0 
  9   4   4   3   1   7   5   5   3   1   213.680926893     489300000.0 
  9   4   4   1   1   7   5   5   1   1   213.653374577     486900000.0 
  9   4   4   3   1   8   3   3   3   1   523.451364252   19880000000.0 
  9   4   4   1   1   8   3   3   1   1    525.43818647   20000000000.0 
  9   4   4   3   1   8   5   5   3   1   525.431624918     934600000.0 
  9   4   4   1   1   8   5   5   1   1   525.264235129     930600000.0 
  9   5   5   3   1   5   4   4   3   1   62.2867521729   36500000000.0 
  9   5   5   1   1   5   4   4   1   1    62.292726135   36450000000.0 
  9   5   5   3   1   6   4   4   3   1   111.612155535   40780000000.0 
  9   5   5   1   1   6   4   4   1   1   111.630025524   40740000000.0 
  9   5   5   3   1   7   4   4   3   1   213.619522762   34790000000.0 
  9   5   5   1   1   7   4   4   1   1   213.670002327   34780000000.0 
  9   5   5   3   1   8   4   4   3   1   525.119093258   26430000000.0 
  9   5   5   1   1   8   4   4   1   1   525.346285785   26440000000.0 
  9   5   5   3   1   8   6   6   3   1   525.305040983     432600000.0 
  9   5   5   1   1   8   6   6   1   1   525.296328017     432500000.0 
  9   6   6   3   1   6   5   5   3   1   111.625613301   27080000000.0 
  9   6   6   1   1   6   5   5   1   1   111.626019903   27080000000.0 
  9   6   6   3   1   7   5   5   3   1   213.657639985   36810000000.0 
  9   6   6   1   1   7   5   5   1   1   213.659475077   36810000000.0 
  9   6   6   3   1   8   5   5   3   1   525.290844033   34470000000.0 
  9   6   6   1   1   8   5   5   1   1   525.301109079   34470000000.0 
  9   6   6   3   1   8   7   7   3   1   525.298534415     135300000.0 
  9   6   6   1   1   8   7   7   1   1   525.298318998     135300000.0 
  9   7   7   3   1   7   6   6   3   1   213.658922936   28980000000.0 
  9   7   7   1   1   7   6   6   1   1   213.658944577   28980000000.0 
  9   7   7   3   1   8   6   6   3   1   525.298330959   44490000000.0 
  9   7   7   1   1   8   6   6   1   1   525.298530358   44490000000.0 
  9   8   8   3   1   8   7   7   3   1   525.298379438   57000000000.0 
  9   8   8   1   1   8   7   7   1   1   525.298380801   57000000000.0 
 10   0   0   3   1   2   1   1   3   1   6.82362865749   53580000000.0 
 10   0   0   1   1   2   1   1   1   1   6.97757557373   32640000000.0 
 10   0   0   3   1   3   1   1   3   1   16.6159034573   30390000000.0 
 10   0   0   1   1   3   1   1   1   1   16.6896107029   34820000000.0 
 10   0   0   3   1   4   1   1   3   1     32.22887805   21990000000.0 
 10   0   0   1   1   4   1   1   1   1   32.3162929363   23650000000.0 
 10   0   0   3   1   5   1   1   3   1   56.6432974658   16300000000.0 
 10   0   0   1   1   5   1   1   1   1   56.7510014247   16850000000.0 
 10   0   0   3   1   6   1   1   3   1   95.9241996316   12610000000.0 
 10   0   0   1   1   6   1   1   1   1    96.048306723   12720000000.0 
 10   0   0   3   1   7   1   1   3   1   164.489028882   10210000000.0 
 10   0   0   1   1   7   1   1   1   1   164.593143736   10120000000.0 
 10   0   0   3   1   8   1   1   3   1   306.251300204    8643000000.0 
 10   0   0   1   1   8   1   1   1   1   306.122475203    8460000000.0 
 10   0   0   3   1   9   1   1   3   1   747.117900306    7542000000.0 
 10   0   0   1   1   9   1   1   1   1   744.446368691    7314000000.0 
 10   1   1   1   1   2   0   0   1   1   6.69703118987        4.11e+11 
 10   1   1   3   1   3   0   0   3   1   16.1861478668   50500000000.0 
 10   1   1   1   1   3   0   0   1   1   16.3891315846   58950000000.0 
 10   1   1   3   1   3   2   2   3   1   16.8516197831    2465000000.0 
 10   1   1   1   1   3   2   2   1   1   17.0479396785    6846000000.0 
 10   1   1   3   1   4   0   0   3   1   31.5584052958   24080000000.0 
 10   1   1   1   1   4   0   0   1   1   31.8008628722   26770000000.0 
 10   1   1   3   1   4   2   2   3   1   32.5706738383    4193000000.0 
 10   1   1   1   1   4   2   2   1   1   32.7927214042    6241000000.0 
 10   1   1   3   1   5   0   0   3   1   55.5464751931   13690000000.0 
 10   1   1   1   1   5   0   0   1   1   55.8814930913   14750000000.0 
 10   1   1   3   1   5   2   2   3   1   57.1156883134    4350000000.0 
 10   1   1   1   1   5   2   2   1   1   57.4131585875    5334000000.0 
 10   1   1   3   1   6   0   0   3   1   93.9833524804    8694000000.0 
 10   1   1   1   1   6   0   0   1   1   94.4871823194    9189000000.0 
 10   1   1   3   1   6   2   2   3   1   96.5531044026    4087000000.0 
 10   1   1   1   1   6   2   2   1   1   96.9916495655    4595000000.0 
 10   1   1   3   1   7   0   0   3   1   160.565523391    5958000000.0 
 10   1   1   1   1   7   0   0   1   1   161.411254099    6220000000.0 
 10   1   1   3   1   7   2   2   3   1   165.265801147    3785000000.0 
 10   1   1   1   1   7   2   2   1   1   165.991095846    4066000000.0 
 10   1   1   3   1   8   0   0   3   1   296.141896365    4299000000.0 
 10   1   1   1   1   8   0   0   1   1    297.88164693    4456000000.0 
 10   1   1   3   1   8   2   2   3   1   306.875942155    3561000000.0 
 10   1   1   1   1   8   2   2   1   1    308.35171478    3727000000.0 
 10   1   1   3   1   9   0   0   3   1   700.583051054    3091000000.0 
 10   1   1   1   1   9   0   0   1   1   706.125939443    3201000000.0 
 10   1   1   3   1   9   2   2   3   1   743.420246638    3398000000.0 
 10   1   1   1   1   9   2   2   1   1   748.288017576    3511000000.0 
 10   2   2   3   1   2   1   1   3   1   6.82084589032       3.112e+11 
 10   2   2   1   1   2   1   1   1   1   6.97475152666       3.052e+11 
 10   2   2   3   1   3   1   1   3   1   16.5994127254       1.044e+11 
 10   2   2   1   1   3   1   1   1   1   16.6734630035       1.101e+11 
 10   2   2   3   1   4   1   1   3   1   32.1668943397   48160000000.0 
 10   2   2   1   1   4   1   1   1   1   32.2558050981   50070000000.0 
 10   2   2   3   1   4   3   3   3   1   32.7884040097     730600000.0 
 10   2   2   1   1   4   3   3   1   1   32.8270303672     933500000.0 
 10   2   2   3   1   5   1   1   3   1   56.4521132732   26360000000.0 
 10   2   2   1   1   5   1   1   1   1   56.5647250183   27010000000.0 
 10   2   2   3   1   5   3   3   3   1   57.3895547431    1330000000.0 
 10   2   2   1   1   5   3   3   1   1   57.4523499984    1438000000.0 
 10   2   2   3   1   6   1   1   3   1   95.3771887685   16140000000.0 
 10   2   2   1   1   6   1   1   1   1   95.5159481585   16340000000.0 
 10   2   2   3   1   6   3   3   3   1    96.892891054    1605000000.0 
 10   2   2   1   1   6   3   3   1   1    96.968881163    1633000000.0 
 10   2   2   3   1   7   1   1   3   1   162.887086683   10690000000.0 
 10   2   2   1   1   7   1   1   1   1   163.035981567   10700000000.0 
 10   2   2   3   1   7   3   3   3   1   165.640297776    1761000000.0 
 10   2   2   1   1   7   3   3   1   1   165.691149198    1740000000.0 
 10   2   2   3   1   8   1   1   3   1   300.744505423    7464000000.0 
 10   2   2   1   1   8   1   1   1   1   300.779512909    7395000000.0 
 10   2   2   3   1   8   3   3   3   1   307.007558854    1892000000.0 
 10   2   2   1   1   8   3   3   1   1   306.835388399    1839000000.0 
 10   2   2   3   1   9   1   1   3   1   715.171453447    5213000000.0 
 10   2   2   1   1   9   1   1   1   1   713.618863562    5110000000.0 
 10   2   2   3   1   9   3   3   3   1   739.939901757    2030000000.0 
 10   2   2   1   1   9   3   3   1   1   737.659758195    1956000000.0 
 10   3   3   3   1   3   2   2   3   1   16.8419839611       1.033e+11 
 10   3   3   1   1   3   2   2   1   1   17.0382920332        1.02e+11 
 10   3   3   3   1   4   2   2   3   1   32.5346966373   62160000000.0 
 10   3   3   1   1   4   2   2   1   1   32.7570429918   62590000000.0 
 10   3   3   3   1   5   2   2   3   1   57.0051473223   37030000000.0 
 10   3   3   1   1   5   2   2   1   1   57.3038840766   37370000000.0 
 10   3   3   3   1   6   2   2   3   1   96.2376293475   23370000000.0 
 10   3   3   1   1   6   2   2   1   1   96.6801946188   23590000000.0 
 10   3   3   3   1   6   4   4   3   1    96.922359636     523900000.0 
 10   3   3   1   1   6   4   4   1   1   96.8981431274     511700000.0 
 10   3   3   3   1   7   2   2   3   1   164.343676019   15590000000.0 
 10   3   3   1   1   7   2   2   1   1   165.080962231   15740000000.0 
 10   3   3   3   1   7   4   4   3   1   165.585965349     753900000.0 
 10   3   3   1   1   7   4   4   1   1   165.506301244     734200000.0 
 10   3   3   3   1   8   2   2   3   1   303.711638563   10830000000.0 
 10   3   3   1   1   8   2   2   1   1   305.225701349   10960000000.0 
 10   3   3   3   1   8   4   4   3   1    306.53511412     978500000.0 
 10   3   3   1   1   8   4   4   1   1   306.235732725     951800000.0 
 10   3   3   3   1   9   2   2   3   1   725.118306897    7510000000.0 
 10   3   3   1   1   9   2   2   1   1   730.141259357    7636000000.0 
 10   3   3   3   1   9   4   4   3   1   736.146166518    1232000000.0 
 10   3   3   1   1   9   4   4   1   1   734.307935822    1197000000.0 
 10   4   4   3   1   4   3   3   3   1   32.7723311376   43620000000.0 
 10   4   4   1   1   4   3   3   1   1   32.8208301143   43180000000.0 
 10   4   4   3   1   5   3   3   3   1   57.3403327788   37830000000.0 
 10   4   4   1   1   5   3   3   1   1   57.4333610777   37560000000.0 
 10   4   4   3   1   6   3   3   3   1   96.7526675749   27700000000.0 
 10   4   4   1   1   6   3   3   1   1    96.914799413   27580000000.0 
 10   4   4   3   1   7   3   3   3   1   165.230920999   19880000000.0 
 10   4   4   1   1   7   3   3   1   1   165.533310692   19860000000.0 
 10   4   4   3   1   7   5   5   3   1   165.516760018     265600000.0 
 10   4   4   1   1   7   5   5   1   1   165.504379041     264300000.0 
 10   4   4   3   1   8   3   3   3   1   305.604182231   14360000000.0 
 10   4   4   1   1   8   3   3   1   1   306.294543227   14390000000.0 
 10   4   4   3   1   8   5   5   3   1   306.278097118     468200000.0 
 10   4   4   1   1   8   5   5   1   1   306.235424782     466000000.0 
 10   4   4   3   1   9   3   3   3   1   731.840023698   10170000000.0 
 10   4   4   1   1   9   3   3   1   1   734.541581452   10250000000.0 
 10   4   4   3   1   9   5   5   3   1   734.579753114     736700000.0 
 10   4   4   1   1   9   5   5   1   1   734.331271754     733600000.0 
 10   5   5   3   1   5   4   4   3   1   57.4169047605   22780000000.0 
 10   5   5   1   1   5   4   4   1   1   57.4219995783   22760000000.0 
 10   5   5   3   1   6   4   4   3   1    96.887088168   25600000000.0 
 10   5   5   1   1   6   4   4   1   1   96.9006064422   25570000000.0 
 10   5   5   3   1   7   4   4   3   1   165.483042766   22120000000.0 
 10   5   5   1   1   7   4   4   1   1   165.513487884   22110000000.0 
 10   5   5   3   1   8   4   4   3   1   306.182585509   17640000000.0 
 10   5   5   1   1   8   4   4   1   1   306.260337794   17640000000.0 
 10   5   5   3   1   8   6   6   3   1   306.245793518     186300000.0 
 10   5   5   1   1   8   6   6   1   1    306.24335886     186300000.0 
 10   5   5   3   1   9   4   4   3   1   734.116322862   13230000000.0 
 10   5   5   1   1   9   4   4   1   1   734.449423325   13240000000.0 
 10   5   5   3   1   9   6   6   3   1   734.391314865     410500000.0 
 10   5   5   1   1   9   6   6   1   1   734.377343341     410400000.0 
 10   6   6   3   1   6   5   5   3   1    96.897265237   14760000000.0 
 10   6   6   1   1   6   5   5   1   1   96.8975720071   14760000000.0 
 10   6   6   3   1   7   5   5   3   1   165.506021702   20330000000.0 
 10   6   6   1   1   7   5   5   1   1   165.507123986   20330000000.0 
 10   6   6   3   1   8   5   5   3   1   306.241329955   20030000000.0 
 10   6   6   1   1   8   5   5   1   1   306.244822699   20030000000.0 
 10   6   6   3   1   9   5   5   3   1    734.36829067   16860000000.0 
 10   6   6   1   1   9   5   5   1   1   734.385312758   16860000000.0 
 10   6   6   3   1   9   7   7   3   1   734.381404877     193000000.0 
 10   6   6   1   1   9   7   7   1   1   734.381008292     193000000.0 
 10   7   7   3   1   7   6   6   3   1   165.506810912   12400000000.0 
 10   7   7   1   1   7   6   6   1   1   165.506823844   12400000000.0 
 10   7   7   3   1   8   6   6   3   1   306.243940929   20050000000.0 
 10   7   7   1   1   8   6   6   1   1   306.244008515   20050000000.0 
 10   7   7   3   1   9   6   6   3   1    734.38066142   21280000000.0 
 10   7   7   1   1   9   6   6   1   1   734.381079193   21280000000.0 
 10   7   7   3   1   9   8   8   3   1   734.380964319      60990000.0 
 10   7   7   1   1   9   8   8   1   1     734.3809584      60990000.0 
 10   8   8   3   1   8   7   7   3   1   306.243891066   14980000000.0 
 10   8   8   1   1   8   7   7   1   1   306.243891529   14980000000.0 
 10   8   8   3   1   9   7   7   3   1    734.38110186   26680000000.0 
 10   8   8   1   1   9   7   7   1   1   734.381106713   26680000000.0 
 10   9   9   3   1   9   8   8   3   1   734.380959406   33250000000.0 
 10   9   9   1   1   9   8   8   1   1   734.380959466   33250000000.0 
 11   0   0   3   1   2   1   1   3   1   6.77617200293   38100000000.0 
 11   0   0   1   1   2   1   1   1   1   6.92810442815   20080000000.0 
 11   0   0   3   1   3   1   1   3   1   16.3372905031   20880000000.0 
 11   0   0   1   1   3   1   1   1   1   16.4093446887   25970000000.0 
 11   0   0   3   1   4   1   1   3   1   31.1969379938   15570000000.0 
 11   0   0   1   1   4   1   1   1   1   31.2817568014   17620000000.0 
 11   0   0   3   1   5   1   1   3   1   53.5312025031   11640000000.0 
 11   0   0   1   1   5   1   1   1   1   53.6359684442   12460000000.0 
 11   0   0   3   1   6   1   1   3   1   87.3266931366    9003000000.0 
 11   0   0   1   1   6   1   1   1   1   87.4523505432    9318000000.0 
 11   0   0   3   1   7   1   1   3   1   140.730362625    7233000000.0 
 11   0   0   1   1   7   1   1   1   1   140.865744939    7320000000.0 
 11   0   0   3   1   8   1   1   3   1   233.010799479    6047000000.0 
 11   0   0   1   1   8   1   1   1   1   233.098216124    6015000000.0 
 11   0   0   3   1   9   1   1   3   1   422.863171585    5164000000.0 
 11   0   0   1   1   9   1   1   1   1   422.538036188    5086000000.0 
 11   0   0   3   1  10   1   1   3   1   1011.18174345    4676000000.0 
 11   0   0   1   1  10   1   1   1   1   1007.42134996    4543000000.0 
 11   1   1   1   1   2   0   0   1   1   6.65178325333       3.271e+11 
 11   1   1   3   1   3   0   0   3   1   15.9240256716   35670000000.0 
 11   1   1   1   1   3   0   0   1   1   16.1207701556   45310000000.0 
 11   1   1   3   1   3   2   2   3   1   16.5676899456    1210000000.0 
 11   1   1   1   1   3   2   2   1   1   16.7577604999    5691000000.0 
 11   1   1   3   1   4   0   0   3   1   30.5770679834   17390000000.0 
 11   1   1   1   1   4   0   0   1   1   30.8058016841   20380000000.0 
 11   1   1   3   1   4   2   2   3   1   31.5264136136    2697000000.0 
 11   1   1   1   1   4   2   2   1   1     31.73565259    4838000000.0 
 11   1   1   3   1   5   0   0   3   1   52.5764820124    9993000000.0 
 11   1   1   1   1   5   0   0   1   1   52.8799969419   11170000000.0 
 11   1   1   3   1   5   2   2   3   1   53.9802536211    2950000000.0 
 11   1   1   1   1   5   2   2   1   1   54.2495279584    3997000000.0 
 11   1   1   3   1   6   0   0   3   1   85.7842568875    6386000000.0 
 11   1   1   1   1   6   0   0   1   1   86.2130184718    6934000000.0 
 11   1   1   3   1   6   2   2   3   1   87.9201022345    2808000000.0 
 11   1   1   1   1   6   2   2   1   1   88.2932342639    3358000000.0 
 11   1   1   3   1   7   0   0   3   1   138.027075313    4400000000.0 
 11   1   1   1   1   7   0   0   1   1   138.675385016    4684000000.0 
 11   1   1   3   1   7   2   2   3   1   141.486203116    2592000000.0 
 11   1   1   1   1   7   2   2   1   1   142.042433357    2899000000.0 
 11   1   1   3   1   8   0   0   3   1   227.597159404    3206000000.0 
 11   1   1   1   1   8   0   0   1   1   228.688089389    3367000000.0 
 11   1   1   3   1   8   2   2   3   1   233.884530332    2403000000.0 
 11   1   1   1   1   8   2   2   1   1   234.809023585    2582000000.0 
 11   1   1   3   1   9   0   0   3   1   409.106575336    2399000000.0 
 11   1   1   1   1   9   0   0   1   1   411.199735928    2496000000.0 
 11   1   1   3   1   9   2   2   3   1   423.351650228    2235000000.0 
 11   1   1   1   1   9   2   2   1   1   425.149456478    2344000000.0 
 11   1   1   3   1  10   0   0   3   1   948.424009158    1813000000.0 
 11   1   1   1   1  10   0   0   1   1   955.595741002    1880000000.0 
 11   1   1   3   1  10   2   2   3   1   1005.43795023    2182000000.0 
 11   1   1   1   1  10   2   2   1   1   1011.69572832    2254000000.0 
 11   2   2   3   1   2   1   1   3   1   6.77411500758       2.281e+11 
 11   2   2   1   1   2   1   1   1   1    6.9260164192        2.21e+11 
 11   2   2   3   1   3   1   1   3   1    16.325338559   75910000000.0 
 11   2   2   1   1   3   1   1   1   1   16.3976360368   82150000000.0 
 11   2   2   3   1   4   1   1   3   1   31.1533854484   35290000000.0 
 11   2   2   1   1   4   1   1   1   1   31.2392336034   37450000000.0 
 11   2   2   3   1   4   3   3   3   1   31.7359926045     454400000.0 
 11   2   2   1   1   4   3   3   1   1   31.7747219918     686500000.0 
 11   2   2   3   1   5   1   1   3   1    53.403096417   19410000000.0 
 11   2   2   1   1   5   1   1   1   1   53.5110765572   20230000000.0 
 11   2   2   3   1   5   3   3   3   1   54.2412571048     898500000.0 
 11   2   2   1   1   5   3   3   1   1   54.3047791117    1052000000.0 
 11   2   2   3   1   6   1   1   3   1   86.9862895358   11930000000.0 
 11   2   2   1   1   6   1   1   1   1   87.1208167232   12260000000.0 
 11   2   2   3   1   6   3   3   3   1   88.2452721314    1086000000.0 
 11   2   2   1   1   6   3   3   1   1   88.3279561442    1159000000.0 
 11   2   2   3   1   7   1   1   3   1    139.84841725    7941000000.0 
 11   2   2   1   1   7   1   1   1   1    140.00753956    8055000000.0 
 11   2   2   3   1   7   3   3   3   1   141.873040805    1175000000.0 
 11   2   2   1   1   7   3   3   1   1   141.961114137    1198000000.0 
 11   2   2   3   1   8   1   1   3   1   230.602906659    5601000000.0 
 11   2   2   1   1   8   1   1   1   1   230.757604356    5617000000.0 
 11   2   2   3   1   8   3   3   3   1   234.267417526    1230000000.0 
 11   2   2   1   1   8   3   3   1   1    234.30542457    1221000000.0 
 11   2   2   3   1   9   1   1   3   1   414.999173143    4077000000.0 
 11   2   2   1   1   9   1   1   1   1   414.909286288    4051000000.0 
 11   2   2   3   1   9   3   3   3   1   423.219808778    1278000000.0 
 11   2   2   1   1   9   3   3   1   1   422.923166413    1252000000.0 
 11   2   2   3   1  10   1   1   3   1   967.348026919    2990000000.0 
 11   2   2   1   1  10   1   1   1   1   965.113220192    2933000000.0 
 11   2   2   3   1  10   3   3   3   1   1000.19702871    1360000000.0 
 11   2   2   1   1  10   3   3   1   1   997.074886565    1315000000.0 
 11   3   3   3   1   3   2   2   3   1   16.5607216126   73950000000.0 
 11   3   3   1   1   3   2   2   1   1    16.750770264   75880000000.0 
 11   3   3   3   1   4   2   2   3   1     31.50119105   45020000000.0 
 11   3   3   1   1   4   2   2   1   1   31.7105919099   46340000000.0 
 11   3   3   3   1   5   2   2   3   1   53.9063505418   26980000000.0 
 11   3   3   1   1   5   2   2   1   1   54.1763388113   27650000000.0 
 11   3   3   3   1   6   2   2   3   1   87.7242198503   17110000000.0 
 11   3   3   1   1   6   2   2   1   1   88.0995287064   17460000000.0 
 11   3   3   3   1   6   4   4   3   1   88.2928049475     349900000.0 
 11   3   3   1   1   6   4   4   1   1   88.2804706103     345400000.0 
 11   3   3   3   1   7   2   2   3   1     140.9796114   11480000000.0 
 11   3   3   1   1   7   2   2   1   1    141.54177231   11680000000.0 
 11   3   3   3   1   7   4   4   3   1   141.892805123     488700000.0 
 11   3   3   1   1   7   4   4   1   1   141.854344955     479100000.0 
 11   3   3   3   1   8   2   2   3   1   232.503451135    8069000000.0 
 11   3   3   1   1   8   2   2   1   1   233.444004957    8197000000.0 
 11   3   3   3   1   8   4   4   3   1    234.15455495     608300000.0 
 11   3   3   1   1   8   4   4   1   1   234.034369501     594300000.0 
 11   3   3   3   1   9   2   2   3   1   418.848197687    5845000000.0 
 11   3   3   1   1   9   2   2   1   1   420.695453359    5935000000.0 
 11   3   3   3   1   9   4   4   3   1    422.50419596     729900000.0 
 11   3   3   1   1   9   4   4   1   1   422.075400742     712200000.0 
 11   3   3   3   1  10   2   2   3   1   980.402951931    4226000000.0 
 11   3   3   1   1  10   2   2   1   1   986.833789255    4304000000.0 
 11   3   3   3   1  10   4   4   3   1   994.994152077     873500000.0 
 11   3   3   1   1  10   4   4   1   1   992.470031667     850400000.0 
 11   4   4   3   1   4   3   3   3   1   31.7247522348   30850000000.0 
 11   4   4   1   1   4   3   3   1   1   31.7703088834   30710000000.0 
 11   4   4   3   1   5   3   3   3   1   54.2084304335   26890000000.0 
 11   4   4   1   1   5   3   3   1   1   54.2918902544   26790000000.0 
 11   4   4   3   1   6   3   3   3   1   88.1584189946   19750000000.0 
 11   4   4   1   1   6   3   3   1   1   88.2938627612   19710000000.0 
 11   4   4   3   1   7   3   3   3   1   141.648682224   14250000000.0 
 11   4   4   1   1   7   3   3   1   1   141.873067909   14240000000.0 
 11   4   4   3   1   7   5   5   3   1   141.858700325     162700000.0 
 11   4   4   1   1   7   5   5   1   1   141.851815254     161800000.0 
 11   4   4   3   1   8   3   3   3   1   233.656307138   10410000000.0 
 11   4   4   1   1   8   3   3   1   1   234.065672995   10420000000.0 
 11   4   4   3   1   8   5   5   3   1    234.05005306     271100000.0 
 11   4   4   1   1   8   5   5   1   1   234.031147517     269800000.0 
 11   4   4   3   1   9   3   3   3   1   421.229524746    7712000000.0 
 11   4   4   1   1   9   3   3   1   1   422.142685758    7743000000.0 
 11   4   4   3   1   9   5   5   3   1   422.135723524     398600000.0 
 11   4   4   1   1   9   5   5   1   1   422.073215654     396800000.0 
 11   4   4   3   1  10   3   3   3   1   989.151697868    5620000000.0 
 11   4   4   1   1  10   3   3   1   1   992.747675728    5669000000.0 
 11   4   4   3   1  10   5   5   3   1   992.840420529     562500000.0 
 11   4   4   1   1  10   5   5   1   1   992.489186393     560200000.0 
 11   5   5   3   1   5   4   4   3   1   54.2771053489   15330000000.0 
 11   5   5   1   1   5   4   4   1   1   54.2816723518   15280000000.0 
 11   5   5   3   1   6   4   4   3   1   88.2706517829   17280000000.0 
 11   5   5   1   1   6   4   4   1   1    88.281909918   17260000000.0 
 11   5   5   3   1   7   4   4   3   1   141.835599364   15010000000.0 
 11   5   5   1   1   7   4   4   1   1   141.858061282   15000000000.0 
 11   5   5   3   1   8   4   4   3   1   233.998811286   12110000000.0 
 11   5   5   1   1   8   4   4   1   1   234.044485187   12110000000.0 
 11   5   5   3   1   8   6   6   3   1   234.035727513      97920000.0 
 11   5   5   1   1   8   6   6   1   1   234.034569304      97930000.0 
 11   5   5   3   1   9   4   4   3   1   421.997397922    9516000000.0 
 11   5   5   1   1   9   4   4   1   1   422.108303419    9517000000.0 
 11   5   5   3   1   9   6   6   3   1   422.088251218     197000000.0 
 11   5   5   1   1   9   6   6   1   1   422.084493561     197000000.0 
 11   5   5   3   1  10   4   4   3   1   992.188016622    7173000000.0 
 11   5   5   1   1  10   4   4   1   1    992.65197314    7180000000.0 
 11   5   5   3   1  10   6   6   3   1    992.57406104     349400000.0 
 11   5   5   1   1  10   6   6   1   1   992.553241075     349300000.0 
 11   6   6   3   1   6   5   5   3   1   88.2791275429    9075000000.0 
 11   6   6   1   1   6   5   5   1   1   88.2793827703    9075000000.0 
 11   6   6   3   1   7   5   5   3   1   141.852553248   12570000000.0 
 11   6   6   1   1   7   5   5   1   1   141.853364524   12570000000.0 
 11   6   6   3   1   8   5   5   3   1   234.033320516   12550000000.0 
 11   6   6   1   1   8   5   5   1   1   234.035364557   12550000000.0 
 11   6   6   3   1   9   5   5   3   1   422.081295354   11100000000.0 
 11   6   6   1   1   9   5   5   1   1   422.086932121   11100000000.0 
 11   6   6   3   1   9   7   7   3   1     422.0856275      79250000.0 
 11   6   6   1   1   9   7   7   1   1   422.085510198      79250000.0 
 11   6   6   3   1  10   5   5   3   1    992.53939542    8976000000.0 
 11   6   6   1   1  10   5   5   1   1   992.565033207    8976000000.0 
 11   6   6   3   1  10   7   7   3   1   992.558855532     197600000.0 
 11   6   6   1   1  10   7   7   1   1   992.558208817     197600000.0 
 11   7   7   3   1   7   6   6   3   1   141.853129107    6573000000.0 
 11   7   7   1   1   7   6   6   1   1   141.853138595    6573000000.0 
 11   7   7   3   1   8   6   6   3   1    234.03483479   10770000000.0 
 11   7   7   1   1   8   6   6   1   1   234.034874232   10770000000.0 
 11   7   7   3   1   9   6   6   3   1    422.08534748   12040000000.0 
 11   7   7   1   1   9   6   6   1   1   422.085485388   12040000000.0 
 11   7   7   3   1  10   6   6   3   1   992.558003733   11120000000.0 
 11   7   7   1   1  10   6   6   1   1   992.558725692   11120000000.0 
 11   7   7   3   1  10   8   8   3   1   992.558557256      93760000.0 
 11   7   7   1   1  10   8   8   1   1   992.558545905      93760000.0 
 11   8   8   3   1   8   7   7   3   1   234.034820798    6150000000.0 
 11   8   8   1   1   8   7   7   1   1   234.034821068    6150000000.0 
 11   8   8   3   1   9   7   7   3   1   422.085542182   11540000000.0 
 11   8   8   1   1   9   7   7   1   1   422.085543785   11540000000.0 
 11   8   8   3   1  10   7   7   3   1    992.55838374   13690000000.0 
 11   8   8   1   1  10   7   7   1   1   992.558394551   13690000000.0 
 11   9   9   3   1   9   8   8   3   1   422.085456395    8268000000.0 
 11   9   9   1   1   9   8   8   1   1   422.085456415    8268000000.0 
 11   9   9   3   1  10   8   8   3   1    992.55860623   16770000000.0 
 11   9   9   1   1  10   8   8   1   1   992.558606338   16770000000.0 
 11  10  10   3   1  10   9   9   3   1   992.558392605   20450000000.0 
 11  10  10   1   1  10   9   9   1   1   992.558392605   20450000000.0 
 12   0   0   3   1   2   1   1   3   1   6.74057512976   26690000000.0 
 12   0   0   1   1   2   1   1   1   1   6.89099522696   10380000000.0 
 12   0   0   3   1   3   1   1   3   1   16.1318926821   13780000000.0 
 12   0   0   1   1   3   1   1   1   1    16.202681388   19920000000.0 
 12   0   0   3   1   4   1   1   3   1   30.4564438323   10940000000.0 
 12   0   0   1   1   4   1   1   1   1   30.5391927512   13530000000.0 
 12   0   0   3   1   5   1   1   3   1   51.3873557101    8375000000.0 
 12   0   0   1   1   5   1   1   1   1   51.4893314432    9514000000.0 
 12   0   0   3   1   6   1   1   3   1    81.762146634    6526000000.0 
 12   0   0   1   1   6   1   1   1   1    81.886050132    7057000000.0 
 12   0   0   3   1   7   1   1   3   1   126.820935732    5243000000.0 
 12   0   0   1   1   7   1   1   1   1   126.963944949    5488000000.0 
 12   0   0   3   1   8   1   1   3   1   197.200040473    4357000000.0 
 12   0   0   1   1   8   1   1   1   1   197.342546945    4452000000.0 
 12   0   0   3   1   9   1   1   3   1   318.048207241    3600000000.0 
 12   0   0   1   1   9   1   1   1   1   318.071752953    3625000000.0 
 12   0   0   3   1  10   1   1   3   1   565.518674323    3254000000.0 
 12   0   0   1   1  10   1   1   1   1   564.994998998    3223000000.0 
 12   0   0   3   1  11   1   1   3   1    1330.9909956    3011000000.0 
 12   0   0   1   1  11   1   1   1   1   1325.91358313    2936000000.0 
 12   1   1   1   1   2   0   0   1   1   6.61779997814         2.8e+11 
 12   1   1   3   1   3   0   0   3   1    15.730433573   24470000000.0 
 12   1   1   1   1   3   0   0   1   1   15.9226112548   36510000000.0 
 12   1   1   3   1   3   2   2   3   1   16.3582341202     331100000.0 
 12   1   1   1   1   3   2   2   1   1   16.5437362015    5254000000.0 
 12   1   1   3   1   4   0   0   3   1   29.8711696876   12450000000.0 
 12   1   1   1   1   4   0   0   1   1   30.0902004151   16130000000.0 
 12   1   1   3   1   4   2   2   3   1   30.7765393998    1579000000.0 
 12   1   1   1   1   4   2   2   1   1   30.9767316547    4025000000.0 
 12   1   1   3   1   5   0   0   3   1    50.523527831    7301000000.0 
 12   1   1   1   1   5   0   0   1   1   50.8059457662    8758000000.0 
 12   1   1   3   1   5   2   2   3   1   51.8184635487    1949000000.0 
 12   1   1   1   1   5   2   2   1   1    52.068869653    3172000000.0 
 12   1   1   3   1   6   0   0   3   1   80.4505323641    4719000000.0 
 12   1   1   1   1   6   0   0   1   1    80.833101191    5399000000.0 
 12   1   1   3   1   6   2   2   3   1   82.3261342919    1929000000.0 
 12   1   1   1   1   6   2   2   1   1   82.6590464115    2587000000.0 
 12   1   1   3   1   7   0   0   3   1   124.722440689    3276000000.0 
 12   1   1   1   1   7   0   0   1   1   125.264961432    3628000000.0 
 12   1   1   3   1   7   2   2   3   1   127.540040978    1805000000.0 
 12   1   1   1   1   7   2   2   1   1   128.005849452    2180000000.0 
 12   1   1   3   1   8   0   0   3   1   193.551787041    2402000000.0 
 12   1   1   1   1   8   0   0   1   1   194.372472427    2599000000.0 
 12   1   1   3   1   8   2   2   3   1   198.080125031    1671000000.0 
 12   1   1   1   1   8   2   2   1   1   198.776594898    1894000000.0 
 12   1   1   3   1   9   0   0   3   1   310.829408614    1788000000.0 
 12   1   1   1   1   9   0   0   1   1   312.119464674    1900000000.0 
 12   1   1   3   1   9   2   2   3   1   318.984304805    1502000000.0 
 12   1   1   1   1   9   2   2   1   1   320.091440379    1634000000.0 
 12   1   1   3   1  10   0   0   3   1   547.276870287    1423000000.0 
 12   1   1   1   1  10   0   0   1   1   549.915598206    1491000000.0 
 12   1   1   3   1  10   2   2   3   1   565.790254128    1464000000.0 
 12   1   1   1   1  10   2   2   1   1   568.042151986    1544000000.0 
 12   1   1   3   1  11   0   0   3   1    1248.6352812    1114000000.0 
 12   1   1   1   1  11   0   0   1   1   1257.71902873    1160000000.0 
 12   1   1   3   1  11   2   2   3   1   1322.64255716    1444000000.0 
 12   1   1   1   1  11   2   2   1   1   1330.53813968    1496000000.0 
 12   2   2   3   1   2   1   1   3   1   6.73901067147       1.699e+11 
 12   2   2   1   1   2   1   1   1   1   6.88940644255       1.599e+11 
 12   2   2   3   1   3   1   1   3   1   16.1229349036   55550000000.0 
 12   2   2   1   1   3   1   1   1   1   16.1939004771   62920000000.0 
 12   2   2   3   1   4   1   1   3   1   30.4245303668   26170000000.0 
 12   2   2   1   1   4   1   1   1   1    30.508012997   28760000000.0 
 12   2   2   1   1   4   3   3   1   1   31.0185214566     530200000.0 
 12   2   2   3   1   5   1   1   3   1   51.2965704188   14500000000.0 
 12   2   2   1   1   5   1   1   1   1   51.4007611636   15550000000.0 
 12   2   2   3   1   5   3   3   3   1   52.0694329992     604900000.0 
 12   2   2   1   1   5   3   3   1   1    52.132667549     815900000.0 
 12   2   2   3   1   6   1   1   3   1    81.532555965    8962000000.0 
 12   2   2   1   1   6   1   1   1   1   81.6622643176    9427000000.0 
 12   2   2   3   1   6   3   3   3   1   82.6376171293     748400000.0 
 12   2   2   1   1   6   3   3   1   1   82.7219560015     870600000.0 
 12   2   2   3   1   7   1   1   3   1   126.269417314    5987000000.0 
 12   2   2   1   1   7   1   1   1   1    126.42676395    6200000000.0 
 12   2   2   3   1   7   3   3   3   1   127.917638383     810900000.0 
 12   2   2   1   1   7   3   3   1   1   128.017572001     875300000.0 
 12   2   2   3   1   8   1   1   3   1   195.869753714    4242000000.0 
 12   2   2   1   1   8   1   1   1   1   196.047802903    4333000000.0 
 12   2   2   3   1   8   3   3   3   1   198.507196086     839500000.0 
 12   2   2   1   1   8   3   3   1   1   198.602681847     867100000.0 
 12   2   2   3   1   9   1   1   3   1   314.602126121    3084000000.0 
 12   2   2   1   1   9   1   1   1   1   314.721689837    3115000000.0 
 12   2   2   3   1   9   3   3   3   1   319.303859551     846800000.0 
 12   2   2   1   1   9   3   3   1   1   319.311228971     853300000.0 
 12   2   2   3   1  10   1   1   3   1   554.714603043    2374000000.0 
 12   2   2   1   1  10   1   1   1   1   554.510312631    2368000000.0 
 12   2   2   3   1  10   3   3   3   1   565.362165777     883200000.0 
 12   2   2   1   1  10   3   3   1   1    564.91468442     872100000.0 
 12   2   2   3   1  11   1   1   3   1   1272.65242062    1806000000.0 
 12   2   2   1   1  11   1   1   1   1   1269.57886617    1776000000.0 
 12   2   2   3   1  11   3   3   3   1   1315.16098186     932600000.0 
 12   2   2   1   1  11   3   3   1   1   1311.02773017     906300000.0 
 12   3   3   3   1   3   2   2   3   1   16.3530231386   53260000000.0 
 12   3   3   1   1   3   2   2   1   1   16.5384986002   58920000000.0 
 12   3   3   3   1   4   2   2   3   1   30.7580992541   33140000000.0 
 12   3   3   1   1   4   2   2   1   1   30.9583740298   35630000000.0 
 12   3   3   3   1   5   2   2   3   1   51.7662099783   20060000000.0 
 12   3   3   1   1   5   2   2   1   1   52.0170223234   21180000000.0 
 12   3   3   3   1   6   2   2   3   1   82.1943193643   12800000000.0 
 12   3   3   1   1   6   2   2   1   1   82.5284603302   13360000000.0 
 12   3   3   3   1   6   4   4   3   1   82.6932758174     245200000.0 
 12   3   3   1   1   6   4   4   1   1   82.6872210539     246700000.0 
 12   3   3   3   1   7   2   2   3   1   127.223958425    8631000000.0 
 12   3   3   1   1   7   2   2   1   1   127.692953816    8934000000.0 
 12   3   3   3   1   7   4   4   3   1   127.967172132     336300000.0 
 12   3   3   1   1   7   4   4   1   1   127.947297963     333900000.0 
 12   3   3   3   1   8   2   2   3   1   197.318757517    6099000000.0 
 12   3   3   1   1   8   2   2   1   1   198.023093879    6276000000.0 
 12   3   3   3   1   8   4   4   3   1   198.506673843     407600000.0 
 12   3   3   1   1   8   4   4   1   1   198.447732884     401700000.0 
 12   3   3   3   1   9   2   2   3   1   317.014453489    4441000000.0 
 12   3   3   1   1   9   2   2   1   1   318.142054133    4549000000.0 
 12   3   3   3   1   9   4   4   3   1   319.104375727     470700000.0 
 12   3   3   1   1   9   4   4   1   1   318.930590859     462200000.0 
 12   3   3   3   1  10   2   2   3   1    559.62237855    3363000000.0 
 12   3   3   1   1  10   2   2   1   1    561.93179024    3432000000.0 
 12   3   3   3   1  10   4   4   3   1   564.346343479     541100000.0 
 12   3   3   1   1  10   4   4   1   1   563.754855217     529600000.0 
 12   3   3   3   1  11   2   2   3   1   1289.42082733    2516000000.0 
 12   3   3   1   1  11   2   2   1   1    1297.4909583    2569000000.0 
 12   3   3   3   1  11   4   4   3   1   1308.25371542     626400000.0 
 12   3   3   1   1  11   4   4   1   1    1304.8924706     611000000.0 
 12   4   4   3   1   4   3   3   3   1   30.9717604438   22550000000.0 
 12   4   4   1   1   4   3   3   1   1   31.0152562114   22740000000.0 
 12   4   4   3   1   5   3   3   3   1   52.0462956274   19790000000.0 
 12   4   4   1   1   5   3   3   1   1   52.1234447572   19890000000.0 
 12   4   4   3   1   6   3   3   3   1   82.5793544272   14590000000.0 
 12   4   4   1   1   6   3   3   1   1   82.6987372417   14640000000.0 
 12   4   4   3   1   7   3   3   3   1   127.778088919   10550000000.0 
 12   4   4   1   1   7   3   3   1   1   127.961972633   10590000000.0 
 12   4   4   3   1   7   5   5   3   1    127.94896504     108000000.0 
 12   4   4   1   1   7   5   5   1   1    127.94468317     107500000.0 
 12   4   4   3   1   8   3   3   3   1    198.17133596    7744000000.0 
 12   4   4   1   1   8   3   3   1   1   198.468900084    7775000000.0 
 12   4   4   3   1   8   5   5   3   1   198.454495759     173500000.0 
 12   4   4   1   1   8   5   5   1   1   198.444076818     172700000.0 
 12   4   4   3   1   9   3   3   3   1   318.435764341    5793000000.0 
 12   4   4   1   1   9   3   3   1   1   318.965546537    5820000000.0 
 12   4   4   3   1   9   5   5   3   1   318.953373079     242700000.0 
 12   4   4   1   1   9   5   5   1   1    318.92588364     241700000.0 
 12   4   4   3   1  10   3   3   3   1   562.646329499    4409000000.0 
 12   4   4   1   1  10   3   3   1   1   563.833616016    4437000000.0 
 12   4   4   3   1  10   5   5   3   1   563.837910077     323100000.0 
 12   4   4   1   1  10   5   5   1   1   563.750225692     321800000.0 
 12   4   4   3   1  11   3   3   3   1   1300.55771909    3299000000.0 
 12   4   4   1   1  11   3   3   1   1   1305.21988667    3332000000.0 
 12   4   4   3   1  11   5   5   3   1   1305.38343614     425600000.0 
 12   4   4   1   1  11   5   5   1   1    1304.9053437     424000000.0 
 12   5   5   3   1   5   4   4   3   1   52.1097635912   10880000000.0 
 12   5   5   1   1   5   4   4   1   1   52.1139837892   10860000000.0 
 12   5   5   3   1   6   4   4   3   1   82.6782396167   12290000000.0 
 12   5   5   1   1   6   4   4   1   1   82.6881431673   12280000000.0 
 12   5   5   3   1   7   4   4   3   1   127.931168059   10700000000.0 
 12   5   5   1   1   7   4   4   1   1   127.949505827   10700000000.0 
 12   5   5   3   1   8   4   4   3   1   198.420050017    8679000000.0 
 12   5   5   1   1   8   4   4   1   1   198.453044255    8676000000.0 
 12   5   5   3   1   9   4   4   3   1   318.880587346    6893000000.0 
 12   5   5   1   1   9   4   4   1   1   318.944309584    6893000000.0 
 12   5   5   3   1   9   6   6   3   1    318.93246191     110800000.0 
 12   5   5   1   1   9   6   6   1   1   318.930715663     110900000.0 
 12   5   5   3   1  10   4   4   3   1   563.646776282    5434000000.0 
 12   5   5   1   1  10   4   4   1   1   563.797721547    5436000000.0 
 12   5   5   3   1  10   6   6   3   1   563.771339666     181800000.0 
 12   5   5   1   1  10   6   6   1   1   563.765870076     181800000.0 
 12   5   5   3   1  11   4   4   3   1   1304.50041874    4147000000.0 
 12   5   5   1   1  11   4   4   1   1   1305.12215345    4151000000.0 
 12   5   5   3   1  11   6   6   3   1   1305.02045911     284100000.0 
 12   5   5   1   1  11   6   6   1   1   1304.99102067     284000000.0 
 12   6   6   3   1   6   5   5   3   1    82.685694704    6048000000.0 
 12   6   6   1   1   6   5   5   1   1   82.6859191878    6048000000.0 
 12   6   6   3   1   7   5   5   3   1   127.945006924    8401000000.0 
 12   6   6   1   1   7   5   5   1   1   127.945668296    8401000000.0 
 12   6   6   3   1   8   5   5   3   1   198.444973732    8429000000.0 
 12   6   6   1   1   8   5   5   1   1   198.446446692    8428000000.0 
 12   6   6   3   1   9   5   5   3   1   318.928777941    7547000000.0 
 12   6   6   1   1   9   5   5   1   1   318.932004771    7546000000.0 
 12   6   6   3   1  10   5   5   3   1   563.761054089    6402000000.0 
 12   6   6   1   1  10   5   5   1   1    563.76935204    6401000000.0 
 12   6   6   3   1  10   7   7   3   1   563.767332306      90850000.0 
 12   6   6   1   1  10   7   7   1   1   563.767150381      90850000.0 
 12   6   6   3   1  11   5   5   3   1   1304.97155917    5108000000.0 
 12   6   6   1   1  11   5   5   1   1   1305.00782296    5108000000.0 
 12   6   6   3   1  11   7   7   3   1    1304.9993157     178900000.0 
 12   6   6   1   1  11   7   7   1   1   1304.99834184     178900000.0 
 12   7   7   3   1   7   6   6   3   1   127.945477291    3962000000.0 
 12   7   7   1   1   7   6   6   1   1   127.945485018    3962000000.0 
 12   7   7   3   1   8   6   6   3   1    198.44606703    6531000000.0 
 12   7   7   1   1   8   6   6   1   1   198.446095406    6531000000.0 
 12   7   7   3   1   9   6   6   3   1   318.931103224    7391000000.0 
 12   7   7   1   1   9   6   6   1   1   318.931182006    7391000000.0 
 12   7   7   3   1  10   6   6   3   1   563.767094192    7180000000.0 
 12   7   7   1   1  10   6   6   1   1   563.767327248    7180000000.0 
 12   7   7   3   1  10   8   8   3   1   563.767272769      36690000.0 
 12   7   7   1   1  10   8   8   1   1   563.767269246      36690000.0 
 12   7   7   3   1  11   6   6   3   1   1304.99771073    6234000000.0 
 12   7   7   1   1  11   6   6   1   1   1304.99882849    6234000000.0 
 12   7   7   3   1  11   8   8   3   1    1304.9985263     102000000.0 
 12   7   7   1   1  11   8   8   1   1   1304.99850742     102000000.0 
 12   8   8   3   1   8   7   7   3   1   198.446053629    3161000000.0 
 12   8   8   1   1   8   7   7   1   1   198.446053824    3161000000.0 
 12   8   8   3   1   9   7   7   3   1    318.93120576    6012000000.0 
 12   8   8   1   1   9   7   7   1   1   318.931206675    6012000000.0 
 12   8   8   3   1  10   7   7   3   1   563.767189828    7509000000.0 
 12   8   8   1   1  10   7   7   1   1   563.767193316    7509000000.0 
 12   8   8   3   1  11   7   7   3   1   1304.99855228    7559000000.0 
 12   8   8   1   1  11   7   7   1   1    1304.9985719    7559000000.0 
 12   8   8   3   1  11   9   9   3   1   1304.99846762      48760000.0 
 12   8   8   1   1  11   9   9   1   1   1304.99846743      48760000.0 
 12   9   9   3   1   9   8   8   3   1    318.93115957    3255000000.0 
 12   9   9   1   1   9   8   8   1   1   318.931159582    3255000000.0 
 12   9   9   3   1  10   8   8   3   1   563.767270327    6954000000.0 
 12   9   9   1   1  10   8   8   1   1   563.767270362    6954000000.0 
 12   9   9   3   1  11   8   8   3   1   1304.99851322    9120000000.0 
 12   9   9   1   1  11   8   8   1   1    1304.9985134    9120000000.0 
 12  10  10   3   1  10   9   9   3   1   563.767201199    4817000000.0 
 12  10  10   1   1  10   9   9   1   1   563.767201199    4817000000.0 
 12  10  10   3   1  11   9   9   3   1   1304.99851303   10960000000.0 
 12  10  10   1   1  11   9   9   1   1   1304.99851303   10960000000.0 
 12  11  11   3   1  11  10  10   3   1   1304.99851266   13130000000.0 
 12  11  11   1   1  11  10  10   1   1   1304.99851266   13130000000.0 
 13   0   0   3   1   2   1   1   3   1   6.71316642652   16250000000.0 
 13   0   0   1   1   2   1   1   1   1   6.86242204414    1478000000.0 
 13   0   0   3   1   3   1   1   3   1   15.9757894933    6992000000.0 
 13   0   0   1   1   3   1   1   1   1   16.0455937781   15690000000.0 
 13   0   0   3   1   4   1   1   3   1   29.9047682589    6867000000.0 
 13   0   0   1   1   4   1   1   1   1   29.9858763473   10760000000.0 
 13   0   0   3   1   5   1   1   3   1   49.8361656535    5672000000.0 
 13   0   0   1   1   5   1   1   1   1   49.9357706367    7514000000.0 
 13   0   0   3   1   6   1   1   3   1   77.9040217204    4574000000.0 
 13   0   0   1   1   6   1   1   1   1   78.0255293597    5524000000.0 
 13   0   0   3   1   7   1   1   3   1   117.773942069    3736000000.0 
 13   0   0   1   1   7   1   1   1   1   117.917887429    4255000000.0 
 13   0   0   3   1   8   1   1   3   1   176.158621502    3124000000.0 
 13   0   0   1   1   8   1   1   1   1   176.318433359    3413000000.0 
 13   0   0   3   1   9   1   1   3   1   266.674732488    2418000000.0 
 13   0   0   1   1   9   1   1   1   1   266.796830207    2571000000.0 
 13   0   0   3   1  10   1   1   3   1   421.230464621    2213000000.0 
 13   0   0   1   1  10   1   1   1   1   421.202855592    2288000000.0 
 13   0   0   3   1  11   1   1   3   1   736.903919296    2070000000.0 
 13   0   0   1   1  11   1   1   1   1   736.147865638    2091000000.0 
 13   0   0   3   1  12   1   1   3   1   1711.79806869    1978000000.0 
 13   0   0   1   1  12   1   1   1   1   1705.23486435    1950000000.0 
 13   1   1   1   1   2   0   0   1   1    6.5916076561       2.938e+11 
 13   1   1   3   1   3   0   0   3   1   15.5830966081   13340000000.0 
 13   1   1   1   1   3   0   0   1   1   15.7718237953   32900000000.0 
 13   1   1   3   1   3   2   2   3   1   16.1989615976     144400000.0 
 13   1   1   1   1   3   2   2   1   1    16.381015268    6355000000.0 
 13   1   1   3   1   4   0   0   3   1   29.3443118781    7892000000.0 
 13   1   1   1   1   4   0   0   1   1   29.5561986738   13840000000.0 
 13   1   1   3   1   4   2   2   3   1   30.2175591935     508300000.0 
 13   1   1   1   1   4   2   2   1   1   30.4110961226    3955000000.0 
 13   1   1   3   1   5   0   0   3   1   49.0344671665    4937000000.0 
 13   1   1   1   1   5   0   0   1   1   49.3019465079    7318000000.0 
 13   1   1   3   1   5   2   2   3   1   50.2532767372    1029000000.0 
 13   1   1   1   1   5   2   2   1   1   50.4903304271    2827000000.0 
 13   1   1   3   1   6   0   0   3   1   76.7397411849    3309000000.0 
 13   1   1   1   1   6   0   0   1   1   77.0914403677    4432000000.0 
 13   1   1   3   1   6   2   2   3   1   78.4444755618    1183000000.0 
 13   1   1   1   1   6   2   2   1   1   78.7505218381    2178000000.0 
 13   1   1   3   1   7   0   0   3   1   116.024590775    2350000000.0 
 13   1   1   1   1   7   0   0   1   1   116.502354568    2940000000.0 
 13   1   1   3   1   7   2   2   3   1   118.459072984    1182000000.0 
 13   1   1   1   1   7   2   2   1   1     118.8695671    1766000000.0 
 13   1   1   3   1   8   0   0   3   1   173.381286744    1750000000.0 
 13   1   1   1   1   8   0   0   1   1   174.058326065    2083000000.0 
 13   1   1   3   1   8   2   2   3   1   177.006147422    1127000000.0 
 13   1   1   1   1   8   2   2   1   1   177.581647494    1485000000.0 
 13   1   1   3   1   9   0   0   3   1    261.89953513    1252000000.0 
 13   1   1   1   1   9   0   0   1   1   262.857641986    1436000000.0 
 13   1   1   3   1   9   2   2   3   1   267.665257844     953400000.0 
 13   1   1   1   1   9   2   2   1   1   268.489066472    1162000000.0 
 13   1   1   3   1  10   0   0   3   1   411.812781804    1027000000.0 
 13   1   1   1   1  10   0   0   1   1   413.411046951    1138000000.0 
 13   1   1   3   1  10   2   2   3   1   422.208390682     951500000.0 
 13   1   1   1   1  10   2   2   1   1   423.572324046    1084000000.0 
 13   1   1   3   1  11   0   0   3   1   713.300547264     857600000.0 
 13   1   1   1   1  11   0   0   1   1   716.573985461     924200000.0 
 13   1   1   3   1  11   2   2   3   1   736.853761743     955400000.0 
 13   1   1   1   1  11   2   2   1   1   739.636890686    1038000000.0 
 13   1   1   3   1  12   0   0   3   1   1606.20045483     702200000.0 
 13   1   1   1   1  12   0   0   1   1   1617.50669993     741500000.0 
 13   1   1   3   1  12   2   2   3   1   1700.25612536     969400000.0 
 13   1   1   1   1  12   2   2   1   1    1710.0750384    1018000000.0 
 13   2   2   3   1   2   1   1   3   1   6.71194884781       1.238e+11 
 13   2   2   1   1   2   1   1   1   1    6.8611843354       1.048e+11 
 13   2   2   3   1   3   1   1   3   1   15.9688957008   38260000000.0 
 13   2   2   1   1   3   1   1   1   1   16.0388287378   49280000000.0 
 13   2   2   3   1   4   1   1   3   1   29.8806219325   18750000000.0 
 13   2   2   1   1   4   1   1   1   1   29.9622588844   22680000000.0 
 13   2   2   1   1   4   3   3   1   1   30.4545185106     444800000.0 
 13   2   2   3   1   5   1   1   3   1   49.7691423591   10620000000.0 
 13   2   2   1   1   5   1   1   1   1   49.8703076601   12260000000.0 
 13   2   2   3   1   5   3   3   3   1   50.4963377897     353500000.0 
 13   2   2   1   1   5   3   3   1   1   50.5589860273     705300000.0 
 13   2   2   3   1   6   1   1   3   1   77.7403674056    6648000000.0 
 13   2   2   1   1   6   1   1   1   1   77.8658217757    7429000000.0 
 13   2   2   3   1   6   3   3   3   1   78.7443904665     483300000.0 
 13   2   2   1   1   6   3   3   1   1   78.8286936796     710300000.0 
 13   2   2   3   1   7   1   1   3   1   117.400314027    4480000000.0 
 13   2   2   1   1   7   1   1   1   1   117.553505175    4883000000.0 
 13   2   2   3   1   7   3   3   3   1   118.823821086     544700000.0 
 13   2   2   1   1   7   3   3   1   1   118.927634271     686700000.0 
 13   2   2   3   1   8   1   1   3   1   175.324044568    3196000000.0 
 13   2   2   1   1   8   1   1   1   1   175.504986617    3411000000.0 
 13   2   2   3   1   8   3   3   3   1   177.434218264     571700000.0 
 13   2   2   1   1   8   3   3   1   1   177.549700966     658600000.0 
 13   2   2   3   1   9   1   1   3   1   264.766785238    2252000000.0 
 13   2   2   1   1   9   1   1   1   1   264.938734552    2364000000.0 
 13   2   2   3   1   9   3   3   3   1   268.089054024     563200000.0 
 13   2   2   1   1   9   3   3   1   1   268.183669525     614800000.0 
 13   2   2   3   1  10   1   1   3   1    416.48973628    1770000000.0 
 13   2   2   1   1  10   1   1   1   1   416.590291684    1825000000.0 
 13   2   2   3   1  10   3   3   3   1   422.463490537     583500000.0 
 13   2   2   1   1  10   3   3   1   1   422.435403516     610300000.0 
 13   2   2   3   1  11   1   1   3   1   722.516606266    1422000000.0 
 13   2   2   1   1  11   1   1   1   1   722.172980799    1441000000.0 
 13   2   2   3   1  11   3   3   3   1   736.022603852     610800000.0 
 13   2   2   1   1  11   3   3   1   1   735.398261694     618800000.0 
 13   2   2   3   1  12   1   1   3   1    1636.1168957    1127000000.0 
 13   2   2   1   1  12   1   1   1   1   1632.07606912    1119000000.0 
 13   2   2   3   1  12   3   3   3   1   1689.97866563     648200000.0 
 13   2   2   1   1  12   3   3   1   1   1684.71031284     638700000.0 
 13   3   3   3   1   3   2   2   3   1   16.1949636786   35340000000.0 
 13   3   3   1   1   3   2   2   1   1   16.3769861489   49430000000.0 
 13   3   3   3   1   4   2   2   3   1   30.2036505219   23590000000.0 
 13   3   3   1   1   4   2   2   1   1    30.397212553   28970000000.0 
 13   3   3   3   1   5   2   2   3   1   50.2148208232   14680000000.0 
 13   3   3   1   1   5   2   2   1   1   50.4520724036   17000000000.0 
 13   3   3   3   1   6   2   2   3   1   78.3508115623    9516000000.0 
 13   3   3   1   1   6   2   2   1   1    78.657490593   10650000000.0 
 13   3   3   3   1   6   4   4   3   1   78.8040667393     175200000.0 
 13   3   3   1   1   6   4   4   1   1   78.8016943493     185500000.0 
 13   3   3   3   1   7   2   2   3   1    118.24561117    6485000000.0 
 13   3   3   1   1   7   2   2   1   1       118.65773    7090000000.0 
 13   3   3   3   1   7   4   4   3   1   118.887362766     239000000.0 
 13   3   3   1   1   7   4   4   1   1   118.877323129     245500000.0 
 13   3   3   3   1   8   2   2   3   1   176.529964715    4618000000.0 
 13   3   3   1   1   8   2   2   1   1   177.109285748    4964000000.0 
 13   3   3   3   1   8   4   4   3   1   177.480155032     285600000.0 
 13   3   3   1   1   8   4   4   1   1    177.44888953     288400000.0 
 13   3   3   3   1   9   2   2   3   1   266.577873839    3324000000.0 
 13   3   3   1   1   9   2   2   1   1   267.410763517    3524000000.0 
 13   3   3   3   1   9   4   4   3   1   268.054140884     321700000.0 
 13   3   3   1   1   9   4   4   1   1   267.967649027     321700000.0 
 13   3   3   3   1  10   2   2   3   1   419.509190002    2560000000.0 
 13   3   3   1   1  10   2   2   1   1   420.894781238    2681000000.0 
 13   3   3   3   1  10   4   4   3   1   422.158193785     358200000.0 
 13   3   3   1   1  10   4   4   1   1   421.916728622     355400000.0 
 13   3   3   3   1  11   2   2   3   1   728.671377852    2013000000.0 
 13   3   3   1   1  11   2   2   1   1   731.510930494    2087000000.0 
 13   3   3   3   1  11   4   4   3   1   734.647798539     401000000.0 
 13   3   3   1   1  11   4   4   1   1   733.857719723     395500000.0 
 13   3   3   3   1  12   2   2   3   1   1657.31376413    1560000000.0 
 13   3   3   1   1  12   2   2   1   1   1667.25447609    1606000000.0 
 13   3   3   3   1  12   4   4   3   1   1681.10077321     454700000.0 
 13   3   3   1   1  12   4   4   1   1   1676.74276013     445400000.0 
 13   4   4   3   1   4   3   3   3   1   30.4100422364   16560000000.0 
 13   4   4   1   1   4   3   3   1   1   30.4520292491   17430000000.0 
 13   4   4   3   1   5   3   3   3   1   50.4794016578   14840000000.0 
 13   4   4   1   1   5   3   3   1   1   50.5521257712   15340000000.0 
 13   4   4   3   1   6   3   3   3   1   78.7032137002   10990000000.0 
 13   4   4   1   1   6   3   3   1   1   78.8120181617   11270000000.0 
 13   4   4   3   1   7   3   3   3   1   118.730085512    7988000000.0 
 13   4   4   1   1   7   3   3   1   1   118.889682723    8144000000.0 
 13   4   4   3   1   7   5   5   3   1   118.877604879      75970000.0 
 13   4   4   1   1   7   5   5   1   1   118.874757799      75630000.0 
 13   4   4   3   1   8   3   3   3   1   177.225287106    5884000000.0 
 13   4   4   1   1   8   3   3   1   1   177.465127229    5979000000.0 
 13   4   4   3   1   8   5   5   3   1   177.451718017     119000000.0 
 13   4   4   1   1   8   5   5   1   1   177.445279729     118500000.0 
 13   4   4   3   1   9   3   3   3   1    267.61237568    4409000000.0 
 13   4   4   1   1   9   3   3   1   1   267.990759543    4469000000.0 
 13   4   4   3   1   9   5   5   3   1   267.977850664     160900000.0 
 13   4   4   1   1   9   5   5   1   1   267.962760373     160400000.0 
 13   4   4   3   1  10   3   3   3   1   421.280990422    3392000000.0 
 13   4   4   1   1  10   3   3   1   1   421.956959624    3434000000.0 
 13   4   4   3   1  10   5   5   3   1   421.948665451     204800000.0 
 13   4   4   1   1  10   5   5   1   1    421.91025432     204100000.0 
 13   4   4   3   1  11   3   3   3   1   732.440783364    2649000000.0 
 13   4   4   1   1  11   3   3   1   1   733.949518727    2680000000.0 
 13   4   4   3   1  11   5   5   3   1   733.968856978     256500000.0 
 13   4   4   1   1  11   5   5   1   1   733.850049026     255600000.0 
 13   4   4   3   1  12   3   3   3   1   1671.21346151    2032000000.0 
 13   4   4   1   1  12   3   3   1   1   1677.12639568    2058000000.0 
 13   4   4   3   1  12   5   5   3   1   1677.37855556     322500000.0 
 13   4   4   1   1  12   5   5   1   1   1676.74713654     321400000.0 
 13   5   5   3   1   5   4   4   3   1   50.5392194607    8032000000.0 
 13   5   5   1   1   5   4   4   1   1   50.5431971242    8036000000.0 
 13   5   5   3   1   6   4   4   3   1   78.7933106663    9089000000.0 
 13   5   5   1   1   6   4   4   1   1   78.8023248406    9102000000.0 
 13   5   5   3   1   7   4   4   3   1   118.862883538    7929000000.0 
 13   5   5   1   1   7   4   4   1   1   118.878757984    7936000000.0 
 13   5   5   3   1   8   4   4   3   1   177.425606652    6444000000.0 
 13   5   5   1   1   8   4   4   1   1    177.45208665    6449000000.0 
 13   5   5   3   1   9   4   4   3   1   267.929729767    5138000000.0 
 13   5   5   1   1   9   4   4   1   1   267.974939925    5142000000.0 
 13   5   5   3   1   9   6   6   3   1   267.966350651      69500000.0 
 13   5   5   1   1   9   6   6   1   1    267.96534357      69510000.0 
 13   5   5   3   1  10   4   4   3   1    421.84969836    4092000000.0 
 13   5   5   1   1  10   4   4   1   1   421.934803552    4095000000.0 
 13   5   5   3   1  10   6   6   3   1   421.919468193     107800000.0 
 13   5   5   1   1  10   6   6   1   1   421.916964173     107800000.0 
 13   5   5   3   1  11   4   4   3   1   733.714067514    3260000000.0 
 13   5   5   1   1  11   4   4   1   1   733.912403765    3264000000.0 
 13   5   5   3   1  11   6   6   3   1   733.878552613     157400000.0 
 13   5   5   1   1  11   6   6   1   1    733.87093544     157400000.0 
 13   5   5   3   1  12   4   4   3   1   1676.21941839    2525000000.0 
 13   5   5   1   1  12   4   4   1   1   1677.02826357    2528000000.0 
 13   5   5   3   1  12   6   6   3   1   1676.89903839     226700000.0 
 13   5   5   1   1  12   6   6   1   1   1676.85903222     226600000.0 
 13   6   6   3   1   6   5   5   3   1   78.8000956361    4267000000.0 
 13   6   6   1   1   6   5   5   1   1   78.8003000109    4267000000.0 
 13   6   6   3   1   7   5   5   3   1   118.874861928    5937000000.0 
 13   6   6   1   1   7   5   5   1   1   118.875433976    5937000000.0 
 13   6   6   3   1   8   5   5   3   1   177.445606157    5972000000.0 
 13   6   6   1   1   8   5   5   1   1   177.446786376    5971000000.0 
 13   6   6   3   1   9   5   5   3   1   267.963912578    5372000000.0 
 13   6   6   1   1   9   5   5   1   1   267.966196215    5371000000.0 
 13   6   6   3   1  10   5   5   3   1   421.914110396    4609000000.0 
 13   6   6   1   1  10   5   5   1   1   421.918772123    4609000000.0 
 13   6   6   3   1  10   7   7   3   1   421.917626754      49570000.0 
 13   6   6   1   1  10   7   7   1   1   421.917539004      49570000.0 
 13   6   6   3   1  11   5   5   3   1   733.864307635    3852000000.0 
 13   6   6   1   1  11   5   5   1   1    733.87581868    3851000000.0 
 13   6   6   3   1  11   7   7   3   1   733.873085535      89550000.0 
 13   6   6   1   1  11   7   7   1   1   733.872820348      89550000.0 
 13   6   6   3   1  12   5   5   3   1   1676.83261079    3069000000.0 
 13   6   6   1   1  12   5   5   1   1   1676.88167569    3069000000.0 
 13   6   6   3   1  12   7   7   3   1   1676.87016966     153300000.0 
 13   6   6   1   1  12   7   7   1   1   1676.86878388     153300000.0 
 13   7   7   3   1   7   6   6   3   1   118.875268771    2601000000.0 
 13   7   7   1   1   7   6   6   1   1   118.875275452    2601000000.0 
 13   7   7   3   1   8   6   6   3   1   177.446482099    4300000000.0 
 13   7   7   1   1   8   6   6   1   1   177.446504811    4300000000.0 
 13   7   7   3   1   9   6   6   3   1   267.965558151    4892000000.0 
 13   7   7   1   1   9   6   6   1   1   267.965613821    4892000000.0 
 13   7   7   3   1  10   6   6   3   1   421.917503489    4812000000.0 
 13   7   7   1   1  10   6   6   1   1   421.917634158    4812000000.0 
 13   7   7   3   1  11   6   6   3   1   733.872608529    4385000000.0 
 13   7   7   1   1  11   6   6   1   1   733.872962427    4385000000.0 
 13   7   7   3   1  11   8   8   3   1   733.872866447      44960000.0 
 13   7   7   1   1  11   8   8   1   1   733.872860891      44960000.0 
 13   7   7   3   1  12   6   6   3   1   1676.86800381    3697000000.0 
 13   7   7   1   1  12   6   6   1   1   1676.86961516    3697000000.0 
 13   7   7   3   1  12   8   8   3   1   1676.86926432      97300000.0 
 13   7   7   1   1  12   8   8   1   1   1676.86923531      97300000.0 
 13   8   8   3   1   8   7   7   3   1   177.446472199    1861000000.0 
 13   8   8   1   1   8   7   7   1   1   177.446472355    1861000000.0 
 13   8   8   3   1   9   7   7   3   1   267.965632394    3559000000.0 
 13   8   8   1   1   9   7   7   1   1    267.96563304    3559000000.0 
 13   8   8   3   1  10   7   7   3   1   421.917561664    4504000000.0 
 13   8   8   1   1  10   7   7   1   1   421.917563617    4504000000.0 
 13   8   8   3   1  11   7   7   3   1    733.87288861    4768000000.0 
 13   8   8   1   1  11   7   7   1   1   733.872894815    4768000000.0 
 13   8   8   3   1  12   7   7   3   1   1676.86914151    4426000000.0 
 13   8   8   1   1  12   7   7   1   1   1676.86917267    4426000000.0 
 13   8   8   3   1  12   9   9   3   1   1676.86916311      55860000.0 
 13   8   8   1   1  12   9   9   1   1    1676.8691628      55860000.0 
 13   9   9   3   1   9   8   8   3   1   267.965597581    1619000000.0 
 13   9   9   1   1   9   8   8   1   1   267.965597589    1619000000.0 
 13   9   9   3   1  10   8   8   3   1   421.917601281    3506000000.0 
 13   9   9   1   1  10   8   8   1   1     421.9176013    3506000000.0 
 13   9   9   3   1  11   8   8   3   1   733.872859709    4841000000.0 
 13   9   9   1   1  11   8   8   1   1   733.872859768    4841000000.0 
 13   9   9   3   1  12   8   8   3   1   1676.86922914    5274000000.0 
 13   9   9   1   1  12   8   8   1   1   1676.86922945    5274000000.0 
 13   9   9   3   1  12  10  10   3   1   1676.86915416      26830000.0 
 13   9   9   1   1  12  10  10   1   1   1676.86915416      26830000.0 
 13  10  10   3   1  10   9   9   3   1   421.917563246    1818000000.0 
 13  10  10   1   1  10   9   9   1   1   421.917563246    1818000000.0 
 13  10  10   3   1  11   9   9   3   1   733.872861719    4357000000.0 
 13  10  10   1   1  11   9   9   1   1   733.872861719    4357000000.0 
 13  10  10   3   1  12   9   9   3   1   1676.86916249    6259000000.0 
 13  10  10   1   1  12   9   9   1   1   1676.86916249    6259000000.0 
 13  11  11   3   1  11  10  10   3   1    733.87286166    2935000000.0 
 13  11  11   1   1  11  10  10   1   1    733.87286166    2935000000.0 
 13  11  11   3   1  12  10  10   3   1   1676.86916403    7405000000.0 
 13  11  11   1   1  12  10  10   1   1   1676.86916403    7405000000.0 
 13  12  12   3   1  12  11  11   3   1   1676.86916373    8738000000.0 
 13  12  12   1   1  12  11  11   1   1   1676.86916373    8738000000.0 
100	0	0	0	0	0	0	0	0	0	1.0	1.0
# upper n l L (2S+1) Counter  lower  n l L (2S+1) Counter  Energy (Angstrom) Einstein A (s-1)
# File computed  using the RAP package (Witthoeft, 2011) using AUTOSTRUCTURE data 
# For the final state of Be-like Fe