2	0	1	1	0	0	7.872118E+00	1.57732E+05
2	1	0	1	0	0	7.757301E+00	2.75000E+13
2	1	0	2	0	0	1.327651E+03	5.44000E+07
2	1	0	2	0	1	5.318583E+02	2.27718E+06
2	1	1	1	0	0	7.805306E+00	7.39693E+10
2	1	1	2	0	1	9.196558E+02	4.72144E+08
3	0	0	2	1	0	4.631396E+01	1.56000E+11
3	0	0	2	1	1	4.467358E+01	1.09083E+09
3	0	1	2	0	1	4.315177E+01	8.45859E+01
3	0	1	2	1	1	4.527621E+01	1.77117E+11
3	1	0	1	0	0	6.634757E+00	7.61000E+12
3	1	0	2	0	0	4.431876E+01	4.52000E+11
3	1	0	2	1	0	4.584927E+01	7.11591E+07
3	1	0	3	0	0	4.569549E+03	7.99000E+06
3	1	0	3	2	0	2.652520E+04	5.06000E+04
3	1	1	1	0	0	6.644327E+00	2.35942E+10
3	1	1	2	0	0	4.474926E+01	1.55593E+09
3	1	1	2	0	1	4.260081E+01	4.72000E+11
3	1	1	2	1	1	4.467004E+01	7.50528E+07
3	1	1	3	0	1	3.336559E+03	2.14000E+07
3	2	0	2	1	0	4.592865E+01	1.33000E+12
3	2	1	2	1	1	4.433627E+01	1.42035E+12
3	2	1	3	1	1	5.933638E+03	1.77000E+06
4	0	0	2	1	0	3.403942E+01	6.34000E+10
4	0	0	2	1	1	3.314492E+01	4.45730E+08
4	0	0	3	1	0	1.321510E+02	4.39000E+10
4	0	0	3	1	1	1.284658E+02	1.15019E+08
4	0	1	2	1	1	3.327794E+01	6.93903E+10
4	0	1	3	1	1	1.304875E+02	5.24000E+09
4	1	0	1	0	0	6.313901E+00	3.13000E+12
4	1	0	2	0	0	3.308730E+01	1.98000E+11
4	1	0	2	1	0	3.393296E+01	3.06624E+07
4	1	0	3	0	0	1.269340E+02	6.06000E+10
4	1	0	3	2	0	1.299213E+02	6.85000E+09
4	1	0	4	0	0	1.084952E+04	2.00000E+06
4	1	0	4	2	0	6.724950E+04	1.33000E+04
4	1	1	1	0	0	6.317455E+00	1.03123E+10
4	1	1	2	0	0	3.318512E+01	6.80049E+08
4	1	1	2	0	1	3.198876E+01	2.07000E+11
4	1	1	2	1	1	3.314154E+01	3.21949E+07
4	1	1	3	0	0	1.283859E+02	2.03901E+08
4	1	1	3	0	1	1.236559E+02	6.13000E+10
4	1	1	3	2	1	1.312557E+02	8.35000E+07
4	1	1	4	0	1	8.085600E+03	5.08000E+06
4	2	0	2	1	0	3.395009E+01	4.20000E+11
4	2	0	3	1	0	1.308147E+02	1.47000E+11
4	2	1	2	1	1	3.306520E+01	4.32662E+11
4	2	1	3	1	1	1.272765E+02	8.13000E+10
4	2	1	4	1	1	1.435448E+04	5.42000E+05
4	3	0	3	2	0	1.301502E+02	2.85596E+11
4	3	0	4	2	0	7.518797E+05	4.30687E+03
4	3	1	3	2	1	1.299669E+02	2.85596E+11
4	3	1	4	2	1	1.698177E+05	1.34147E+03
5	0	0	2	1	0	3.032876E+01	3.18000E+10
5	0	0	2	1	1	2.961661E+01	2.22631E+08
5	0	0	3	1	0	8.959450E+01	2.15000E+10
5	0	0	3	1	1	8.788528E+01	5.74492E+07
5	0	0	4	1	0	2.855405E+02	1.53000E+10
5	0	0	4	1	1	2.784566E+02	4.44738E+07
5	0	1	2	1	1	2.966990E+01	3.28660E+10
5	0	1	3	1	1	8.835624E+01	2.53000E+09
5	0	1	4	1	1	2.832401E+02	1.80000E+09
5	1	0	1	0	0	6.175517E+00	1.59000E+12
5	1	0	2	0	0	2.961020E+01	1.02000E+11
5	1	0	2	1	0	3.028565E+01	1.56932E+07
5	1	0	3	0	0	8.751065E+01	3.28000E+10
5	1	0	3	2	0	8.892019E+01	2.95000E+09
5	1	0	4	0	0	2.746317E+02	1.44000E+10
5	1	0	4	2	0	2.805883E+02	3.76000E+09
5	1	0	5	0	0	2.130379E+04	6.56000E+05
5	1	0	5	2	0	1.367989E+05	4.32000E+03
5	1	1	1	0	0	6.177236E+00	5.42682E+09
5	1	1	2	0	0	2.964974E+01	3.57874E+08
5	1	1	2	0	1	2.869103E+01	1.06000E+11
5	1	1	2	1	1	2.961494E+01	1.64456E+07
5	1	1	3	0	0	8.785692E+01	1.07302E+08
5	1	1	3	0	1	8.561583E+01	3.35000E+10
5	1	1	3	2	1	8.919140E+01	3.58000E+07
5	1	1	4	0	0	2.780710E+02	5.23321E+07
5	1	1	4	0	1	2.690484E+02	1.44000E+10
5	1	1	4	2	1	2.838118E+02	4.44000E+07
5	1	1	5	0	1	1.598636E+04	1.64000E+06
5	2	0	2	1	0	3.029235E+01	1.91000E+11
5	2	0	3	1	0	8.927750E+01	7.03000E+10
5	2	0	4	1	0	2.823455E+02	3.12000E+10
5	2	0	4	3	0	2.812702E+02	1.04555E+09
5	2	1	2	1	1	2.958394E+01	1.89562E+11
5	2	1	3	1	1	8.759819E+01	3.98000E+10
5	2	1	4	1	1	2.755949E+02	1.69000E+10
5	2	1	4	3	1	2.814554E+02	1.04555E+09
5	2	1	5	1	1	2.825817E+04	1.92000E+05
5	3	0	3	2	0	8.897217E+01	9.40834E+10
5	3	0	4	2	0	2.811065E+02	5.35320E+10
5	3	0	5	2	0	1.351351E+06	2.09482E+04
5	3	1	3	2	1	8.888644E+01	9.40834E+10
5	3	1	4	2	1	2.807468E+02	5.35320E+10
5	3	1	5	2	1	3.248159E+05	1.29060E+04
5	4	0	4	3	0	2.811587E+02	8.81186E+10
5	4	0	5	3	0	1.492537E+06	1.12327E-03
5	4	1	4	3	1	2.811587E+02	8.81186E+10
5	4	1	5	3	1	1.492537E+06	1.12327E-03
6	0	0	2	1	0	2.862800E+01	1.69801E+10
6	0	0	2	1	1	2.799264E+01	1.26256E+08
6	0	0	3	1	0	7.621815E+01	1.21239E+10
6	0	0	3	1	1	7.497767E+01	3.25800E+07
6	0	0	4	1	0	1.831178E+02	8.57668E+09
6	0	0	4	1	1	1.801783E+02	2.52216E+07
6	0	0	5	1	0	5.230414E+02	6.35542E+09
6	0	0	5	1	1	5.110042E+02	1.95251E+07
6	0	1	2	1	1	2.805548E+01	1.75873E+10
6	0	1	3	1	1	7.543019E+01	1.26128E+10
6	0	1	4	1	1	1.828138E+02	8.91017E+09
6	0	1	5	1	1	5.327882E+02	6.57208E+09
6	1	0	1	0	0	6.102820E+00	9.16000E+11
6	1	0	2	0	0	2.801036E+01	5.92000E+10
6	1	0	2	1	0	2.861405E+01	9.05834E+06
6	1	0	3	0	0	7.487210E+01	1.94000E+10
6	1	0	3	2	0	7.590150E+01	1.55000E+09
6	1	0	4	0	0	1.795277E+02	8.83000E+09
6	1	0	4	2	0	1.820542E+02	1.88000E+09
6	1	0	5	0	0	5.061062E+02	4.71000E+09
6	1	0	5	2	0	5.164649E+02	1.92000E+09
6	1	0	6	0	0	5.870086E+04	3.09498E+05
6	1	0	6	2	0	5.408757E+04	4.95219E+02
6	1	1	1	0	0	6.104485E+00	3.21175E+09
6	1	1	2	0	0	2.804547E+01	2.11800E+08
6	1	1	2	0	1	2.718619E+01	6.04677E+10
6	1	1	2	1	1	2.801433E+01	9.47600E+06
6	1	1	3	0	0	7.512348E+01	6.35046E+07
6	1	1	3	0	1	7.347885E+01	1.99264E+10
6	1	1	3	2	1	7.609703E+01	1.93592E+09
6	1	1	4	0	0	1.809798E+02	3.09716E+07
6	1	1	4	0	1	1.771141E+02	8.21446E+09
6	1	1	4	2	1	1.833942E+02	2.27179E+09
6	1	1	5	0	0	5.178188E+02	1.89737E+07
6	1	1	5	0	1	5.020515E+02	4.49855E+09
6	1	1	5	2	1	5.280148E+02	2.25949E+09
6	1	1	6	0	1	1.910006E+04	5.86436E+05
6	2	0	2	1	0	2.862919E+01	7.35020E+10
6	2	0	3	1	0	7.622659E+01	3.78465E+10
6	2	0	4	1	0	1.831666E+02	1.79922E+10
6	2	0	4	3	0	1.827134E+02	4.44296E+08
6	2	0	5	1	0	5.234392E+02	9.29971E+09
6	2	0	5	3	0	5.216453E+02	8.09472E+08
6	2	1	2	1	1	2.800452E+01	8.23769E+10
6	2	1	3	1	1	7.506296E+01	3.90242E+10
6	2	1	4	1	1	1.806716E+02	1.77478E+10
6	2	1	4	3	1	1.831720E+02	4.44296E+08
6	2	1	5	1	1	5.149922E+02	8.73395E+09
6	2	1	5	3	1	5.254004E+02	8.09472E+08
6	2	1	6	1	1	7.998214E+04	3.19752E+04
6	3	0	3	2	0	7.600894E+01	4.44517E+10
6	3	0	4	2	0	1.826735E+02	2.66578E+10
6	3	0	5	2	0	5.214805E+02	1.49811E+10
6	3	0	5	4	0	5.218643E+02	2.35570E+08
6	3	1	3	2	1	7.599203E+01	4.44517E+10
6	3	1	4	2	1	1.827855E+02	2.66578E+10
6	3	1	5	2	1	5.230006E+02	1.49811E+10
6	3	1	5	4	1	5.240280E+02	2.35570E+08
6	3	1	6	2	1	1.768434E+05	3.11633E-01
6	4	0	4	3	0	1.827205E+02	2.84350E+10
6	4	0	5	3	0	5.217028E+02	2.29027E+10
6	4	1	4	3	1	1.828745E+02	2.84350E+10
6	4	1	5	3	1	5.229599E+02	2.29027E+10
6	4	1	6	3	1	3.098645E+05	6.96624E-04
6	5	0	5	4	0	5.176734E+02	3.40701E+10
6	5	0	6	4	0	6.414418E+04	5.62431E-06
6	5	1	5	4	1	5.176734E+02	3.40701E+10
6	5	1	6	4	1	4.951068E+04	5.62431E-06
7	0	0	2	1	0	2.770989E+01	9.96370E+09
7	0	0	2	1	1	2.711420E+01	7.81593E+07
7	0	0	3	1	0	7.003977E+01	7.26459E+09
7	0	0	3	1	1	6.899086E+01	2.01688E+07
7	0	0	4	1	0	1.510954E+02	5.12933E+09
7	0	0	4	1	1	1.490885E+02	1.56135E+07
7	0	0	5	1	0	3.258111E+02	3.80121E+09
7	0	0	5	1	1	3.210994E+02	1.20871E+07
7	0	0	6	1	0	8.769366E+02	3.03864E+09
7	0	0	6	1	1	8.438636E+02	9.35711E+06
7	0	1	2	1	1	2.715395E+01	1.02963E+10
7	0	1	3	1	1	6.924877E+01	7.54599E+09
7	0	1	4	1	1	1.502981E+02	5.32217E+09
7	0	1	5	1	1	3.267636E+02	3.93010E+09
7	0	1	6	1	1	8.841403E+02	3.16383E+09
7	1	0	1	0	0	6.059794E+00	5.75000E+11
7	1	0	2	0	0	2.712637E+01	3.72000E+10
7	1	0	2	1	0	2.769217E+01	6.09026E+06
7	1	0	3	0	0	6.887275E+01	1.23000E+10
7	1	0	3	2	0	6.974284E+01	9.19000E+08
7	1	0	4	0	0	1.485092E+02	5.67000E+09
7	1	0	4	2	0	1.502338E+02	1.07000E+09
7	1	0	5	0	0	3.185434E+02	3.13000E+09
7	1	0	5	2	0	3.226160E+02	1.06000E+09
7	1	0	6	0	0	8.471306E+02	1.84970E+09
7	1	0	6	2	0	8.460892E+02	1.02339E+09
7	1	0	7	0	0	4.331496E+04	1.41504E+05
7	1	0	7	2	0	3.898696E+04	2.56449E+02
7	1	1	1	0	0	6.061357E+00	2.06127E+09
7	1	1	2	0	0	2.715771E+01	1.35932E+08
7	1	1	2	0	1	2.635119E+01	3.87718E+10
7	1	1	2	1	1	2.712852E+01	6.36611E+06
7	1	1	3	0	0	6.907515E+01	4.07567E+07
7	1	1	3	0	1	6.768223E+01	1.31992E+10
7	1	1	3	2	1	6.989739E+01	1.08733E+09
7	1	1	4	0	0	1.494535E+02	1.98773E+07
7	1	1	4	0	1	1.468074E+02	5.48756E+09
7	1	1	4	2	1	1.510961E+02	1.27486E+09
7	1	1	5	0	0	3.229196E+02	1.21772E+07
7	1	1	5	0	1	3.167167E+02	3.06990E+09
7	1	1	5	2	1	3.268556E+02	1.24716E+09
7	1	1	6	0	0	8.788030E+02	8.48116E+06
7	1	1	6	0	1	8.210692E+02	1.84582E+09
7	1	1	6	2	1	8.672534E+02	1.21528E+09
7	1	1	7	0	1	2.896353E+04	2.57946E+05
7	2	0	2	1	0	2.771185E+01	3.99657E+10
7	2	0	3	1	0	7.005234E+01	2.24935E+10
7	2	0	4	1	0	1.511540E+02	1.10382E+10
7	2	0	4	3	0	1.508453E+02	2.32803E+08
7	2	0	5	1	0	3.260834E+02	6.02011E+09
7	2	0	5	3	0	3.253863E+02	3.96044E+08
7	2	0	6	1	0	8.789120E+02	3.59650E+09
7	2	0	6	3	0	8.647577E+02	5.22774E+08
7	2	1	2	1	1	2.712234E+01	4.53762E+10
7	2	1	3	1	1	6.904355E+01	2.34298E+10
7	2	1	4	1	1	1.493347E+02	1.10458E+10
7	2	1	4	3	1	1.510389E+02	2.32803E+08
7	2	1	5	1	1	3.222440E+02	5.83430E+09
7	2	1	5	3	1	3.262885E+02	3.96044E+08
7	2	1	6	1	1	8.518144E+02	3.37315E+09
7	2	1	6	3	1	8.651963E+02	5.22774E+08
7	2	1	7	1	1	1.191001E+05	1.50236E+04
7	3	0	3	2	0	6.986900E+01	2.50021E+10
7	3	0	4	2	0	1.508205E+02	1.52034E+10
7	3	0	5	2	0	3.253336E+02	8.97131E+09
7	3	0	5	4	0	3.254829E+02	9.63389E+07
7	3	0	6	2	0	8.650392E+02	5.37331E+09
7	3	0	6	4	0	8.648811E+02	2.29967E+08
7	3	1	3	2	1	6.983777E+01	2.50021E+10
7	3	1	4	2	1	1.508178E+02	1.52034E+10
7	3	1	5	2	1	3.255559E+02	8.97131E+09
7	3	1	5	4	1	3.259537E+02	9.63389E+07
7	3	1	6	2	1	8.581630E+02	5.37331E+09
7	3	1	6	4	1	8.647543E+02	2.29967E+08
7	3	1	7	2	1	2.619171E+05	1.56925E-01
7	4	0	4	3	0	1.508539E+02	1.33777E+10
7	4	0	5	3	0	3.254266E+02	1.13542E+10
7	4	0	6	3	0	8.650427E+02	7.79576E+09
7	4	0	6	5	0	8.768089E+02	6.94751E+07
7	4	1	4	3	1	1.509021E+02	1.33777E+10
7	4	1	5	3	1	3.256507E+02	1.13542E+10
7	4	1	6	3	1	8.607259E+02	7.79576E+09
7	4	1	6	5	1	8.784373E+02	6.94751E+07
7	4	1	7	3	1	4.576885E+05	3.90707E-04
7	5	0	5	4	0	3.255071E+02	1.05371E+10
7	5	0	6	4	0	8.650526E+02	1.10253E+10
7	5	1	5	4	1	3.255716E+02	1.05371E+10
7	5	1	6	4	1	8.620702E+02	1.10253E+10
7	5	1	7	4	1	7.064442E+05	4.17118E-06
7	6	0	6	5	0	8.769268E+02	1.53440E+10
7	6	1	6	5	1	8.765836E+02	1.53440E+10
7	6	1	7	5	1	1.008193E+06	8.07486E-08
8	0	0	2	1	0	2.714362E+01	6.23188E+09
8	0	0	2	1	1	2.657179E+01	5.15902E+07
8	0	0	3	1	0	6.653155E+01	4.64932E+09
8	0	0	3	1	1	6.558438E+01	1.33127E+07
8	0	0	4	1	0	1.356632E+02	3.29174E+09
8	0	0	4	1	1	1.340431E+02	1.03059E+07
8	0	0	5	1	0	2.616346E+02	2.42293E+09
8	0	0	5	1	1	2.585876E+02	7.97826E+06
8	0	0	6	1	0	5.282079E+02	1.91648E+09
8	0	0	6	1	1	5.160261E+02	6.17630E+06
8	0	0	7	1	0	1.370287E+03	1.57063E+09
8	0	0	7	1	1	1.294803E+03	4.78134E+06
8	0	1	2	1	1	2.659880E+01	6.42755E+09
8	0	1	3	1	1	6.574916E+01	4.82349E+09
8	0	1	4	1	1	1.347332E+02	3.41202E+09
8	0	1	5	1	1	2.611684E+02	2.50335E+09
8	0	1	6	1	1	5.264066E+02	1.98785E+09
8	0	1	7	1	1	1.362205E+03	1.63125E+09
8	1	0	1	0	0	6.032188E+00	3.84000E+11
8	1	0	2	0	0	2.658179E+01	2.50000E+10
8	1	0	2	1	0	2.712487E+01	4.25235E+06
8	1	0	3	0	0	6.546743E+01	8.20000E+09
8	1	0	3	2	0	6.625311E+01	5.93000E+08
8	1	0	4	0	0	1.335322E+02	3.83000E+09
8	1	0	4	2	0	1.349249E+02	6.78000E+08
8	1	0	5	0	0	2.567704E+02	2.13000E+09
8	1	0	5	2	0	2.594101E+02	6.51000E+08
8	1	0	6	0	0	5.166102E+02	1.31398E+09
8	1	0	6	2	0	5.162227E+02	6.09376E+08
8	1	0	7	0	0	1.284808E+03	8.52182E+08
8	1	0	7	2	0	1.280591E+03	5.76280E+08
8	1	0	8	0	0	3.926820E+04	7.18364E+04
8	1	0	8	2	0	3.574647E+04	1.45022E+02
8	1	1	1	0	0	6.033627E+00	1.40376E+09
8	1	1	2	0	0	2.660976E+01	9.25715E+07
8	1	1	2	0	1	2.583500E+01	2.63830E+10
8	1	1	2	1	1	2.658174E+01	4.44260E+06
8	1	1	3	0	0	6.563739E+01	2.77560E+07
8	1	1	3	0	1	6.437840E+01	9.23830E+09
8	1	1	3	2	1	6.637938E+01	6.57376E+08
8	1	1	4	0	0	1.342412E+02	1.35368E+07
8	1	1	4	0	1	1.321025E+02	3.86914E+09
8	1	1	4	2	1	1.355650E+02	7.80155E+08
8	1	1	5	0	0	2.594048E+02	8.29284E+06
8	1	1	5	0	1	2.553868E+02	2.09798E+09
8	1	1	5	2	1	2.619386E+02	7.54549E+08
8	1	1	6	0	0	5.273859E+02	5.77580E+06
8	1	1	6	0	1	5.060325E+02	1.31608E+09
8	1	1	6	2	1	5.232044E+02	7.16611E+08
8	1	1	7	0	0	1.353590E+03	4.36035E+06
8	1	1	7	0	1	1.261417E+03	8.47486E+08
8	1	1	7	2	1	1.333623E+03	6.78994E+08
8	1	1	8	0	1	4.144339E+04	1.26633E+05
8	2	0	2	1	0	2.714547E+01	2.34662E+10
8	2	0	3	1	0	6.654265E+01	1.43502E+10
8	2	0	4	1	0	1.357094E+02	7.20895E+09
8	2	0	4	3	0	1.354605E+02	1.38912E+08
8	2	0	5	1	0	2.618065E+02	4.00027E+09
8	2	0	5	3	0	2.613569E+02	2.25443E+08
8	2	0	6	1	0	5.289088E+02	2.47839E+09
8	2	0	6	3	0	5.237499E+02	2.82102E+08
8	2	0	7	1	0	1.375014E+03	1.59210E+09
8	2	0	7	3	0	1.327745E+03	3.29990E+08
8	2	1	2	1	1	2.657753E+01	2.69602E+10
8	2	1	3	1	1	6.561936E+01	1.50600E+10
8	2	1	4	1	1	1.341893E+02	7.27750E+09
8	2	1	4	3	1	1.355637E+02	1.38912E+08
8	2	1	5	1	1	2.591323E+02	3.93036E+09
8	2	1	5	3	1	2.617413E+02	2.25443E+08
8	2	1	6	1	1	5.181996E+02	2.38797E+09
8	2	1	6	3	1	5.231218E+02	2.82102E+08
8	2	1	7	1	1	1.308575E+03	1.48152E+09
8	2	1	7	3	1	1.329830E+03	3.29990E+08
8	2	1	8	1	1	1.678793E+05	7.80933E+03
8	3	0	3	2	0	6.637720E+01	1.56155E+10
8	3	0	4	2	0	1.354405E+02	9.55018E+09
8	3	0	5	2	0	2.613228E+02	5.70359E+09
8	3	0	5	4	0	2.614192E+02	4.94713E+07
8	3	0	6	2	0	5.238529E+02	3.57454E+09
8	3	0	6	4	0	5.237949E+02	1.08472E+08
8	3	0	7	2	0	1.328597E+03	2.28072E+09
8	3	0	7	4	0	1.327925E+03	1.75420E+08
8	3	1	3	2	1	6.634117E+01	1.56155E+10
8	3	1	4	2	1	1.354057E+02	9.55018E+09
8	3	1	5	2	1	2.613446E+02	5.70359E+09
8	3	1	5	4	1	2.616009E+02	4.94713E+07
8	3	1	6	2	1	5.208397E+02	3.57454E+09
8	3	1	6	4	1	5.232603E+02	1.08472E+08
8	3	1	7	2	1	1.318366E+03	2.28072E+09
8	3	1	7	4	1	1.328883E+03	1.75420E+08
8	3	1	8	2	1	3.675110E+05	8.47304E-02
8	4	0	4	3	0	1.354675E+02	7.54582E+09
8	4	0	5	3	0	2.613829E+02	6.49311E+09
8	4	0	6	3	0	5.238541E+02	4.68582E+09
8	4	0	6	5	0	5.281461E+02	2.70449E+07
8	4	0	7	3	0	1.328414E+03	3.18154E+09
8	4	0	7	5	0	1.328010E+03	7.98640E+07
8	4	1	4	3	1	1.354851E+02	7.54582E+09
8	4	1	5	3	1	2.614483E+02	6.49311E+09
8	4	1	6	3	1	5.219527E+02	4.68582E+09
8	4	1	6	5	1	5.284134E+02	2.70449E+07
8	4	1	7	3	1	1.322301E+03	3.18154E+09
8	4	1	7	5	1	1.328626E+03	7.98640E+07
8	4	1	8	3	1	6.407320E+05	2.23168E-04
8	5	0	5	4	0	2.614348E+02	4.84334E+09
8	5	0	6	4	0	5.238577E+02	5.33968E+09
8	5	0	7	4	0	1.328328E+03	4.33296E+09
8	5	0	7	6	0	1.328058E+03	2.46483E+07
8	5	1	5	4	1	2.614249E+02	4.84334E+09
8	5	1	6	4	1	5.225567E+02	5.33968E+09
8	5	1	7	4	1	1.324354E+03	4.33296E+09
8	5	1	7	6	1	1.328590E+03	2.46483E+07
8	5	1	8	4	1	9.875860E+05	2.66176E-06
8	6	0	6	5	0	5.281889E+02	4.50646E+09
8	6	0	7	5	0	1.328281E+03	5.81238E+09
8	6	1	6	5	1	5.279328E+02	4.50646E+09
8	6	1	7	5	1	1.325592E+03	5.81238E+09
8	6	1	8	5	1	1.408086E+06	6.82976E-08
8	7	0	7	6	0	1.328252E+03	7.71540E+09
8	7	1	7	6	1	1.326412E+03	7.71540E+09
8	7	1	8	6	1	1.902229E+06	2.32378E-09
9	0	0	2	1	0	2.676762E+01	4.09466E+09
9	0	0	2	1	1	2.621135E+01	3.57628E+07
9	0	0	3	1	0	6.431707E+01	3.12786E+09
9	0	0	3	1	1	6.343149E+01	9.22850E+06
9	0	0	4	1	0	1.267636E+02	2.22689E+09
9	0	0	4	1	1	1.253479E+02	7.14417E+06
9	0	0	5	1	0	2.304343E+02	1.63425E+09
9	0	0	5	1	1	2.280674E+02	5.53060E+06
9	0	0	6	1	0	4.148170E+02	1.27645E+09
9	0	0	6	1	1	4.072667E+02	4.28147E+06
9	0	0	7	1	0	8.017438E+02	1.03746E+09
9	0	0	7	1	1	7.752988E+02	3.31447E+06
9	0	0	8	1	0	2.032350E+03	8.75996E+08
9	0	0	8	1	1	1.881142E+03	2.56587E+06
9	0	1	2	1	1	2.623066E+01	4.21629E+09
9	0	1	3	1	1	6.354470E+01	3.24178E+09
9	0	1	4	1	1	1.257908E+02	2.30632E+09
9	0	1	5	1	1	2.295379E+02	1.68736E+09
9	0	1	6	1	1	4.119795E+02	1.32172E+09
9	0	1	7	1	1	7.925581E+02	1.07360E+09
9	0	1	8	1	1	1.986083E+03	9.08032E+08
9	1	0	1	0	0	6.013403E+00	2.70000E+11
9	1	0	2	0	0	2.622085E+01	1.75000E+10
9	1	0	2	1	0	2.674914E+01	3.07101E+06
9	1	0	3	0	0	6.332072E+01	5.77000E+09
9	1	0	3	2	0	6.405543E+01	4.04000E+08
9	1	0	4	0	0	1.248957E+02	2.68000E+09
9	1	0	4	2	0	1.261133E+02	4.57000E+08
9	1	0	5	0	0	2.266351E+02	1.50000E+09
9	1	0	5	2	0	2.286890E+02	4.29000E+08
9	1	0	6	0	0	4.075734E+02	9.33427E+08
9	1	0	6	2	0	4.073322E+02	3.88874E+08
9	1	0	7	0	0	7.714997E+02	6.30418E+08
9	1	0	7	2	0	7.699773E+02	3.63309E+08
9	1	0	8	0	0	1.840550E+03	4.35546E+08
9	1	0	8	2	0	1.832090E+03	3.41950E+08
9	1	0	9	0	0	3.874662E+04	3.95042E+04
9	1	0	9	2	0	3.574179E+04	8.77129E+01
9	1	1	1	0	0	6.014715E+00	1.00029E+09
9	1	1	2	0	0	2.624582E+01	6.59647E+07
9	1	1	2	0	1	2.549180E+01	1.87868E+10
9	1	1	2	1	1	2.621855E+01	3.20720E+06
9	1	1	3	0	0	6.346653E+01	1.97784E+07
9	1	1	3	0	1	6.228870E+01	6.74392E+09
9	1	1	3	2	1	6.416000E+01	4.19553E+08
9	1	1	4	0	0	1.254643E+02	9.64604E+06
9	1	1	4	0	1	1.235942E+02	2.84281E+09
9	1	1	4	2	1	1.266199E+02	5.07511E+08
9	1	1	5	0	0	2.285142E+02	5.90932E+06
9	1	1	5	0	1	2.253904E+02	1.48281E+09
9	1	1	5	2	1	2.304782E+02	4.89804E+08
9	1	1	6	0	0	4.136912E+02	4.11573E+06
9	1	1	6	0	1	4.004365E+02	9.36004E+08
9	1	1	6	2	1	4.111139E+02	4.56564E+08
9	1	1	7	0	0	7.937181E+02	3.10710E+06
9	1	1	7	0	1	7.611064E+02	6.29370E+08
9	1	1	7	2	1	7.868104E+02	4.23533E+08
9	1	1	8	0	0	1.972261E+03	2.47709E+06
9	1	1	8	0	1	1.834033E+03	4.32031E+08
9	1	1	8	2	1	1.941142E+03	4.00515E+08
9	1	1	9	0	1	5.677470E+04	6.76093E+04
9	2	0	2	1	0	2.676917E+01	1.45702E+10
9	2	0	3	1	0	6.432605E+01	9.65188E+09
9	2	0	4	1	0	1.267985E+02	4.94815E+09
9	2	0	4	3	0	1.265811E+02	9.02839E+07
9	2	0	5	1	0	2.305496E+02	2.77404E+09
9	2	0	5	3	0	2.302009E+02	1.42160E+08
9	2	0	6	1	0	4.151907E+02	1.73272E+09
9	2	0	6	3	0	4.120051E+02	1.70846E+08
9	2	0	7	1	0	8.031409E+02	1.15192E+09
9	2	0	7	3	0	7.867801E+02	1.91444E+08
9	2	0	8	1	0	2.041351E+03	7.88759E+08
9	2	0	8	3	0	1.930176E+03	2.11279E+08
9	2	1	2	1	1	2.621552E+01	1.69302E+10
9	2	1	3	1	1	6.345592E+01	1.01910E+10
9	2	1	4	1	1	1.254434E+02	5.02643E+09
9	2	1	4	3	1	1.266437E+02	9.02839E+07
9	2	1	5	1	1	2.283837E+02	2.74811E+09
9	2	1	5	3	1	2.304078E+02	1.42160E+08
9	2	1	6	1	1	4.082761E+02	1.68965E+09
9	2	1	6	3	1	4.113254E+02	1.70846E+08
9	2	1	7	1	1	7.789652E+02	1.10030E+09
9	2	1	7	3	1	7.864479E+02	1.91444E+08
9	2	1	8	1	1	1.902873E+03	7.29591E+08
9	2	1	8	3	1	1.934822E+03	2.11279E+08
9	2	1	9	1	1	2.270778E+05	4.38497E+03
9	3	0	3	2	0	6.417130E+01	1.04667E+10
9	3	0	4	2	0	1.265632E+02	6.42019E+09
9	3	0	5	2	0	2.301729E+02	3.85214E+09
9	3	0	5	4	0	2.302476E+02	2.92148E+07
9	3	0	6	2	0	4.120638E+02	2.43923E+09
9	3	0	6	4	0	4.120279E+02	6.05361E+07
9	3	0	7	2	0	7.870609E+02	1.62358E+09
9	3	0	7	4	0	7.868250E+02	9.14094E+07
9	3	0	8	2	0	1.931864E+03	1.09319E+09
9	3	0	8	4	0	1.930448E+03	1.25560E+08
9	3	1	3	2	1	6.413357E+01	1.04667E+10
9	3	1	4	2	1	1.265170E+02	6.42019E+09
9	3	1	5	2	1	2.301375E+02	3.85214E+09
9	3	1	5	4	1	2.303362E+02	2.92148E+07
9	3	1	6	2	1	4.100311E+02	2.43923E+09
9	3	1	6	4	1	4.115298E+02	6.05361E+07
9	3	1	7	2	1	7.828539E+02	1.62358E+09
9	3	1	7	4	1	7.865502E+02	9.14094E+07
9	3	1	8	2	1	1.917237E+03	1.09319E+09
9	3	1	8	4	1	1.933106E+03	1.25560E+08
9	3	1	9	2	1	4.951547E+05	4.86330E-02
9	4	0	4	3	0	1.265865E+02	4.74106E+09
9	4	0	5	3	0	2.302186E+02	4.10270E+09
9	4	0	6	3	0	4.120617E+02	2.99793E+09
9	4	0	6	5	0	4.147126E+02	1.34587E+07
9	4	0	7	3	0	7.869865E+02	2.13395E+09
9	4	0	7	5	0	7.868446E+02	3.60565E+07
9	4	0	8	3	0	1.931419E+03	1.47890E+09
9	4	0	8	5	0	1.930566E+03	6.89118E+07
9	4	1	4	3	1	1.265927E+02	4.74106E+09
9	4	1	5	3	1	2.302391E+02	4.10270E+09
9	4	1	6	3	1	4.107880E+02	2.99793E+09
9	4	1	6	5	1	4.147793E+02	1.34587E+07
9	4	1	7	3	1	7.844858E+02	2.13395E+09
9	4	1	7	5	1	7.867079E+02	3.60565E+07
9	4	1	8	3	1	1.922990E+03	1.47890E+09
9	4	1	8	5	1	1.932553E+03	6.89118E+07
9	4	1	9	3	1	8.615468E+05	1.32506E-04
9	5	0	5	4	0	2.302583E+02	2.69739E+09
9	5	0	6	4	0	4.120621E+02	3.01475E+09
9	5	0	7	4	0	7.869496E+02	2.57287E+09
9	5	0	7	6	0	7.868546E+02	9.09288E+06
9	5	0	8	4	0	1.931198E+03	1.95579E+09
9	5	0	8	6	0	1.930626E+03	3.19975E+07
9	5	1	5	4	1	2.302347E+02	2.69739E+09
9	5	1	6	4	1	4.112058E+02	3.01475E+09
9	5	1	7	4	1	7.853674E+02	2.57287E+09
9	5	1	7	6	1	7.868551E+02	9.09288E+06
9	5	1	8	4	1	1.925977E+03	1.95579E+09
9	5	1	8	6	1	1.932389E+03	3.19975E+07
9	5	1	9	4	1	1.326316E+06	1.67581E-06
9	6	0	6	5	0	4.147359E+02	2.00365E+09
9	6	0	7	5	0	7.869282E+02	2.72281E+09
9	6	0	8	5	0	1.931070E+03	2.54974E+09
9	6	0	8	7	0	1.930659E+03	1.00127E+07
9	6	1	6	5	1	4.145587E+02	2.00365E+09
9	6	1	7	5	1	7.859145E+02	2.72281E+09
9	6	1	8	5	1	1.927772E+03	2.54974E+09
9	6	1	8	7	1	1.932376E+03	1.00127E+07
9	6	1	9	5	1	1.889477E+06	4.81274E-08
9	7	0	7	6	0	7.869146E+02	2.14422E+09
9	7	0	8	6	0	1.930988E+03	3.29108E+09
9	7	1	7	6	1	7.862852E+02	2.14422E+09
9	7	1	8	6	1	1.928955E+03	3.29108E+09
9	7	1	9	6	1	2.551033E+06	2.17364E-09
9	8	0	8	7	0	1.930932E+03	4.21675E+09
9	8	1	8	7	1	1.929788E+03	4.21675E+09
9	8	1	9	7	1	3.310995E+06	1.09809E-10
10	0	0	2	1	0	2.650430E+01	2.79820E+09
10	0	0	2	1	1	2.595881E+01	2.57680E+07
10	0	0	3	1	0	6.281751E+01	2.18852E+09
10	0	0	3	1	1	6.197247E+01	6.64936E+06
10	0	0	4	1	0	1.210675E+02	1.56921E+09
10	0	0	4	1	1	1.197755E+02	5.14755E+06
10	0	0	5	1	0	2.122787E+02	1.15140E+09
10	0	0	5	1	1	2.102685E+02	3.98493E+06
10	0	0	6	1	0	3.594720E+02	8.92635E+08
10	0	0	6	1	1	3.537882E+02	3.08490E+06
10	0	0	7	1	0	6.178798E+02	7.16432E+08
10	0	0	7	1	1	6.020535E+02	2.38815E+06
10	0	0	8	1	0	1.158483E+03	6.00054E+08
10	0	0	8	1	1	1.107728E+03	1.84877E+06
10	0	0	9	1	0	2.895631E+03	5.19070E+08
10	0	0	9	1	1	2.620330E+03	1.43121E+06
10	0	1	2	1	1	2.597316E+01	2.87717E+09
10	0	1	3	1	1	6.205430E+01	2.26634E+09
10	0	1	4	1	1	1.200816E+02	1.62405E+09
10	0	1	5	1	1	2.112135E+02	1.18812E+09
10	0	1	6	1	1	3.564718E+02	9.23274E+08
10	0	1	7	1	1	6.098666E+02	7.40230E+08
10	0	1	8	1	1	1.134469E+03	6.19823E+08
10	0	1	9	1	1	2.775063E+03	5.37213E+08
10	1	0	1	0	0	6.000037E+00	1.96000E+11
10	1	0	2	0	0	2.596860E+01	1.28000E+10
10	1	0	2	1	0	2.648668E+01	2.28334E+06
10	1	0	3	0	0	6.186943E+01	4.23000E+09
10	1	0	3	2	0	6.257067E+01	2.90000E+08
10	1	0	4	0	0	1.193726E+02	1.97000E+09
10	1	0	4	2	0	1.204844E+02	3.23000E+08
10	1	0	5	0	0	2.090812E+02	1.09000E+09
10	1	0	5	2	0	2.108281E+02	3.00000E+08
10	1	0	6	0	0	3.541082E+02	6.81716E+08
10	1	0	6	2	0	3.539261E+02	2.63238E+08
10	1	0	7	0	0	6.000144E+02	4.63006E+08
10	1	0	7	2	0	5.990931E+02	2.41915E+08
10	1	0	8	0	0	1.094372E+03	3.32406E+08
10	1	0	8	2	0	1.091376E+03	2.25427E+08
10	1	0	9	0	0	2.523604E+03	2.40973E+08
10	1	0	9	2	0	2.509861E+03	2.12367E+08
10	1	1	1	0	0	6.001228E+00	7.38724E+08
10	1	1	2	0	0	2.599093E+01	4.87155E+07
10	1	1	2	0	1	2.525128E+01	1.38654E+10
10	1	1	2	1	1	2.596419E+01	2.38393E+06
10	1	1	3	0	0	6.199632E+01	1.46065E+07
10	1	1	3	0	1	6.087195E+01	5.08919E+09
10	1	1	3	2	1	6.265787E+01	2.79216E+08
10	1	1	4	0	0	1.198459E+02	7.12368E+06
10	1	1	4	0	1	1.181384E+02	2.15775E+09
10	1	1	4	2	1	1.208999E+02	3.45563E+08
10	1	1	5	0	0	2.105374E+02	4.36408E+06
10	1	1	5	0	1	2.078830E+02	1.08246E+09
10	1	1	5	2	1	2.122035E+02	3.34658E+08
10	1	1	6	0	0	3.583055E+02	3.03950E+06
10	1	1	6	0	1	3.483195E+02	6.83936E+08
10	1	1	6	2	1	3.563705E+02	3.09060E+08
10	1	1	7	0	0	6.121653E+02	2.29462E+06
10	1	1	7	0	1	5.925823E+02	4.62838E+08
10	1	1	7	2	1	6.080481E+02	2.81417E+08
10	1	1	8	0	0	1.135480E+03	1.82935E+06
10	1	1	8	0	1	1.088259E+03	3.31034E+08
10	1	1	8	2	1	1.125096E+03	2.61054E+08
10	1	1	9	0	0	2.753473E+03	1.51628E+06
10	1	1	9	0	1	2.555806E+03	2.38548E+08
10	1	1	9	2	1	2.708202E+03	2.47585E+08
10	2	0	2	1	0	2.650557E+01	9.44093E+09
10	2	0	3	1	0	6.282462E+01	6.76305E+09
10	2	0	4	1	0	1.210939E+02	3.53282E+09
10	2	0	4	3	0	1.208957E+02	6.23249E+07
10	2	0	5	1	0	2.123600E+02	1.99638E+09
10	2	0	5	3	0	2.120641E+02	9.61572E+07
10	2	0	6	1	0	3.597050E+02	1.25163E+09
10	2	0	6	3	0	3.573115E+02	1.12506E+08
10	2	0	7	1	0	6.185686E+02	8.37340E+08
10	2	0	7	3	0	6.088179E+02	1.21666E+08
10	2	0	8	1	0	1.160907E+03	5.91528E+08
10	2	0	8	3	0	1.124086E+03	1.29609E+08
10	2	0	9	1	0	2.910821E+03	4.25613E+08
10	2	0	9	3	0	2.690084E+03	1.38574E+08
10	2	1	2	1	1	2.596192E+01	1.10928E+10
10	2	1	3	1	1	6.199020E+01	7.17811E+09
10	2	1	4	1	1	1.198418E+02	3.60615E+09
10	2	1	4	3	1	1.209368E+02	6.23249E+07
10	2	1	5	1	1	2.104728E+02	1.98910E+09
10	2	1	5	3	1	2.121907E+02	9.61572E+07
10	2	1	6	1	1	3.543670E+02	1.22941E+09
10	2	1	6	3	1	3.566619E+02	1.12506E+08
10	2	1	7	1	1	6.037316E+02	8.09122E+08
10	2	1	7	3	1	6.082167E+02	1.21666E+08
10	2	1	8	1	1	1.113422E+03	5.61288E+08
10	2	1	8	3	1	1.124285E+03	1.29609E+08
10	2	1	9	1	1	2.652417E+03	3.91834E+08
10	2	1	9	3	1	2.698391E+03	1.38574E+08
10	3	0	3	2	0	6.267687E+01	7.38421E+09
10	3	0	4	2	0	1.208788E+02	4.53725E+09
10	3	0	5	2	0	2.120388E+02	2.72849E+09
10	3	0	5	4	0	2.121022E+02	1.88971E+07
10	3	0	6	2	0	3.573514E+02	1.73401E+09
10	3	0	6	4	0	3.573244E+02	3.77576E+07
10	3	0	7	2	0	6.089736E+02	1.16438E+09
10	3	0	7	4	0	6.088323E+02	5.42897E+07
10	3	0	8	2	0	1.124616E+03	8.15748E+08
10	3	0	8	4	0	1.124136E+03	7.04588E+07
10	3	0	9	2	0	2.692904E+03	5.74356E+08
10	3	0	9	4	0	2.690489E+03	8.87039E+07
10	3	1	3	2	1	6.263860E+01	7.38421E+09
10	3	1	4	2	1	1.208282E+02	4.53725E+09
10	3	1	5	2	1	2.119827E+02	2.72849E+09
10	3	1	5	4	1	2.121512E+02	1.88971E+07
10	3	1	6	2	1	3.557481E+02	1.73401E+09
10	3	1	6	4	1	3.568757E+02	3.77576E+07
10	3	1	7	2	1	6.062384E+02	1.16438E+09
10	3	1	7	4	1	6.084527E+02	5.42897E+07
10	3	1	8	2	1	1.118916E+03	8.15748E+08
10	3	1	8	4	1	1.124302E+03	7.04588E+07
10	3	1	9	2	1	2.672667E+03	5.74356E+08
10	3	1	9	4	1	2.695579E+03	8.87039E+07
10	4	0	4	3	0	1.208998E+02	3.20088E+09
10	4	0	5	3	0	2.120767E+02	2.77788E+09
10	4	0	6	3	0	3.573473E+02	2.03980E+09
10	4	0	6	5	0	3.593393E+02	7.78672E+06
10	4	0	7	3	0	6.089219E+02	1.46831E+09
10	4	0	7	5	0	6.088370E+02	1.95718E+07
10	4	0	8	3	0	1.124441E+03	1.06422E+09
10	4	0	8	5	0	1.124152E+03	3.45054E+07
10	4	0	9	3	0	2.692116E+03	7.58034E+08
10	4	0	9	5	0	2.690658E+03	5.43222E+07
10	4	1	4	3	1	1.209012E+02	3.20088E+09
10	4	1	5	3	1	2.120810E+02	2.77788E+09
10	4	1	6	3	1	3.563520E+02	2.03980E+09
10	4	1	6	5	1	3.593517E+02	7.78672E+06
10	4	1	7	3	1	6.073161E+02	1.46831E+09
10	4	1	7	5	1	6.086470E+02	1.95718E+07
10	4	1	8	3	1	1.121212E+03	1.06422E+09
10	4	1	8	5	1	1.124456E+03	3.45054E+07
10	4	1	9	3	1	2.680755E+03	7.58034E+08
10	4	1	9	5	1	2.694586E+03	5.43222E+07
10	5	0	5	4	0	2.121099E+02	1.68356E+09
10	5	0	6	4	0	3.573460E+02	1.89217E+09
10	5	0	7	4	0	6.088952E+02	1.63556E+09
10	5	0	7	6	0	6.088383E+02	4.35940E+06
10	5	0	8	4	0	1.124350E+03	1.30498E+09
10	5	0	8	6	0	1.124156E+03	1.37832E+07
10	5	0	9	4	0	2.691717E+03	9.79060E+08
10	5	0	9	6	0	2.690739E+03	3.03626E+07
10	5	1	5	4	1	2.120851E+02	1.68356E+09
10	5	1	6	4	1	3.566886E+02	1.89217E+09
10	5	1	7	4	1	6.079089E+02	1.63556E+09
10	5	1	7	6	1	6.087999E+02	4.35940E+06
10	5	1	8	4	1	1.122447E+03	1.30498E+09
10	5	1	8	6	1	1.124622E+03	1.37832E+07
10	5	1	9	4	1	2.684940E+03	9.79060E+08
10	5	1	9	6	1	2.694222E+03	3.03626E+07
10	6	0	6	5	0	3.593540E+02	1.09164E+09
10	6	0	7	5	0	6.088792E+02	1.50382E+09
10	6	0	8	5	0	1.124296E+03	1.48164E+09
10	6	0	8	7	0	1.124156E+03	3.49607E+06
10	6	0	9	5	0	2.691483E+03	1.24752E+09
10	6	0	9	7	0	2.690781E+03	1.42802E+07
10	6	1	6	5	1	3.592244E+02	1.09164E+09
10	6	1	7	5	1	6.082819E+02	1.50382E+09
10	6	1	8	5	1	1.123211E+03	1.48164E+09
10	6	1	8	7	1	1.124772E+03	3.49607E+06
10	6	1	9	5	1	2.687444E+03	1.24752E+09
10	6	1	9	7	1	2.694114E+03	1.42802E+07
10	7	0	7	6	0	6.088687E+02	9.17362E+08
10	7	0	8	6	0	1.124260E+03	1.48345E+09
10	7	0	9	6	0	2.691332E+03	1.57461E+09
10	7	0	9	8	0	2.690803E+03	4.51196E+06
10	7	1	7	6	1	6.085374E+02	9.17362E+08
10	7	1	8	6	1	1.123726E+03	1.48345E+09
10	7	1	9	6	1	2.689090E+03	1.57461E+09
10	7	1	9	8	1	2.694118E+03	4.51196E+06
10	8	0	8	7	0	1.124234E+03	1.10809E+09
10	8	0	9	7	0	2.691228E+03	1.97353E+09
10	8	1	8	7	1	1.124097E+03	1.10809E+09
10	8	1	9	7	1	2.690244E+03	1.97353E+09
10	9	0	9	8	0	2.691152E+03	2.46008E+09
10	9	1	9	8	1	2.691094E+03	2.46008E+09
11	0	0	2	1	0	2.631229E+01	1.97462E+09
11	0	0	2	1	1	2.577460E+01	1.91561E+07
11	0	0	3	1	0	6.174955E+01	1.58069E+09
11	0	0	3	1	1	6.093280E+01	4.94319E+06
11	0	0	4	1	0	1.171621E+02	1.14234E+09
11	0	0	4	1	1	1.159518E+02	3.82673E+06
11	0	0	5	1	0	2.005571E+02	8.39500E+08
11	0	0	5	1	1	1.987618E+02	2.96243E+06
11	0	0	6	1	0	3.270987E+02	6.48268E+08
11	0	0	6	1	1	3.223858E+02	2.29334E+06
11	0	0	7	1	0	5.280497E+02	5.16053E+08
11	0	0	7	1	1	5.164476E+02	1.77537E+06
11	0	0	8	1	0	8.783325E+02	4.26580E+08
11	0	0	8	1	1	8.488448E+02	1.37439E+06
11	0	0	9	1	0	1.611160E+03	3.66158E+08
11	0	0	9	1	1	1.522176E+03	1.06397E+06
11	0	1	2	1	1	2.578558E+01	2.02774E+09
11	0	1	3	1	1	6.099422E+01	1.63574E+09
11	0	1	4	1	1	1.161744E+02	1.18157E+09
11	0	1	5	1	1	1.994168E+02	8.65831E+08
11	0	1	6	1	1	3.241126E+02	6.69980E+08
11	0	1	7	1	1	5.208932E+02	5.32670E+08
11	0	1	8	1	1	8.609216E+02	4.39987E+08
11	0	1	9	1	1	1.561454E+03	3.77660E+08
11	1	0	1	0	0	5.991084E+00	1.31460E+11
11	1	0	2	0	0	2.580172E+01	1.01651E+10
11	1	0	2	1	0	2.631310E+01	1.74050E+06
11	1	0	3	0	0	6.093054E+01	3.14369E+09
11	1	0	3	2	0	6.161054E+01	1.52965E+08
11	1	0	4	0	0	1.159260E+02	1.45566E+09
11	1	0	4	2	0	1.169743E+02	1.99897E+08
11	1	0	5	0	0	1.987325E+02	8.07216E+08
11	1	0	5	2	0	2.003101E+02	1.99171E+08
11	1	0	6	0	0	3.254090E+02	5.11535E+08
11	1	0	6	2	0	3.252552E+02	1.86224E+08
11	1	0	7	0	0	5.220061E+02	3.47616E+08
11	1	0	7	2	0	5.213086E+02	1.69438E+08
11	1	0	8	0	0	8.599740E+02	2.50658E+08
11	1	0	8	2	0	8.581226E+02	1.55283E+08
11	1	0	9	0	0	1.549622E+03	1.88510E+08
11	1	0	9	2	0	1.544429E+03	1.45119E+08
11	1	1	1	0	0	5.991265E+00	5.61559E+08
11	1	1	2	0	0	2.580508E+01	3.70323E+07
11	1	1	2	0	1	2.507583E+01	1.05341E+10
11	1	1	2	1	1	2.577872E+01	1.81679E+06
11	1	1	3	0	0	6.094928E+01	1.11035E+07
11	1	1	3	0	1	5.986223E+01	3.94500E+09
11	1	1	3	2	1	6.158855E+01	1.92156E+08
11	1	1	4	0	0	1.159939E+02	5.41524E+06
11	1	1	4	0	1	1.143936E+02	1.68142E+09
11	1	1	4	2	1	1.169809E+02	2.43821E+08
11	1	1	5	0	0	1.989319E+02	3.31747E+06
11	1	1	5	0	1	1.965604E+02	8.12553E+08
11	1	1	5	2	1	2.004187E+02	2.37716E+08
11	1	1	6	0	0	3.259441E+02	2.31055E+06
11	1	1	6	0	1	3.176597E+02	5.13320E+08
11	1	1	6	2	1	3.243421E+02	2.18750E+08
11	1	1	7	0	0	5.233843E+02	1.74431E+06
11	1	1	7	0	1	5.090029E+02	3.47697E+08
11	1	1	7	2	1	5.203718E+02	1.97037E+08
11	1	1	8	0	0	8.637212E+02	1.39062E+06
11	1	1	8	0	1	8.361238E+02	2.49971E+08
11	1	1	8	2	1	8.576998E+02	1.79370E+08
11	1	1	9	0	0	1.561832E+03	1.15264E+06
11	1	1	9	0	1	1.496195E+03	1.87367E+08
11	1	1	9	2	1	1.547162E+03	1.67176E+08
11	2	0	2	1	0	2.631331E+01	6.32700E+09
11	2	0	3	1	0	6.175518E+01	4.89619E+09
11	2	0	4	1	0	1.171824E+02	2.60375E+09
11	2	0	4	3	0	1.169968E+02	4.49972E+07
11	2	0	5	1	0	2.006166E+02	1.48162E+09
11	2	0	5	3	0	2.003525E+02	6.84318E+07
11	2	0	6	1	0	3.272569E+02	9.31362E+08
11	2	0	6	3	0	3.252745E+02	7.86051E+07
11	2	0	7	1	0	5.284620E+02	6.24362E+08
11	2	0	7	3	0	5.213288E+02	8.29719E+07
11	2	0	8	1	0	8.794737E+02	4.43004E+08
11	2	0	8	3	0	8.581780E+02	8.56105E+07
11	2	0	9	1	0	1.615004E+03	3.28089E+08
11	2	0	9	3	0	1.544679E+03	8.88660E+07
11	2	1	2	1	1	2.577697E+01	7.51739E+09
11	2	1	3	1	1	6.094607E+01	5.22087E+09
11	2	1	4	1	1	1.159998E+02	2.66845E+09
11	2	1	4	3	1	1.170255E+02	4.49972E+07
11	2	1	5	1	1	1.989030E+02	1.48268E+09
11	2	1	5	3	1	2.004366E+02	6.84318E+07
11	2	1	6	1	1	3.227575E+02	9.19480E+08
11	2	1	6	3	1	3.246601E+02	7.86051E+07
11	2	1	7	1	1	5.174020E+02	6.07542E+08
11	2	1	7	3	1	5.206926E+02	8.29719E+07
11	2	1	8	1	1	8.514263E+02	4.25098E+08
11	2	1	8	3	1	8.577638E+02	8.56105E+07
11	2	1	9	1	1	1.530497E+03	3.09687E+08
11	2	1	9	3	1	1.545692E+03	8.88660E+07
11	3	0	3	2	0	6.161230E+01	5.41673E+09
11	3	0	4	2	0	1.169806E+02	3.33203E+09
11	3	0	5	2	0	2.003287E+02	2.00622E+09
11	3	0	5	4	0	2.003853E+02	1.30254E+07
11	3	0	6	2	0	3.253043E+02	1.27701E+09
11	3	0	6	4	0	3.252819E+02	2.53907E+07
11	3	0	7	2	0	5.214347E+02	8.59856E+08
11	3	0	7	4	0	5.213311E+02	3.53469E+07
11	3	0	8	2	0	8.584642E+02	6.06930E+08
11	3	0	8	4	0	8.581844E+02	4.39299E+07
11	3	0	9	2	0	1.545536E+03	4.43637E+08
11	3	0	9	4	0	1.544740E+03	5.27214E+07
11	3	1	3	2	1	6.157395E+01	5.41673E+09
11	3	1	4	2	1	1.169282E+02	3.33203E+09
11	3	1	5	2	1	2.002642E+02	2.00622E+09
11	3	1	5	4	1	2.004147E+02	1.30254E+07
11	3	1	6	2	1	3.239376E+02	1.27701E+09
11	3	1	6	4	1	3.248723E+02	2.53907E+07
11	3	1	7	2	1	5.193314E+02	8.59856E+08
11	3	1	7	4	1	5.209555E+02	3.53469E+07
11	3	1	8	2	1	8.548770E+02	6.06930E+08
11	3	1	8	4	1	8.580176E+02	4.39299E+07
11	3	1	9	2	1	1.538001E+03	4.43637E+08
11	3	1	9	4	1	1.545561E+03	5.27214E+07
11	4	0	4	3	0	1.170000E+02	2.27542E+09
11	4	0	5	3	0	2.003618E+02	1.97803E+09
11	4	0	6	3	0	3.252991E+02	1.45594E+09
11	4	0	6	5	0	3.269490E+02	4.96886E+06
11	4	0	7	3	0	5.213920E+02	1.05238E+09
11	4	0	7	5	0	5.213298E+02	1.19852E+07
11	4	0	8	3	0	8.583494E+02	7.70435E+08
11	4	0	8	5	0	8.581808E+02	1.99814E+07
11	4	0	9	3	0	1.545235E+03	5.72654E+08
11	4	0	9	5	0	1.544754E+03	2.93819E+07
11	4	1	4	3	1	1.169992E+02	2.27542E+09
11	4	1	5	3	1	2.003596E+02	1.97803E+09
11	4	1	6	3	1	3.244582E+02	1.45594E+09
11	4	1	6	5	1	3.269431E+02	4.96886E+06
11	4	1	7	3	1	5.201734E+02	1.05238E+09
11	4	1	7	5	1	5.211495E+02	1.19852E+07
11	4	1	8	3	1	8.563557E+02	7.70435E+08
11	4	1	8	5	1	8.582469E+02	1.99814E+07
11	4	1	9	3	1	1.541126E+03	5.72654E+08
11	4	1	9	5	1	1.545687E+03	2.93819E+07
11	5	0	5	4	0	2.003909E+02	1.13324E+09
11	5	0	6	4	0	3.252968E+02	1.27728E+09
11	5	0	7	4	0	5.213694E+02	1.10964E+09
11	5	0	7	6	0	5.213277E+02	2.45616E+06
11	5	0	8	4	0	8.582882E+02	8.95849E+08
11	5	0	8	6	0	8.581752E+02	7.24424E+06
11	5	0	9	4	0	1.545076E+03	7.04076E+08
11	5	0	9	6	0	1.544754E+03	1.45757E+07
11	5	1	5	4	1	2.003682E+02	1.13324E+09
11	5	1	6	4	1	3.247502E+02	1.27728E+09
11	5	1	7	4	1	5.206415E+02	1.10964E+09
11	5	1	7	6	1	5.212949E+02	2.45616E+06
11	5	1	8	4	1	8.571663E+02	8.95849E+08
11	5	1	8	6	1	8.584340E+02	7.24424E+06
11	5	1	9	4	1	1.542801E+03	7.04076E+08
11	5	1	9	6	1	1.545861E+03	1.45757E+07
11	6	0	6	5	0	3.269591E+02	6.71354E+08
11	6	0	7	5	0	5.213555E+02	9.29991E+08
11	6	0	8	5	0	8.582506E+02	9.28206E+08
11	6	0	8	7	0	8.581695E+02	1.60998E+06
11	6	0	9	5	0	1.544980E+03	8.20980E+08
11	6	0	9	7	0	1.544749E+03	5.86297E+06
11	6	1	6	5	1	3.268601E+02	6.71354E+08
11	6	1	7	5	1	5.209385E+02	9.29991E+08
11	6	1	8	5	1	8.576749E+02	9.28206E+08
11	6	1	8	7	1	8.585850E+02	1.60998E+06
11	6	1	9	5	1	1.543833E+03	8.20980E+08
11	6	1	9	7	1	1.546031E+03	5.86297E+06
11	7	0	7	6	0	5.213462E+02	4.86236E+08
11	7	0	8	6	0	8.582253E+02	7.97060E+08
11	7	0	9	6	0	1.544917E+03	8.90386E+08
11	7	0	9	8	0	1.544742E+03	1.49164E+06
11	7	1	7	6	1	5.211432E+02	4.86236E+08
11	7	1	8	6	1	8.580225E+02	7.97060E+08
11	7	1	9	6	1	1.544527E+03	8.90386E+08
11	7	1	9	8	1	1.546185E+03	1.49164E+06
11	8	0	8	7	0	8.582073E+02	4.54993E+08
11	8	0	9	7	0	1.544871E+03	8.53747E+08
11	8	1	8	7	1	8.582746E+02	4.54993E+08
11	8	1	9	7	1	1.545025E+03	8.53747E+08
11	9	0	9	8	0	1.544838E+03	6.11665E+08
11	9	1	9	8	1	1.545398E+03	6.11665E+08
12	0	0	2	1	0	2.616776E+01	1.43124E+09
12	0	0	2	1	1	2.563590E+01	1.46133E+07
12	0	0	3	1	0	6.095937E+01	1.17207E+09
12	0	0	3	1	1	6.016326E+01	3.77092E+06
12	0	0	4	1	0	1.143498E+02	8.54043E+08
12	0	0	4	1	1	1.131965E+02	2.91922E+06
12	0	0	5	1	0	1.924547E+02	6.29272E+08
12	0	0	5	1	1	1.908009E+02	2.25989E+06
12	0	0	6	1	0	3.060820E+02	4.85078E+08
12	0	0	6	1	1	3.019514E+02	1.74948E+06
12	0	0	7	1	0	4.753578E+02	3.84228E+08
12	0	0	7	1	1	4.659349E+02	1.35434E+06
12	0	0	8	1	0	7.415985E+02	3.14765E+08
12	0	0	8	1	1	7.204667E+02	1.04846E+06
12	0	0	9	1	0	1.203966E+03	2.66583E+08
12	0	0	9	1	1	1.153573E+03	8.11653E+05
12	0	1	2	1	1	2.564451E+01	1.46804E+09
12	0	1	3	1	1	6.021073E+01	1.21215E+09
12	0	1	4	1	1	1.133647E+02	8.82932E+08
12	0	1	5	1	1	1.912791E+02	6.48724E+08
12	0	1	6	1	1	3.031508E+02	5.01009E+08
12	0	1	7	1	1	4.687970E+02	3.96318E+08
12	0	1	8	1	1	7.273329E+02	3.24366E+08
12	0	1	9	1	1	1.171277E+03	2.74573E+08
12	1	0	1	0	0	5.983551E+00	1.00380E+11
12	1	0	2	0	0	2.566259E+01	7.90570E+09
12	1	0	2	1	0	2.616841E+01	1.35536E+06
12	1	0	3	0	0	6.016029E+01	2.40967E+09
12	1	0	3	2	0	6.082310E+01	1.08073E+08
12	1	0	4	0	0	1.131693E+02	1.11782E+09
12	1	0	4	2	0	1.141680E+02	1.44923E+08
12	1	0	5	0	0	1.907661E+02	6.20446E+08
12	1	0	5	2	0	1.922193E+02	1.45725E+08
12	1	0	6	0	0	3.045822E+02	3.93008E+08
12	1	0	6	2	0	3.044474E+02	1.36286E+08
12	1	0	7	0	0	4.704073E+02	2.66956E+08
12	1	0	7	2	0	4.698409E+02	1.23340E+08
12	1	0	8	0	0	7.283552E+02	1.92445E+08
12	1	0	8	2	0	7.270266E+02	1.11794E+08
12	1	0	9	0	0	1.168976E+03	1.45225E+08
12	1	0	9	2	0	1.166019E+03	1.02775E+08
12	1	1	1	0	0	5.983693E+00	4.37198E+08
12	1	1	2	0	0	2.566520E+01	2.88312E+07
12	1	1	2	0	1	2.494372E+01	8.19698E+09
12	1	1	2	1	1	2.563913E+01	1.41454E+06
12	1	1	3	0	0	6.017465E+01	8.64454E+06
12	1	1	3	0	1	5.911482E+01	3.12663E+09
12	1	1	3	2	1	6.079769E+01	1.35939E+08
12	1	1	4	0	0	1.132201E+02	4.21600E+06
12	1	1	4	0	1	1.116950E+02	1.33901E+09
12	1	1	4	2	1	1.141603E+02	1.77047E+08
12	1	1	5	0	0	1.909106E+02	2.58279E+06
12	1	1	5	0	1	1.887254E+02	6.24575E+08
12	1	1	5	2	1	1.922795E+02	1.74113E+08
12	1	1	6	0	0	3.049507E+02	1.79886E+06
12	1	1	6	0	1	2.976871E+02	3.94426E+08
12	1	1	6	2	1	3.035479E+02	1.60201E+08
12	1	1	7	0	0	4.712869E+02	1.35802E+06
12	1	1	7	0	1	4.595940E+02	2.67101E+08
12	1	1	7	2	1	4.688428E+02	1.43462E+08
12	1	1	8	0	0	7.304660E+02	1.08266E+06
12	1	1	8	0	1	7.106294E+02	1.92046E+08
12	1	1	8	2	1	7.261546E+02	1.29055E+08
12	1	1	9	0	0	1.174423E+03	8.97375E+05
12	1	1	9	0	1	1.136919E+03	1.44554E+08
12	1	1	9	2	1	1.166109E+03	1.18058E+08
12	2	0	2	1	0	2.616858E+01	4.35764E+09
12	2	0	3	1	0	6.096386E+01	3.64053E+09
12	2	0	4	1	0	1.143656E+02	1.96979E+09
12	2	0	4	3	0	1.141888E+02	3.36348E+07
12	2	0	5	1	0	1.924994E+02	1.12809E+09
12	2	0	5	3	0	1.922563E+02	5.06147E+07
12	2	0	6	1	0	3.061952E+02	7.10788E+08
12	2	0	6	3	0	3.044591E+02	5.73754E+07
12	2	0	7	1	0	4.756310E+02	4.77025E+08
12	2	0	7	3	0	4.698449E+02	5.95463E+07
12	2	0	8	1	0	7.422637E+02	3.38679E+08
12	2	0	8	3	0	7.270370E+02	6.00902E+07
12	2	0	9	1	0	1.205720E+03	2.51576E+08
12	2	0	9	3	0	1.166086E+03	6.05846E+07
12	2	1	2	1	1	2.563774E+01	5.23636E+09
12	2	1	3	1	1	6.017343E+01	3.89847E+09
12	2	1	4	1	1	1.132325E+02	2.02571E+09
12	2	1	4	3	1	1.142096E+02	3.36348E+07
12	2	1	5	1	1	1.909032E+02	1.13289E+09
12	2	1	5	3	1	1.923154E+02	5.06147E+07
12	2	1	6	1	1	3.022076E+02	7.04422E+08
12	2	1	6	3	1	3.038751E+02	5.73754E+07
12	2	1	7	1	1	4.665452E+02	4.66423E+08
12	2	1	7	3	1	4.692191E+02	5.95463E+07
12	2	1	8	1	1	7.219270E+02	3.27188E+08
12	2	1	8	3	1	7.264781E+02	6.00902E+07
12	2	1	9	1	1	1.157321E+03	2.40074E+08
12	2	1	9	3	1	1.165989E+03	6.05846E+07
12	3	0	3	2	0	6.082452E+01	4.09779E+09
12	3	0	4	2	0	1.141730E+02	2.52261E+09
12	3	0	5	2	0	1.922334E+02	1.52002E+09
12	3	0	5	4	0	1.922856E+02	9.40826E+06
12	3	0	6	2	0	3.044829E+02	9.68290E+08
12	3	0	6	4	0	3.044633E+02	1.80201E+07
12	3	0	7	2	0	4.699253E+02	6.52628E+08
12	3	0	7	4	0	4.698411E+02	2.45328E+07
12	3	0	8	2	0	7.272288E+02	4.61554E+08
12	3	0	8	4	0	7.270280E+02	2.96127E+07
12	3	0	9	2	0	1.166539E+03	3.39523E+08
12	3	0	9	4	0	1.166085E+03	3.41813E+07
12	3	1	3	2	1	6.078630E+01	4.09779E+09
12	3	1	4	2	1	1.141201E+02	2.52261E+09
12	3	1	5	2	1	1.921656E+02	1.52002E+09
12	3	1	5	4	1	1.923041E+02	9.40826E+06
12	3	1	6	2	1	3.032641E+02	9.68290E+08
12	3	1	6	4	1	3.040831E+02	1.80201E+07
12	3	1	7	2	1	4.681660E+02	6.52628E+08
12	3	1	7	4	1	4.694855E+02	2.45328E+07
12	3	1	8	2	1	7.245324E+02	4.61554E+08
12	3	1	8	4	1	7.267870E+02	2.96127E+07
12	3	1	9	2	1	1.161931E+03	3.39523E+08
12	3	1	9	4	1	1.166241E+03	3.41813E+07
12	4	0	4	3	0	1.141913E+02	1.68174E+09
12	4	0	5	3	0	1.922634E+02	1.46351E+09
12	4	0	6	3	0	3.044770E+02	1.07866E+09
12	4	0	6	5	0	3.059219E+02	3.39420E+06
12	4	0	7	3	0	4.698874E+02	7.81163E+08
12	4	0	7	5	0	4.698368E+02	7.96008E+06
12	4	0	8	3	0	7.271386E+02	5.73848E+08
12	4	0	8	5	0	7.270176E+02	1.27906E+07
12	4	0	9	3	0	1.166347E+03	4.30356E+08
12	4	0	9	5	0	1.166073E+03	1.78941E+07
12	4	1	4	3	1	1.141895E+02	1.68174E+09
12	4	1	5	3	1	1.922585E+02	1.46351E+09
12	4	1	6	3	1	3.037330E+02	1.07866E+09
12	4	1	6	5	1	3.059096E+02	3.39420E+06
12	4	1	7	3	1	4.688805E+02	7.81163E+08
12	4	1	7	5	1	4.696734E+02	7.96008E+06
12	4	1	8	3	1	7.256668E+02	5.73848E+08
12	4	1	8	5	1	7.270244E+02	1.27906E+07
12	4	1	9	3	1	1.163900E+03	4.30356E+08
12	4	1	9	5	1	1.166500E+03	1.78941E+07
12	5	0	5	4	0	1.922899E+02	8.04985E+08
12	5	0	6	4	0	3.044741E+02	9.08796E+08
12	5	0	7	4	0	4.698669E+02	7.91473E+08
12	5	0	7	6	0	4.698330E+02	1.53745E+06
12	5	0	8	4	0	7.270896E+02	6.41845E+08
12	5	0	8	6	0	7.270085E+02	4.33504E+06
12	5	0	9	4	0	1.166244E+03	5.09936E+08
12	5	0	9	6	0	1.166060E+03	8.20112E+06
12	5	1	5	4	1	1.922697E+02	8.04985E+08
12	5	1	6	4	1	3.039971E+02	9.08796E+08
12	5	1	7	4	1	4.692805E+02	7.91473E+08
12	5	1	7	6	1	4.698112E+02	1.53745E+06
12	5	1	8	4	1	7.262959E+02	6.41845E+08
12	5	1	8	6	1	7.272058E+02	4.33504E+06
12	5	1	9	4	1	1.164976E+03	5.09936E+08
12	5	1	9	6	1	1.166721E+03	8.20112E+06
12	6	0	6	5	0	3.059293E+02	4.47407E+08
12	6	0	7	5	0	4.698541E+02	6.21515E+08
12	6	0	8	5	0	7.270591E+02	6.23516E+08
12	6	0	8	7	0	7.270009E+02	8.80172E+05
12	6	0	9	5	0	1.166180E+03	5.58240E+08
12	6	0	9	7	0	1.166048E+03	2.97627E+06
12	6	1	6	5	1	3.058511E+02	4.47407E+08
12	6	1	7	5	1	4.695355E+02	6.21515E+08
12	6	1	8	5	1	7.266941E+02	6.23516E+08
12	6	1	8	7	1	7.273473E+02	8.80172E+05
12	6	1	9	5	1	1.165650E+03	5.58240E+08
12	6	1	9	7	1	1.166903E+03	2.97627E+06
12	7	0	7	6	0	4.698455E+02	2.93093E+08
12	7	0	8	6	0	7.270383E+02	4.83116E+08
12	7	0	9	6	0	1.166137E+03	5.46779E+08
12	7	0	9	8	0	1.166037E+03	6.58948E+05
12	7	1	7	6	1	4.697120E+02	2.93093E+08
12	7	1	8	6	1	7.269681E+02	4.83116E+08
12	7	1	9	6	1	1.166109E+03	5.46779E+08
12	7	1	9	8	1	1.167053E+03	6.58948E+05
12	8	0	8	7	0	7.270234E+02	2.33845E+08
12	8	0	9	7	0	1.166106E+03	4.44790E+08
12	8	1	8	7	1	7.271679E+02	2.33845E+08
12	8	1	9	7	1	1.166441E+03	4.44790E+08
12	9	0	9	8	0	1.166083E+03	2.40789E+08
12	9	1	9	8	1	1.166692E+03	2.40789E+08
13	0	0	2	1	0	2.605611E+01	1.06118E+09
13	0	0	2	1	1	2.552874E+01	1.13921E+07
13	0	0	3	1	0	6.035692E+01	8.88530E+08
13	0	0	3	1	1	5.957637E+01	2.93969E+06
13	0	0	4	1	0	1.122481E+02	6.52882E+08
13	0	0	4	1	1	1.111367E+02	2.27574E+06
13	0	0	5	1	0	1.865753E+02	4.82614E+08
13	0	0	5	1	1	1.850206E+02	1.76175E+06
13	0	0	6	1	0	2.914740E+02	3.71887E+08
13	0	0	6	1	1	2.877259E+02	1.36384E+06
13	0	0	7	1	0	4.410304E+02	2.93719E+08
13	0	0	7	1	1	4.329077E+02	1.05581E+06
13	0	0	8	1	0	6.612981E+02	2.39217E+08
13	0	0	8	1	1	6.444429E+02	8.17344E+05
13	0	0	9	1	0	1.005705E+03	2.00690E+08
13	0	0	9	1	1	9.702985E+02	6.32741E+05
13	0	1	2	1	1	2.553563E+01	1.08730E+09
13	0	1	3	1	1	5.961393E+01	9.18428E+08
13	0	1	4	1	1	1.112674E+02	6.74679E+08
13	0	1	5	1	1	1.853832E+02	4.97341E+08
13	0	1	6	1	1	2.886039E+02	3.83904E+08
13	0	1	7	1	1	4.348983E+02	3.02793E+08
13	0	1	8	1	1	6.488641E+02	2.46354E+08
13	0	1	9	1	1	9.803561E+02	2.06532E+08
13	1	0	1	0	0	5.977689E+00	7.83222E+10
13	1	0	2	0	0	2.555509E+01	6.27354E+09
13	1	0	2	1	0	2.605664E+01	1.07510E+06
13	1	0	3	0	0	5.957285E+01	1.88566E+09
13	1	0	3	2	0	6.022271E+01	7.81586E+07
13	1	0	4	0	0	1.111083E+02	8.76137E+08
13	1	0	4	2	0	1.120708E+02	1.07596E+08
13	1	0	5	0	0	1.849820E+02	4.86644E+08
13	1	0	5	2	0	1.863481E+02	1.09307E+08
13	1	0	6	0	0	2.900992E+02	3.08133E+08
13	1	0	6	2	0	2.899770E+02	1.02466E+08
13	1	0	7	0	0	4.367331E+02	2.09184E+08
13	1	0	7	2	0	4.362448E+02	9.25156E+07
13	1	0	8	0	0	6.506744E+02	1.50645E+08
13	1	0	8	2	0	6.496139E+02	8.32894E+07
13	1	0	9	0	0	9.810078E+02	1.13578E+08
13	1	0	9	2	0	9.789241E+02	7.56940E+07
13	1	1	1	0	0	5.977802E+00	3.47270E+08
13	1	1	2	0	0	2.555717E+01	2.29009E+07
13	1	1	2	0	1	2.484166E+01	6.50781E+09
13	1	1	2	1	1	2.553131E+01	1.12189E+06
13	1	1	3	0	0	5.958413E+01	6.86644E+06
13	1	1	3	0	1	5.854482E+01	2.52460E+09
13	1	1	3	2	1	6.019494E+01	9.84206E+07
13	1	1	4	0	0	1.111475E+02	3.34880E+06
13	1	1	4	0	1	1.096774E+02	1.08595E+09
13	1	1	4	2	1	1.120535E+02	1.31651E+08
13	1	1	5	0	0	1.850909E+02	2.05153E+06
13	1	1	5	0	1	1.830361E+02	4.89892E+08
13	1	1	5	2	1	1.863773E+02	1.30746E+08
13	1	1	6	0	0	2.903670E+02	1.42885E+06
13	1	1	6	0	1	2.837741E+02	3.09264E+08
13	1	1	6	2	1	2.890949E+02	1.20541E+08
13	1	1	7	0	0	4.373404E+02	1.07869E+06
13	1	1	7	0	1	4.272533E+02	2.09334E+08
13	1	1	7	2	1	4.352349E+02	1.07656E+08
13	1	1	8	0	0	6.520232E+02	8.59967E+05
13	1	1	8	0	1	6.361720E+02	1.50387E+08
13	1	1	8	2	1	6.485858E+02	9.61497E+07
13	1	1	9	0	0	9.840770E+02	7.12793E+05
13	1	1	9	0	1	9.576078E+02	1.13134E+08
13	1	1	9	2	1	9.782327E+02	8.68764E+07
13	2	0	2	1	0	2.605679E+01	3.06996E+09
13	2	0	3	1	0	6.036054E+01	2.76774E+09
13	2	0	4	1	0	1.122606E+02	1.52310E+09
13	2	0	4	3	0	1.120902E+02	2.58485E+07
13	2	0	5	1	0	1.866098E+02	8.77604E+08
13	2	0	5	3	0	1.863813E+02	3.85881E+07
13	2	0	6	1	0	2.915583E+02	5.54199E+08
13	2	0	6	3	0	2.899838E+02	4.33143E+07
13	2	0	7	1	0	4.412233E+02	3.72267E+08
13	2	0	7	3	0	4.362397E+02	4.44038E+07
13	2	0	8	1	0	6.617318E+02	2.64296E+08
13	2	0	8	3	0	6.496029E+02	4.41097E+07
13	2	0	9	1	0	1.006709E+03	1.96256E+08
13	2	0	9	3	0	9.789275E+02	4.35641E+07
13	2	1	2	1	1	2.553019E+01	3.73192E+09
13	2	1	3	1	1	5.958432E+01	2.97560E+09
13	2	1	4	1	1	1.111643E+02	1.57112E+09
13	2	1	4	3	1	1.121059E+02	2.58485E+07
13	2	1	5	1	1	1.850973E+02	8.83959E+08
13	2	1	5	3	1	1.864246E+02	3.85881E+07
13	2	1	6	1	1	2.879114E+02	5.50932E+08
13	2	1	6	3	1	2.894244E+02	4.33143E+07
13	2	1	7	1	1	4.333276E+02	3.65320E+08
13	2	1	7	3	1	4.356333E+02	4.44038E+07
13	2	1	8	1	1	6.453739E+02	2.56520E+08
13	2	1	8	3	1	6.490086E+02	4.41097E+07
13	2	1	9	1	1	9.724106E+02	1.88514E+08
13	2	1	9	3	1	9.785226E+02	4.35641E+07
13	3	0	3	2	0	6.022386E+01	3.17850E+09
13	3	0	4	2	0	1.120748E+02	1.95776E+09
13	3	0	5	2	0	1.863591E+02	1.18025E+09
13	3	0	5	4	0	1.864080E+02	7.04400E+06
13	3	0	6	2	0	2.900035E+02	7.52162E+08
13	3	0	6	4	0	2.899857E+02	1.33174E+07
13	3	0	7	2	0	4.363049E+02	5.07141E+08
13	3	0	7	4	0	4.362324E+02	1.78412E+07
13	3	0	8	2	0	6.497471E+02	3.58828E+08
13	3	0	8	4	0	6.495869E+02	2.11003E+07
13	3	0	9	2	0	9.792268E+02	2.64288E+08
13	3	0	9	4	0	9.789072E+02	2.37132E+07
13	3	1	3	2	1	6.018584E+01	3.17850E+09
13	3	1	4	2	1	1.120219E+02	1.95776E+09
13	3	1	5	2	1	1.862900E+02	1.18025E+09
13	3	1	5	4	1	1.864202E+02	7.04400E+06
13	3	1	6	2	1	2.888850E+02	7.52162E+08
13	3	1	6	4	1	2.896282E+02	1.33174E+07
13	3	1	7	2	1	4.347593E+02	5.07141E+08
13	3	1	7	4	1	4.358969E+02	1.78412E+07
13	3	1	8	2	1	6.475302E+02	3.58828E+08
13	3	1	8	4	1	6.493305E+02	2.11003E+07
13	3	1	9	2	1	9.758334E+02	2.64288E+08
13	3	1	9	4	1	9.788713E+02	2.37132E+07
13	4	0	4	3	0	1.120922E+02	1.28148E+09
13	4	0	5	3	0	1.863868E+02	1.11600E+09
13	4	0	6	3	0	2.899971E+02	8.23210E+08
13	4	0	6	5	0	2.913076E+02	2.43711E+06
13	4	0	7	3	0	4.362700E+02	5.96757E+08
13	4	0	7	5	0	4.362264E+02	5.60156E+06
13	4	0	8	3	0	6.496701E+02	4.39012E+08
13	4	0	8	5	0	6.495735E+02	8.77413E+06
13	4	0	9	3	0	9.790800E+02	3.30154E+08
13	4	0	9	5	0	9.788872E+02	1.18715E+07
13	4	1	4	3	1	1.120901E+02	1.28148E+09
13	4	1	5	3	1	1.863809E+02	1.11600E+09
13	4	1	6	3	1	2.893191E+02	8.23210E+08
13	4	1	6	5	1	2.912933E+02	2.43711E+06
13	4	1	7	3	1	4.353949E+02	5.96757E+08
13	4	1	7	5	1	4.360785E+02	5.60156E+06
13	4	1	8	3	1	6.484794E+02	4.39012E+08
13	4	1	8	5	1	6.495633E+02	8.77413E+06
13	4	1	9	3	1	9.773202E+02	3.30154E+08
13	4	1	9	5	1	9.791524E+02	1.18715E+07
13	5	0	5	4	0	1.864114E+02	5.95338E+08
13	5	0	6	4	0	2.899939E+02	6.72816E+08
13	5	0	7	4	0	4.362508E+02	5.86775E+08
13	5	0	7	6	0	4.362216E+02	1.03545E+06
13	5	0	8	4	0	6.496276E+02	4.76848E+08
13	5	0	8	6	0	6.495629E+02	2.83086E+06
13	5	0	9	4	0	9.789997E+02	3.80331E+08
13	5	0	9	6	0	9.788703E+02	5.14241E+06
13	5	1	5	4	1	1.863938E+02	5.95338E+08
13	5	1	6	4	1	2.895643E+02	6.72816E+08
13	5	1	7	4	1	4.357524E+02	5.86775E+08
13	5	1	7	6	1	4.362100E+02	1.03545E+06
13	5	1	8	4	1	6.490099E+02	4.76848E+08
13	5	1	8	6	1	6.497363E+02	2.83086E+06
13	5	1	9	4	1	9.781427E+02	3.80331E+08
13	5	1	9	6	1	9.793719E+02	5.14241E+06
13	6	0	6	5	0	2.913132E+02	3.15667E+08
13	6	0	7	5	0	4.362387E+02	4.39222E+08
13	6	0	8	5	0	6.496009E+02	4.41757E+08
13	6	0	8	7	0	6.495545E+02	5.38453E+05
13	6	0	9	5	0	9.789495E+02	3.97368E+08
13	6	0	9	7	0	9.788565E+02	1.73525E+06
13	6	1	6	5	1	2.912499E+02	3.15667E+08
13	6	1	7	5	1	4.359812E+02	4.39222E+08
13	6	1	8	5	1	6.493475E+02	4.41757E+08
13	6	1	8	7	1	6.498690E+02	5.38453E+05
13	6	1	9	5	1	9.786621E+02	3.97368E+08
13	6	1	9	7	1	9.795452E+02	1.73525E+06
13	7	0	7	6	0	4.362305E+02	1.92444E+08
13	7	0	8	6	0	6.495827E+02	3.18102E+08
13	7	0	9	6	0	9.789152E+02	3.61898E+08
13	7	0	9	8	0	9.788451E+02	3.48829E+05
13	7	1	7	6	1	4.361400E+02	1.92444E+08
13	7	1	8	6	1	6.495809E+02	3.18102E+08
13	7	1	9	6	1	9.790189E+02	3.61898E+08
13	7	1	9	8	1	9.796846E+02	3.48829E+05
13	8	0	8	7	0	6.495694E+02	1.37679E+08
13	8	0	9	7	0	9.788903E+02	2.63324E+08
13	8	1	8	7	1	6.497517E+02	1.37679E+08
13	8	1	9	7	1	9.792787E+02	2.63324E+08
13	9	0	9	8	0	9.788716E+02	1.19772E+08
13	9	1	9	8	1	9.794761E+02	1.19772E+08
14	0	0	2	1	0	2.596802E+01	8.02274E+08
14	0	0	2	1	1	2.544416E+01	9.04641E+06
14	0	0	3	1	0	5.988632E+01	6.86445E+08
14	0	0	3	1	1	5.911781E+01	2.33440E+06
14	0	0	4	1	0	1.106313E+02	5.08635E+08
14	0	0	4	1	1	1.095515E+02	1.80716E+06
14	0	0	5	1	0	1.821505E+02	3.77346E+08
14	0	0	5	1	1	1.806684E+02	1.39900E+06
14	0	0	6	1	0	2.808172E+02	2.90922E+08
14	0	0	6	1	1	2.773365E+02	1.08302E+06
14	0	0	7	1	0	4.170811E+02	2.29420E+08
14	0	0	7	1	1	4.098093E+02	8.38413E+05
14	0	0	8	1	0	6.088742E+02	1.86148E+08
14	0	0	8	1	1	5.945565E+02	6.49051E+05
14	0	0	9	1	0	8.892641E+02	1.55174E+08
14	0	0	9	1	1	8.614683E+02	5.02457E+05
14	0	1	2	1	1	2.544977E+01	8.21209E+08
14	0	1	3	1	1	5.914810E+01	7.09215E+08
14	0	1	4	1	1	1.096555E+02	5.25422E+08
14	0	1	5	1	1	1.809516E+02	3.88731E+08
14	0	1	6	1	1	2.780043E+02	3.00195E+08
14	0	1	7	1	1	4.112691E+02	2.36400E+08
14	0	1	8	1	1	5.976342E+02	1.91605E+08
14	0	1	9	1	1	8.679446E+02	1.59596E+08
14	1	0	1	0	0	5.973035E+00	6.22462E+10
14	1	0	2	0	0	2.547026E+01	5.06444E+09
14	1	0	2	1	0	2.596845E+01	8.66563E+05
14	1	0	3	0	0	5.911386E+01	1.50194E+09
14	1	0	3	2	0	5.975369E+01	5.76626E+07
14	1	0	4	0	0	1.095222E+02	6.98860E+08
14	1	0	4	2	0	1.104574E+02	8.15013E+07
14	1	0	5	0	0	1.806271E+02	3.88399E+08
14	1	0	5	2	0	1.819294E+02	8.37087E+07
14	1	0	6	0	0	2.795301E+02	2.45848E+08
14	1	0	6	2	0	2.794166E+02	7.87592E+07
14	1	0	7	0	0	4.132123E+02	1.66814E+08
14	1	0	7	2	0	4.127752E+02	7.10816E+07
14	1	0	8	0	0	5.998071E+02	1.20010E+08
14	1	0	8	2	0	5.989058E+02	6.37414E+07
14	1	0	9	0	0	8.697955E+02	9.03468E+07
14	1	0	9	2	0	8.681571E+02	5.74938E+07
14	1	1	1	0	0	5.973127E+00	2.80590E+08
14	1	1	2	0	0	2.547194E+01	1.85036E+07
14	1	1	2	0	1	2.476113E+01	5.25589E+09
14	1	1	2	1	1	2.544625E+01	9.04186E+05
14	1	1	3	0	0	5.912291E+01	5.54800E+06
14	1	1	3	0	1	5.809948E+01	2.07107E+09
14	1	1	3	2	1	5.972425E+01	7.26778E+07
14	1	1	4	0	0	1.095533E+02	2.70579E+06
14	1	1	4	0	1	1.081247E+02	8.94507E+08
14	1	1	4	2	1	1.104333E+02	9.98771E+07
14	1	1	5	0	0	1.807116E+02	1.65761E+06
14	1	1	5	0	1	1.787525E+02	3.90995E+08
14	1	1	5	2	1	1.819377E+02	1.00240E+08
14	1	1	6	0	0	2.797325E+02	1.15450E+06
14	1	1	6	0	1	2.736086E+02	2.46758E+08
14	1	1	6	2	1	2.785517E+02	9.27281E+07
14	1	1	7	0	0	4.136548E+02	8.71568E+05
14	1	1	7	0	1	4.046194E+02	1.66951E+08
14	1	1	7	2	1	4.117708E+02	8.27598E+07
14	1	1	8	0	0	6.007399E+02	6.94843E+05
14	1	1	8	0	1	5.872584E+02	1.19832E+08
14	1	1	8	2	1	5.978208E+02	7.36027E+07
14	1	1	9	0	0	8.717586E+02	5.75928E+05
14	1	1	9	0	1	8.509227E+02	9.00312E+07
14	1	1	9	2	1	8.671691E+02	6.59767E+07
14	2	0	2	1	0	2.596857E+01	2.20438E+09
14	2	0	3	1	0	5.988925E+01	2.14414E+09
14	2	0	4	1	0	1.106413E+02	1.19973E+09
14	2	0	4	3	0	1.104758E+02	2.03208E+07
14	2	0	5	1	0	1.821776E+02	6.95360E+08
14	2	0	5	3	0	1.819598E+02	3.01484E+07
14	2	0	6	1	0	2.808816E+02	4.40081E+08
14	2	0	6	3	0	2.794200E+02	3.35872E+07
14	2	0	7	1	0	4.172232E+02	2.95868E+08
14	2	0	7	3	0	4.127643E+02	3.41154E+07
14	2	0	8	1	0	6.091772E+02	2.10040E+08
14	2	0	8	3	0	5.988833E+02	3.35003E+07
14	2	0	9	1	0	8.899104E+02	1.55845E+08
14	2	0	9	3	0	8.681320E+02	3.26006E+07
14	2	1	2	1	1	2.544534E+01	2.71178E+09
14	2	1	3	1	1	5.912413E+01	2.31382E+09
14	2	1	4	1	1	1.095732E+02	1.24099E+09
14	2	1	4	3	1	1.104879E+02	2.03208E+07
14	2	1	5	1	1	1.807274E+02	7.02208E+08
14	2	1	5	3	1	1.819926E+02	3.01484E+07
14	2	1	6	1	1	2.774756E+02	4.38618E+08
14	2	1	6	3	1	2.788807E+02	3.35872E+07
14	2	1	7	1	1	4.101131E+02	2.91189E+08
14	2	1	7	3	1	4.121778E+02	3.41154E+07
14	2	1	8	1	1	5.951962E+02	2.04573E+08
14	2	1	8	3	1	5.982863E+02	3.35003E+07
14	2	1	9	1	1	8.628120E+02	1.50375E+08
14	2	1	9	3	1	8.676205E+02	3.26006E+07
14	3	0	3	2	0	5.975463E+01	2.51712E+09
14	3	0	4	2	0	1.104606E+02	1.55101E+09
14	3	0	5	2	0	1.819381E+02	9.35360E+08
14	3	0	5	4	0	1.819848E+02	5.42598E+06
14	3	0	6	2	0	2.794371E+02	5.96238E+08
14	3	0	6	4	0	2.794206E+02	1.01571E+07
14	3	0	7	2	0	4.128198E+02	4.02054E+08
14	3	0	7	4	0	4.127549E+02	1.34447E+07
14	3	0	8	2	0	5.989998E+02	2.84471E+08
14	3	0	8	4	0	5.988636E+02	1.56659E+07
14	3	0	9	2	0	8.683545E+02	2.09521E+08
14	3	0	9	4	0	8.681032E+02	1.72763E+07
14	3	1	3	2	1	5.971683E+01	2.51712E+09
14	3	1	4	2	1	1.104080E+02	1.55101E+09
14	3	1	5	2	1	1.818689E+02	9.35360E+08
14	3	1	5	4	1	1.819930E+02	5.42598E+06
14	3	1	6	2	1	2.783904E+02	5.96238E+08
14	3	1	6	4	1	2.790805E+02	1.01571E+07
14	3	1	7	2	1	4.114184E+02	4.02054E+08
14	3	1	7	4	1	4.124370E+02	1.34447E+07
14	3	1	8	2	1	5.970785E+02	2.84471E+08
14	3	1	8	4	1	5.986088E+02	1.56659E+07
14	3	1	9	2	1	8.656079E+02	2.09521E+08
14	3	1	9	4	1	8.679974E+02	1.72763E+07
14	4	0	4	3	0	1.104774E+02	1.00082E+09
14	4	0	5	3	0	1.819642E+02	8.72033E+08
14	4	0	6	3	0	2.794304E+02	6.43599E+08
14	4	0	6	5	0	2.806469E+02	1.81771E+06
14	4	0	7	3	0	4.127868E+02	4.66821E+08
14	4	0	7	5	0	4.127478E+02	4.11574E+06
14	4	0	8	3	0	5.989307E+02	3.43653E+08
14	4	0	8	5	0	5.988487E+02	6.32879E+06
14	4	0	9	3	0	8.682317E+02	2.58700E+08
14	4	0	9	5	0	8.680800E+02	8.36490E+06
14	4	1	4	3	1	1.104751E+02	1.00082E+09
14	4	1	5	3	1	1.819581E+02	8.72033E+08
14	4	1	6	3	1	2.787997E+02	6.43599E+08
14	4	1	6	5	1	2.806324E+02	1.81771E+06
14	4	1	7	3	1	4.120008E+02	4.66821E+08
14	4	1	7	5	1	4.126129E+02	4.11574E+06
14	4	1	8	3	1	5.979134E+02	3.43653E+08
14	4	1	8	5	1	5.988348E+02	6.32879E+06
14	4	1	9	3	1	8.668365E+02	2.58700E+08
14	4	1	9	5	1	8.682776E+02	8.36490E+06
14	5	0	5	4	0	1.819874E+02	4.54329E+08
14	5	0	6	4	0	2.794268E+02	5.13819E+08
14	5	0	7	4	0	4.127685E+02	4.48497E+08
14	5	0	7	6	0	4.127424E+02	7.35688E+05
14	5	0	8	4	0	5.988924E+02	3.64888E+08
14	5	0	8	6	0	5.988374E+02	1.96713E+06
14	5	0	9	4	0	8.681637E+02	2.91538E+08
14	5	0	9	6	0	8.680620E+02	3.47412E+06
14	5	1	5	4	1	1.819721E+02	4.54329E+08
14	5	1	6	4	1	2.790313E+02	5.13819E+08
14	5	1	7	4	1	4.123296E+02	4.48497E+08
14	5	1	7	6	1	4.127393E+02	7.35688E+05
14	5	1	8	4	1	5.983826E+02	3.64888E+08
14	5	1	8	6	1	5.990001E+02	1.96713E+06
14	5	1	9	4	1	8.675218E+02	2.91538E+08
14	5	1	9	6	1	8.684886E+02	3.47412E+06
14	6	0	6	5	0	2.806512E+02	2.32404E+08
14	6	0	7	5	0	4.127570E+02	3.23703E+08
14	6	0	8	5	0	5.988681E+02	3.26038E+08
14	6	0	8	7	0	5.988286E+02	3.56269E+05
14	6	0	9	5	0	8.681208E+02	2.93936E+08
14	6	0	9	7	0	8.680477E+02	1.11074E+06
14	6	1	6	5	1	2.805990E+02	2.32404E+08
14	6	1	7	5	1	4.125405E+02	3.23703E+08
14	6	1	8	5	1	5.986824E+02	3.26038E+08
14	6	1	8	7	1	5.991257E+02	3.56269E+05
14	6	1	9	5	1	8.679573E+02	2.93936E+08
14	6	1	9	7	1	8.686519E+02	1.11074E+06
14	7	0	7	6	0	4.127490E+02	1.34277E+08
14	7	0	8	6	0	5.988513E+02	2.22312E+08
14	7	0	9	6	0	8.680913E+02	2.53574E+08
14	7	0	9	8	0	8.680362E+02	2.08060E+05
14	7	1	7	6	1	4.126872E+02	1.34277E+08
14	7	1	8	6	1	5.988903E+02	2.22312E+08
14	7	1	9	6	1	8.682579E+02	2.53574E+08
14	7	1	9	8	1	8.687815E+02	2.08060E+05
14	8	0	8	7	0	5.988391E+02	8.87661E+07
14	8	0	9	7	0	8.680699E+02	1.70248E+08
14	8	1	8	7	1	5.990428E+02	8.87661E+07
14	8	1	9	7	1	8.684777E+02	1.70248E+08
14	9	0	9	8	0	8.680536E+02	6.87225E+07
14	9	1	9	8	1	8.686452E+02	6.87225E+07
15	0	0	2	1	0	2.589724E+01	6.16877E+08
15	0	0	2	1	1	2.537621E+01	7.29895E+06
15	0	0	3	1	0	5.951123E+01	5.39076E+08
15	0	0	3	1	1	5.875227E+01	1.88348E+06
15	0	0	4	1	0	1.093580E+02	4.02767E+08
15	0	0	4	1	1	1.083028E+02	1.45808E+06
15	0	0	5	1	0	1.787243E+02	2.99951E+08
15	0	0	5	1	1	1.772972E+02	1.12876E+06
15	0	0	6	1	0	2.727560E+02	2.31508E+08
15	0	0	6	1	1	2.694711E+02	8.73820E+05
15	0	0	7	1	0	3.995429E+02	1.82451E+08
15	0	0	7	1	1	3.928649E+02	6.76460E+05
15	0	0	8	1	0	5.722068E+02	1.47686E+08
15	0	0	8	1	1	5.595436E+02	5.23676E+05
15	0	0	9	1	0	8.131602E+02	1.22582E+08
15	0	0	9	1	1	7.898560E+02	4.05400E+05
15	0	1	2	1	1	2.538084E+01	6.30852E+08
15	0	1	3	1	1	5.877709E+01	5.56729E+08
15	0	1	4	1	1	1.083872E+02	4.15926E+08
15	0	1	5	1	1	1.775235E+02	3.08911E+08
15	0	1	6	1	1	2.699942E+02	2.38800E+08
15	0	1	7	1	1	3.939777E+02	1.87931E+08
15	0	1	8	1	1	5.618035E+02	1.51954E+08
15	0	1	9	1	1	7.943667E+02	1.26017E+08
15	1	0	1	0	0	5.969279E+00	5.02605E+10
15	1	0	2	0	0	2.540210E+01	4.14923E+09
15	1	0	2	1	0	2.589760E+01	7.08352E+05
15	1	0	3	0	0	5.874798E+01	1.21476E+09
15	1	0	3	2	0	5.937988E+01	4.32825E+07
15	1	0	4	0	0	1.082729E+02	5.65986E+08
15	1	0	4	2	0	1.091867E+02	6.28072E+07
15	1	0	5	0	0	1.772540E+02	3.14704E+08
15	1	0	5	2	0	1.785079E+02	6.52430E+07
15	1	0	6	0	0	2.715335E+02	1.99151E+08
15	1	0	6	2	0	2.714264E+02	6.16657E+07
15	1	0	7	0	0	3.959740E+02	1.35071E+08
15	1	0	7	2	0	3.955726E+02	5.57035E+07
15	1	0	8	0	0	5.641566E+02	9.70909E+07
15	1	0	8	2	0	5.633592E+02	4.98487E+07
15	1	0	9	0	0	7.967808E+02	7.29925E+07
15	1	0	9	2	0	7.954057E+02	4.47456E+07
15	1	1	1	0	0	5.969355E+00	2.30074E+08
15	1	1	2	0	0	2.540347E+01	1.51723E+07
15	1	1	2	0	1	2.469643E+01	4.30787E+09
15	1	1	2	1	1	2.537793E+01	7.39042E+05
15	1	1	3	0	0	5.875536E+01	4.54917E+06
15	1	1	3	0	1	5.774451E+01	1.72239E+09
15	1	1	3	2	1	5.934921E+01	5.45921E+07
15	1	1	4	0	0	1.082980E+02	2.21866E+06
15	1	1	4	0	1	1.069017E+02	7.46741E+08
15	1	1	4	2	1	1.091579E+02	7.70854E+07
15	1	1	5	0	0	1.773212E+02	1.35918E+06
15	1	1	5	0	1	1.754345E+02	3.16810E+08
15	1	1	5	2	1	1.785015E+02	7.82159E+07
15	1	1	6	0	0	2.716912E+02	9.46647E+05
15	1	1	6	0	1	2.659106E+02	1.99892E+08
15	1	1	6	2	1	2.705771E+02	7.26636E+07
15	1	1	7	0	0	3.963094E+02	7.14656E+05
15	1	1	7	0	1	3.880083E+02	1.35191E+08
15	1	1	7	2	1	3.945798E+02	6.48938E+07
15	1	1	8	0	0	5.648377E+02	5.69747E+05
15	1	1	8	0	1	5.529034E+02	9.69595E+07
15	1	1	8	2	1	5.622564E+02	5.75826E+07
15	1	1	9	0	0	7.981402E+02	4.72241E+05
15	1	1	9	0	1	7.806395E+02	7.27560E+07
15	1	1	9	2	1	7.942914E+02	5.13538E+07
15	2	0	2	1	0	2.589770E+01	1.60878E+09
15	2	0	3	1	0	5.951363E+01	1.68806E+09
15	2	0	4	1	0	1.093661E+02	9.60194E+08
15	2	0	4	3	0	1.092044E+02	1.62807E+07
15	2	0	5	1	0	1.787459E+02	5.59723E+08
15	2	0	5	3	0	1.785363E+02	2.40360E+07
15	2	0	6	1	0	2.728064E+02	3.55015E+08
15	2	0	6	3	0	2.714274E+02	2.66201E+07
15	2	0	7	1	0	3.996510E+02	2.38889E+08
15	2	0	7	3	0	3.955579E+02	2.68465E+07
15	2	0	8	1	0	5.724285E+02	1.69592E+08
15	2	0	8	3	0	5.633298E+02	2.61329E+07
15	2	0	9	1	0	8.136080E+02	1.25745E+08
15	2	0	9	3	0	7.953658E+02	2.51546E+07
15	2	1	2	1	1	2.537716E+01	2.00361E+09
15	2	1	3	1	1	5.875736E+01	1.82817E+09
15	2	1	4	1	1	1.083201E+02	9.95750E+08
15	2	1	4	3	1	1.092139E+02	1.62807E+07
15	2	1	5	1	1	1.773436E+02	5.66537E+08
15	2	1	5	3	1	1.785618E+02	2.40360E+07
15	2	1	6	1	1	2.695784E+02	3.54623E+08
15	2	1	6	3	1	2.709045E+02	2.66201E+07
15	2	1	7	1	1	3.930930E+02	2.35675E+08
15	2	1	7	3	1	3.949895E+02	2.68465E+07
15	2	1	8	1	1	5.600064E+02	1.65634E+08
15	2	1	8	3	1	5.627411E+02	2.61329E+07
15	2	1	9	1	1	7.907785E+02	1.21742E+08
15	2	1	9	3	1	7.948157E+02	2.51546E+07
15	3	0	3	2	0	5.938065E+01	2.02856E+09
15	3	0	4	2	0	1.091893E+02	1.25036E+09
15	3	0	5	2	0	1.785149E+02	7.54230E+08
15	3	0	5	4	0	1.785598E+02	4.27730E+06
15	3	0	6	2	0	2.714425E+02	4.80846E+08
15	3	0	6	4	0	2.714269E+02	7.94504E+06
15	3	0	7	2	0	3.956067E+02	3.24243E+08
15	3	0	7	4	0	3.955471E+02	1.04198E+07
15	3	0	8	2	0	5.634285E+02	2.29377E+08
15	3	0	8	4	0	5.633080E+02	1.20058E+07
15	3	0	9	2	0	7.955438E+02	1.68885E+08
15	3	0	9	4	0	7.953329E+02	1.30573E+07
15	3	1	3	2	1	5.934307E+01	2.02856E+09
15	3	1	4	2	1	1.091371E+02	1.25036E+09
15	3	1	5	2	1	1.784460E+02	7.54230E+08
15	3	1	5	4	1	1.785655E+02	4.27730E+06
15	3	1	6	2	1	2.704496E+02	4.80846E+08
15	3	1	6	4	1	2.711008E+02	7.94504E+06
15	3	1	7	2	1	3.943085E+02	3.24243E+08
15	3	1	7	4	1	3.952441E+02	1.04198E+07
15	3	1	8	2	1	5.617058E+02	2.29377E+08
15	3	1	8	4	1	5.630600E+02	1.20058E+07
15	3	1	9	2	1	7.931931E+02	1.68885E+08
15	3	1	9	4	1	7.951990E+02	1.30573E+07
15	4	0	4	3	0	1.092057E+02	7.97677E+08
15	4	0	5	3	0	1.785398E+02	6.95299E+08
15	4	0	6	3	0	2.714356E+02	5.13353E+08
15	4	0	6	5	0	2.725833E+02	1.39691E+06
15	4	0	7	3	0	3.955752E+02	3.72479E+08
15	4	0	7	5	0	3.955394E+02	3.12677E+06
15	4	0	8	3	0	5.633649E+02	2.74293E+08
15	4	0	8	5	0	5.632923E+02	4.74182E+06
15	4	0	9	3	0	7.954357E+02	2.06562E+08
15	4	0	9	5	0	7.953084E+02	6.16116E+06
15	4	1	4	3	1	1.092035E+02	7.97677E+08
15	4	1	5	3	1	1.785339E+02	6.95299E+08
15	4	1	6	3	1	2.708402E+02	5.13353E+08
15	4	1	6	5	1	2.725695E+02	1.39691E+06
15	4	1	7	3	1	3.948530E+02	3.72479E+08
15	4	1	7	5	1	3.954151E+02	3.12677E+06
15	4	1	8	3	1	5.624640E+02	2.74293E+08
15	4	1	8	5	1	5.632793E+02	4.74182E+06
15	4	1	9	3	1	7.942631E+02	2.06562E+08
15	4	1	9	5	1	7.954728E+02	6.16116E+06
15	5	0	5	4	0	1.785620E+02	3.55550E+08
15	5	0	6	4	0	2.714318E+02	4.02309E+08
15	5	0	7	4	0	3.955576E+02	3.51363E+08
15	5	0	7	6	0	3.955336E+02	5.44396E+05
15	5	0	8	4	0	5.633293E+02	2.86053E+08
15	5	0	8	6	0	5.632806E+02	1.43165E+06
15	5	0	9	4	0	7.953754E+02	2.28750E+08
15	5	0	9	6	0	7.952900E+02	2.47719E+06
15	5	1	5	4	1	1.785485E+02	3.55550E+08
15	5	1	6	4	1	2.710618E+02	4.02309E+08
15	5	1	7	4	1	3.951611E+02	3.51363E+08
15	5	1	7	6	1	3.955374E+02	5.44396E+05
15	5	1	8	4	1	5.628917E+02	2.86053E+08
15	5	1	8	6	1	5.634381E+02	1.43165E+06
15	5	1	9	4	1	7.948635E+02	2.28750E+08
15	5	1	9	6	1	7.956750E+02	2.47719E+06
15	6	0	6	5	0	2.725867E+02	1.76839E+08
15	6	0	7	5	0	3.955464E+02	2.46481E+08
15	6	0	8	5	0	5.633066E+02	2.48479E+08
15	6	0	8	7	0	5.632717E+02	2.49643E+05
15	6	0	9	5	0	7.953370E+02	2.24289E+08
15	6	0	9	7	0	7.952757E+02	7.59913E+05
15	6	1	6	5	1	2.725430E+02	1.76839E+08
15	6	1	7	5	1	3.953592E+02	2.46481E+08
15	6	1	8	5	1	5.631659E+02	2.48479E+08
15	6	1	8	7	1	5.635581E+02	2.49643E+05
15	6	1	9	5	1	7.952467E+02	2.24289E+08
15	6	1	9	7	1	7.958297E+02	7.59913E+05
15	7	0	7	6	0	3.955387E+02	9.80321E+07
15	7	0	8	6	0	5.632910E+02	1.62470E+08
15	7	0	9	6	0	7.953106E+02	1.85588E+08
15	7	0	9	8	0	7.952643E+02	1.34910E+05
15	7	1	7	6	1	3.954972E+02	9.80321E+07
15	7	1	8	6	1	5.633564E+02	1.62470E+08
15	7	1	9	6	1	7.955121E+02	1.85588E+08
15	7	1	9	8	1	7.959515E+02	1.34910E+05
15	8	0	8	7	0	5.632795E+02	6.10565E+07
15	8	0	9	7	0	7.952912E+02	1.17291E+08
15	8	1	8	7	1	5.634964E+02	6.10565E+07
15	8	1	9	7	1	7.957066E+02	1.17291E+08
15	9	0	9	8	0	7.952765E+02	4.34053E+07
15	9	1	9	8	1	7.958552E+02	4.34053E+07
10	1	0	10	0	0	3.983724E+04	2.31383E+04
10	1	0	10	2	0	3.716873E+04	5.59403E+01
10	1	1	10	0	1	7.518603E+04	3.85665E+04
10	2	1	10	1	1	2.974308E+05	2.61670E+03
10	3	1	10	2	1	6.463297E+05	2.93988E-02
10	4	1	10	3	1	1.122604E+06	8.19024E-05
10	5	1	10	4	1	1.726335E+06	1.07348E-06
10	6	1	10	5	1	2.457546E+06	3.27384E-08
10	7	1	10	6	1	3.316233E+06	1.65693E-09
10	8	1	10	7	1	4.302426E+06	1.11221E-10
10	9	1	10	8	1	5.416121E+06	7.53127E-12
11	0	0	10	1	0	3.996468E+03	3.23111E+08
11	0	0	10	1	1	3.529803E+03	8.23667E+05
11	0	1	10	1	1	3.748460E+03	3.33977E+08
11	1	0	10	0	0	3.647478E+03	1.41927E+08
11	1	0	10	2	0	3.623658E+03	1.37162E+08
11	1	0	11	2	0	3.161715E+06	3.72408E+01
11	1	1	10	0	0	3.715853E+03	9.83399E+05
11	1	1	10	0	1	3.443568E+03	1.40273E+08
11	1	1	10	2	1	3.653182E+03	1.59311E+08
11	1	1	11	0	1	9.690036E+04	2.32098E+04
11	2	0	10	1	0	4.020204E+03	2.45578E+08
11	2	0	10	3	0	3.625477E+03	9.32654E+07
11	2	1	10	1	1	3.574875E+03	2.25228E+08
11	2	1	10	3	1	3.638735E+03	9.32654E+07
11	2	1	11	1	1	3.796535E+05	1.64033E+03
11	3	0	10	2	0	3.629757E+03	3.24186E+08
11	3	0	10	4	0	3.626064E+03	6.29742E+07
11	3	1	10	2	1	3.602516E+03	3.24186E+08
11	3	1	10	4	1	3.634437E+03	6.29742E+07
11	3	1	11	2	1	8.224753E+05	1.85674E-02
11	4	0	10	3	0	3.628537E+03	4.19230E+08
11	4	0	10	5	0	3.626306E+03	4.14780E+07
11	4	1	10	3	1	3.613530E+03	4.19230E+08
11	4	1	10	5	1	3.632828E+03	4.14780E+07
11	4	1	11	3	1	1.426300E+06	5.25360E-05
11	5	0	10	4	0	3.627917E+03	5.31028E+08
11	5	0	10	6	0	3.626418E+03	2.58374E+07
11	5	1	10	4	1	3.619211E+03	5.31028E+08
11	5	1	10	6	1	3.632175E+03	2.58374E+07
11	5	1	11	4	1	2.191238E+06	7.05106E-07
11	6	0	10	5	0	3.627551E+03	6.64024E+08
11	6	0	10	7	0	3.626474E+03	1.46146E+07
11	6	1	10	5	1	3.622600E+03	6.64024E+08
11	6	1	10	7	1	3.631921E+03	1.46146E+07
11	6	1	11	5	1	3.117314E+06	2.23124E-08
11	7	0	10	6	0	3.627314E+03	8.22894E+08
11	7	0	10	8	0	3.626502E+03	6.93609E+06
11	7	1	10	6	1	3.624820E+03	8.22894E+08
11	7	1	10	8	1	3.631850E+03	6.93609E+06
11	7	1	11	6	1	4.204525E+06	1.20038E-09
11	8	0	10	7	0	3.627149E+03	1.01296E+09
11	8	0	10	9	0	3.626515E+03	2.20722E+06
11	8	1	10	7	1	3.626374E+03	1.01296E+09
11	8	1	10	9	1	3.631867E+03	2.20722E+06
11	8	1	11	7	1	5.452919E+06	9.03673E-11
11	9	0	10	8	0	3.627029E+03	1.24042E+09
11	9	1	10	8	1	3.627514E+03	1.24042E+09
11	9	1	11	8	1	6.862429E+06	8.13628E-12
12	0	0	10	1	0	2.173259E+03	2.33514E+08
12	0	0	10	1	1	2.027495E+03	6.28335E+05
12	0	0	11	1	0	4.737571E+03	2.09518E+08
12	0	0	11	1	1	4.626986E+03	4.86420E+05
12	0	1	10	1	1	2.082827E+03	2.40554E+08
12	0	1	11	1	1	4.925611E+03	2.16333E+08
12	1	0	10	0	0	2.064867E+03	1.13278E+08
12	1	0	10	2	0	2.057211E+03	9.65342E+07
12	1	0	11	0	0	4.785384E+03	8.79302E+07
12	1	0	11	2	0	4.751790E+03	9.16279E+07
12	1	0	12	2	0	3.838462E+06	2.56862E+01
12	1	1	10	0	0	2.081922E+03	7.65618E+05
12	1	1	10	0	1	1.993602E+03	1.12414E+08
12	1	1	10	2	1	2.062102E+03	1.10736E+08
12	1	1	11	0	0	4.877996E+03	6.67855E+05
12	1	1	11	0	1	4.514102E+03	8.67905E+07
12	1	1	11	2	1	4.794459E+03	1.06097E+08
12	1	1	12	0	1	1.221358E+05	1.45993E+04
12	2	0	10	1	0	2.178981E+03	1.93469E+08
12	2	0	10	3	0	2.057561E+03	6.20121E+07
12	2	0	11	1	0	4.764850E+03	1.49555E+08
12	2	0	11	3	0	4.754346E+03	6.43470E+07
12	2	1	10	1	1	2.039102E+03	1.81842E+08
12	2	1	10	3	1	2.059721E+03	6.20121E+07
12	2	1	11	1	1	4.687885E+03	1.36731E+08
12	2	1	11	3	1	4.774044E+03	6.43470E+07
12	2	1	12	1	1	4.744436E+05	1.07094E+03
12	3	0	10	2	0	2.058830E+03	2.57073E+08
12	3	0	10	4	0	2.057642E+03	3.91906E+07
12	3	0	11	2	0	4.760437E+03	1.93808E+08
12	3	0	11	4	0	4.755171E+03	4.52372E+07
12	3	1	10	2	1	2.049074E+03	2.57073E+08
12	3	1	10	4	1	2.059361E+03	3.91906E+07
12	3	1	11	2	1	4.724615E+03	1.93808E+08
12	3	1	11	4	1	4.767796E+03	4.52372E+07
12	3	1	12	2	1	1.024993E+06	1.21714E-02
12	4	0	10	3	0	2.058375E+03	3.28110E+08
12	4	0	10	5	0	2.057657E+03	2.38231E+07
12	4	0	11	3	0	4.758696E+03	2.46376E+08
12	4	0	11	5	0	4.755509E+03	3.13922E+07
12	4	1	10	3	1	2.053213E+03	3.28110E+08
12	4	1	10	5	1	2.059429E+03	2.38231E+07
12	4	1	11	3	1	4.739224E+03	2.46376E+08
12	4	1	11	5	1	4.765364E+03	3.13922E+07
12	4	1	12	3	1	1.774973E+06	3.48302E-05
12	5	0	10	4	0	2.058135E+03	4.02142E+08
12	5	0	10	6	0	2.057653E+03	1.34478E+07
12	5	0	11	4	0	4.757807E+03	3.07017E+08
12	5	0	11	6	0	4.755665E+03	2.10108E+07
12	5	1	10	4	1	2.055423E+03	4.02142E+08
12	5	1	10	6	1	2.059598E+03	1.34478E+07
12	5	1	11	4	1	4.746739E+03	3.07017E+08
12	5	1	11	6	1	4.764314E+03	2.10108E+07
12	5	1	12	4	1	2.724514E+06	4.75346E-07
12	6	0	10	5	0	2.057989E+03	4.73536E+08
12	6	0	10	7	0	2.057642E+03	6.72089E+06
12	6	0	11	5	0	4.757282E+03	3.77899E+08
12	6	0	11	7	0	4.755742E+03	1.32344E+07
12	6	1	10	5	1	2.056781E+03	4.73536E+08
12	6	1	10	7	1	2.059782E+03	6.72089E+06
12	6	1	11	5	1	4.751209E+03	3.77899E+08
12	6	1	11	7	1	4.763853E+03	1.32344E+07
12	6	1	12	5	1	3.873672E+06	1.54181E-08
12	7	0	10	6	0	2.057892E+03	5.31141E+08
12	7	0	10	8	0	2.057630E+03	2.71452E+06
12	7	0	11	6	0	4.756941E+03	4.61176E+08
12	7	0	11	8	0	4.755779E+03	7.54946E+06
12	7	1	10	6	1	2.057692E+03	5.31141E+08
12	7	1	10	8	1	2.059956E+03	2.71452E+06
12	7	1	11	6	1	4.754130E+03	4.61176E+08
12	7	1	11	8	1	4.763670E+03	7.54946E+06
12	7	1	12	6	1	5.222423E+06	8.61369E-10
12	8	0	10	7	0	2.057822E+03	5.55506E+08
12	8	0	10	9	0	2.057618E+03	6.91695E+05
12	8	0	11	7	0	4.756704E+03	5.59214E+08
12	8	0	11	9	0	4.755796E+03	3.60720E+06
12	8	1	10	7	1	2.058344E+03	5.55506E+08
12	8	1	10	9	1	2.060112E+03	6.91695E+05
12	8	1	11	7	1	4.756168E+03	5.59214E+08
12	8	1	11	9	1	4.763625E+03	3.60720E+06
12	8	1	12	7	1	6.770802E+06	6.89773E-11
12	9	0	10	8	0	2.057771E+03	5.14448E+08
12	9	0	11	8	0	4.756532E+03	6.74711E+08
12	9	1	10	8	1	2.058831E+03	5.14448E+08
12	9	1	11	8	1	4.757662E+03	6.74711E+08
12	9	1	12	8	1	8.518758E+06	6.96926E-12
13	0	0	10	1	0	1.602879E+03	1.73435E+08
13	0	0	10	1	1	1.522167E+03	4.89831E+05
13	0	0	11	1	0	2.667966E+03	1.54528E+08
13	0	0	11	1	1	2.632534E+03	3.79199E+05
13	0	0	12	1	0	6.072138E+03	1.40615E+08
13	0	0	12	1	1	5.929298E+03	2.93554E+05
13	0	1	10	1	1	1.547066E+03	1.78424E+08
13	0	1	11	1	1	2.707907E+03	1.59023E+08
13	0	1	12	1	1	6.325878E+03	1.45059E+08
13	1	0	10	0	0	1.542726E+03	8.88260E+07
13	1	0	10	2	0	1.538448E+03	6.99662E+07
13	1	0	11	0	0	2.681826E+03	7.13559E+07
13	1	0	11	2	0	2.671243E+03	6.60978E+07
13	1	0	12	0	0	6.136375E+03	5.68007E+07
13	1	0	12	2	0	6.091207E+03	6.30220E+07
13	1	0	13	2	0	4.651163E+06	1.82516E+01
13	1	1	10	0	0	1.550330E+03	6.08137E+05
13	1	1	10	0	1	1.500818E+03	8.82807E+07
13	1	1	10	2	1	1.539312E+03	8.00081E+07
13	1	1	11	0	0	2.704889E+03	5.30483E+05
13	1	1	11	0	1	2.589153E+03	7.07203E+07
13	1	1	11	2	1	2.679006E+03	7.55571E+07
13	1	1	12	0	0	6.258473E+03	4.70892E+05
13	1	1	12	0	1	5.784148E+03	5.60028E+07
13	1	1	12	2	1	6.150403E+03	7.27858E+07
13	1	1	13	0	1	1.511062E+05	9.53061E+03
13	2	0	10	1	0	1.605430E+03	1.51216E+08
13	2	0	10	3	0	1.538536E+03	4.34075E+07
13	2	0	11	1	0	2.675039E+03	1.19914E+08
13	2	0	11	3	0	2.671725E+03	4.40885E+07
13	2	0	12	1	0	6.108901E+03	9.52096E+07
13	2	0	12	3	0	6.094669E+03	4.54234E+07
13	2	1	10	1	1	1.527371E+03	1.43653E+08
13	2	1	10	3	1	1.538911E+03	4.34075E+07
13	2	1	11	1	1	2.648140E+03	1.12310E+08
13	2	1	11	3	1	2.675415E+03	4.40885E+07
13	2	1	12	1	1	6.009056E+03	8.68161E+07
13	2	1	12	3	1	6.122494E+03	4.54234E+07
13	2	1	13	1	1	5.824824E+05	7.23489E+02
13	3	0	10	2	0	1.539196E+03	2.01183E+08
13	3	0	10	4	0	1.538532E+03	2.62399E+07
13	3	0	11	2	0	2.673498E+03	1.56890E+08
13	3	0	11	4	0	2.671836E+03	2.92335E+07
13	3	0	12	2	0	6.102943E+03	1.21453E+08
13	3	0	12	4	0	6.095791E+03	3.29606E+07
13	3	1	10	2	1	1.533380E+03	2.01183E+08
13	3	1	10	4	1	1.539133E+03	2.62399E+07
13	3	1	11	2	1	2.661087E+03	1.56890E+08
13	3	1	11	4	1	2.674731E+03	2.92335E+07
13	3	1	12	2	1	6.056774E+03	1.21453E+08
13	3	1	12	4	1	6.113762E+03	3.29606E+07
13	3	1	13	2	1	1.255255E+06	8.23735E-03
13	4	0	10	3	0	1.538913E+03	2.53718E+08
13	4	0	10	5	0	1.538512E+03	1.51093E+07
13	4	0	11	3	0	2.672862E+03	1.98055E+08
13	4	0	11	5	0	2.671856E+03	1.89208E+07
13	4	0	12	3	0	6.100585E+03	1.52158E+08
13	4	0	12	5	0	6.096252E+03	2.37925E+07
13	4	1	10	3	1	1.535939E+03	2.53718E+08
13	4	1	10	5	1	1.539415E+03	1.51093E+07
13	4	1	11	3	1	2.666446E+03	1.98055E+08
13	4	1	11	5	1	2.674701E+03	1.89208E+07
13	4	1	12	3	1	6.075724E+03	1.52158E+08
13	4	1	12	5	1	6.110266E+03	2.37925E+07
13	4	1	13	3	1	2.170897E+06	2.37740E-05
13	5	0	10	4	0	1.538760E+03	3.02920E+08
13	5	0	10	6	0	1.538491E+03	7.97832E+06
13	5	0	11	4	0	2.672525E+03	2.41390E+08
13	5	0	11	6	0	2.671849E+03	1.16472E+07
13	5	0	12	4	0	6.099380E+03	1.86984E+08
13	5	0	12	6	0	6.096466E+03	1.67641E+07
13	5	1	10	4	1	1.537333E+03	3.02920E+08
13	5	1	10	6	1	1.539667E+03	7.97832E+06
13	5	1	11	4	1	2.669298E+03	2.41390E+08
13	5	1	11	6	1	2.674847E+03	1.16472E+07
13	5	1	12	4	1	6.085450E+03	1.86984E+08
13	5	1	12	6	1	6.108691E+03	1.67641E+07
13	5	1	13	4	1	3.329593E+06	3.28466E-07
13	6	0	10	5	0	1.538665E+03	3.40933E+08
13	6	0	10	7	0	1.538472E+03	3.66689E+06
13	6	0	11	5	0	2.672320E+03	2.84893E+08
13	6	0	11	7	0	2.671834E+03	6.62452E+06
13	6	0	12	5	0	6.098668E+03	2.27079E+08
13	6	0	12	7	0	6.096572E+03	1.13380E+07
13	6	1	10	5	1	1.538203E+03	3.40933E+08
13	6	1	10	7	1	1.539881E+03	3.66689E+06
13	6	1	11	5	1	2.671045E+03	2.84893E+08
13	6	1	11	7	1	2.675037E+03	6.62452E+06
13	6	1	12	5	1	6.091221E+03	2.27079E+08
13	6	1	12	7	1	6.107950E+03	1.13380E+07
13	6	1	13	5	1	4.731354E+06	1.08424E-08
13	7	0	10	6	0	1.538601E+03	3.55950E+08
13	7	0	10	8	0	1.538455E+03	1.32928E+06
13	7	0	11	6	0	2.672183E+03	3.24407E+08
13	7	0	11	8	0	2.671817E+03	3.32602E+06
13	7	0	12	6	0	6.098205E+03	2.73520E+08
13	7	0	12	8	0	6.096623E+03	7.19834E+06
13	7	1	10	6	1	1.538795E+03	3.55950E+08
13	7	1	10	8	1	1.540060E+03	1.32928E+06
13	7	1	11	6	1	2.672216E+03	3.24407E+08
13	7	1	11	8	1	2.675227E+03	3.32602E+06
13	7	1	12	6	1	6.094983E+03	2.73520E+08
13	7	1	12	8	1	6.107609E+03	7.19834E+06
13	7	1	13	6	1	6.376250E+06	6.21315E-10
13	8	0	10	7	0	1.538555E+03	3.33225E+08
13	8	0	10	9	0	1.538441E+03	2.93031E+05
13	8	0	11	7	0	2.672086E+03	3.52727E+08
13	8	0	11	9	0	2.671800E+03	1.34669E+06
13	8	0	12	7	0	6.097884E+03	3.27452E+08
13	8	0	12	9	0	6.096648E+03	4.13230E+06
13	8	1	10	7	1	1.539222E+03	3.33225E+08
13	8	1	10	9	1	1.540211E+03	2.93031E+05
13	8	1	11	7	1	2.673050E+03	3.52727E+08
13	8	1	11	9	1	2.675404E+03	1.34669E+06
13	8	1	12	7	1	6.097602E+03	3.27452E+08
13	8	1	12	9	1	6.107474E+03	4.13230E+06
13	8	1	13	7	1	8.264258E+06	5.16977E-11
13	9	0	10	8	0	1.538521E+03	2.59393E+08
13	9	0	11	8	0	2.672014E+03	3.58154E+08
13	9	0	12	8	0	6.097650E+03	3.90145E+08
13	9	1	10	8	1	1.539545E+03	2.59393E+08
13	9	1	11	8	1	2.673673E+03	3.58154E+08
13	9	1	12	8	1	6.099517E+03	3.90145E+08
13	9	1	13	8	1	1.039533E+07	5.55897E-12
14	0	0	10	1	0	1.326127E+03	1.32799E+08
14	0	0	10	1	1	1.270396E+03	3.88973E+05
14	0	0	11	1	0	1.980137E+03	1.16731E+08
14	0	0	11	1	1	1.960553E+03	3.01120E+05
14	0	0	12	1	0	3.391156E+03	1.05519E+08
14	0	0	12	1	1	3.346136E+03	2.33110E+05
14	0	0	13	1	0	7.635094E+03	9.71848E+07
14	0	0	13	1	1	7.454151E+03	1.80460E+05
14	0	1	10	1	1	1.284530E+03	1.36511E+08
14	0	1	11	1	1	1.994421E+03	1.19970E+08
14	0	1	12	1	1	3.446012E+03	1.08493E+08
14	0	1	13	1	1	7.968645E+03	1.00178E+08
14	1	0	10	0	0	1.284457E+03	7.05566E+07
14	1	0	10	2	0	1.281491E+03	5.25268E+07
14	1	0	11	0	0	1.987219E+03	5.67928E+07
14	1	0	11	2	0	1.981402E+03	4.88542E+07
14	1	0	12	0	0	3.409498E+03	4.67429E+07
14	1	0	12	2	0	3.395508E+03	4.64240E+07
14	1	0	13	0	0	7.718459E+03	3.80018E+07
14	1	0	13	2	0	7.659864E+03	4.44622E+07
14	1	0	14	2	0	5.612334E+06	1.33016E+01
14	1	1	10	0	0	1.288743E+03	4.91367E+05
14	1	1	10	0	1	1.254344E+03	7.01766E+07
14	1	1	10	2	1	1.281120E+03	6.00037E+07
14	1	1	11	0	0	1.997495E+03	4.28624E+05
14	1	1	11	0	1	1.933665E+03	5.63729E+07
14	1	1	11	2	1	1.983345E+03	5.56575E+07
14	1	1	12	0	0	3.439861E+03	3.80475E+05
14	1	1	12	0	1	3.291506E+03	4.62763E+07
14	1	1	12	2	1	3.406958E+03	5.29119E+07
14	1	1	13	0	0	7.875835E+03	3.42506E+05
14	1	1	13	0	1	7.270408E+03	3.74330E+07
14	1	1	13	2	1	7.739386E+03	5.12383E+07
14	1	1	14	0	1	1.840215E+05	6.42156E+03
14	2	0	10	1	0	1.327565E+03	1.19949E+08
14	2	0	10	3	0	1.281491E+03	3.18605E+07
14	2	0	11	1	0	1.983345E+03	9.52200E+07
14	2	0	11	3	0	1.981523E+03	3.15592E+07
14	2	0	12	1	0	3.400574E+03	7.74589E+07
14	2	0	12	3	0	3.396159E+03	3.19215E+07
14	2	0	13	1	0	7.683003E+03	6.29047E+07
14	2	0	13	3	0	7.664412E+03	3.27395E+07
14	2	1	10	1	1	1.273320E+03	1.14681E+08
14	2	1	10	3	1	1.281330E+03	3.18605E+07
14	2	1	11	1	1	1.967526E+03	9.01201E+07
14	2	1	11	3	1	1.982543E+03	3.15592E+07
14	2	1	12	1	1	3.366502E+03	7.23315E+07
14	2	1	12	3	1	3.401813E+03	3.19215E+07
14	2	1	13	1	1	7.555976E+03	5.72303E+07
14	2	1	13	3	1	7.702253E+03	3.27395E+07
14	2	1	14	1	1	7.044387E+05	5.03185E+02
14	3	0	10	2	0	1.281921E+03	1.59596E+08
14	3	0	10	4	0	1.281460E+03	1.86498E+07
14	3	0	11	2	0	1.982430E+03	1.25019E+08
14	3	0	11	4	0	1.981516E+03	2.01086E+07
14	3	0	12	2	0	3.398530E+03	9.99618E+07
14	3	0	12	4	0	3.396311E+03	2.19809E+07
14	3	0	13	2	0	7.675258E+03	7.91597E+07
14	3	0	13	4	0	7.665895E+03	2.43714E+07
14	3	1	10	2	1	1.277716E+03	1.59596E+08
14	3	1	10	4	1	1.281709E+03	1.86498E+07
14	3	1	11	2	1	1.975197E+03	1.25019E+08
14	3	1	11	4	1	1.982704E+03	2.01086E+07
14	3	1	12	2	1	3.382987E+03	9.99618E+07
14	3	1	12	4	1	3.400692E+03	2.19809E+07
14	3	1	13	2	1	7.616783E+03	7.91597E+07
14	3	1	13	4	1	7.690430E+03	2.43714E+07
14	3	1	14	2	1	1.514598E+06	5.73076E-03
14	4	0	10	3	0	1.281709E+03	1.99243E+08
14	4	0	10	5	0	1.281430E+03	1.03248E+07
14	4	0	11	3	0	1.982042E+03	1.56627E+08
14	4	0	11	5	0	1.981489E+03	1.24081E+07
14	4	0	12	3	0	3.397685E+03	1.24892E+08
14	4	0	12	5	0	3.396341E+03	1.49199E+07
14	4	0	13	3	0	7.672187E+03	9.79311E+07
14	4	0	13	5	0	7.666509E+03	1.81444E+07
14	4	1	10	3	1	1.279621E+03	1.99243E+08
14	4	1	10	5	1	1.282032E+03	1.03248E+07
14	4	1	11	3	1	1.978455E+03	1.56627E+08
14	4	1	11	5	1	1.982996E+03	1.24081E+07
14	4	1	12	3	1	3.389792E+03	1.24892E+08
14	4	1	12	5	1	3.400517E+03	1.49199E+07
14	4	1	13	3	1	7.640902E+03	9.79311E+07
14	4	1	13	5	1	7.685591E+03	1.81444E+07
14	4	1	14	3	1	2.616301E+06	1.66491E-05
14	5	0	10	4	0	1.281592E+03	2.32982E+08
14	5	0	10	6	0	1.281405E+03	5.19407E+06
14	5	0	11	4	0	1.981832E+03	1.87345E+08
14	5	0	11	6	0	1.981460E+03	7.21071E+06
14	5	0	12	4	0	3.397238E+03	1.51228E+08
14	5	0	12	6	0	3.396333E+03	9.77640E+06
14	5	0	13	4	0	7.670617E+03	1.18904E+08
14	5	0	13	6	0	7.666796E+03	1.32895E+07
14	5	1	10	4	1	1.280672E+03	2.32982E+08
14	5	1	10	6	1	1.282291E+03	5.19407E+06
14	5	1	11	4	1	1.980224E+03	1.87345E+08
14	5	1	11	6	1	1.983276E+03	7.21071E+06
14	5	1	12	4	1	3.393404E+03	1.51228E+08
14	5	1	12	6	1	3.400618E+03	9.77640E+06
14	5	1	13	4	1	7.653256E+03	1.18904E+08
14	5	1	13	6	1	7.683345E+03	1.32895E+07
14	5	1	14	4	1	4.009784E+06	2.32183E-07
14	6	0	10	5	0	1.281519E+03	2.53260E+08
14	6	0	10	7	0	1.281384E+03	2.24675E+06
14	6	0	11	5	0	1.981701E+03	2.13888E+08
14	6	0	11	7	0	1.981434E+03	3.82232E+06
14	6	0	12	5	0	3.396965E+03	1.78241E+08
14	6	0	12	7	0	3.396314E+03	6.06348E+06
14	6	0	13	5	0	7.669689E+03	1.42733E+08
14	6	0	13	7	0	7.666939E+03	9.45655E+06
14	6	1	10	5	1	1.281334E+03	2.53260E+08
14	6	1	10	7	1	1.282498E+03	2.24675E+06
14	6	1	11	5	1	1.981326E+03	2.13888E+08
14	6	1	11	7	1	1.983521E+03	3.82232E+06
14	6	1	12	5	1	3.395610E+03	1.78241E+08
14	6	1	12	7	1	3.400802E+03	6.06348E+06
14	6	1	13	5	1	7.660569E+03	1.42733E+08
14	6	1	13	7	1	7.682237E+03	9.45655E+06
14	6	1	14	5	1	5.695053E+06	7.76427E-09
14	7	0	10	6	0	1.281469E+03	2.50616E+08
14	7	0	10	8	0	1.281368E+03	7.53683E+05
14	7	0	11	6	0	1.981613E+03	2.31117E+08
14	7	0	11	8	0	1.981411E+03	1.75767E+06
14	7	0	12	6	0	3.396783E+03	2.04260E+08
14	7	0	12	8	0	3.396292E+03	3.46532E+06
14	7	0	13	6	0	7.669086E+03	1.69995E+08
14	7	0	13	8	0	7.667010E+03	6.44336E+06
14	7	1	10	6	1	1.281788E+03	2.50616E+08
14	7	1	10	8	1	1.282666E+03	7.53683E+05
14	7	1	11	6	1	1.982074E+03	2.31117E+08
14	7	1	11	8	1	1.983730E+03	1.75767E+06
14	7	1	12	6	1	3.397084E+03	2.04260E+08
14	7	1	12	8	1	3.401003E+03	3.46532E+06
14	7	1	13	6	1	7.665327E+03	1.69995E+08
14	7	1	13	8	1	7.681686E+03	6.44336E+06
14	7	1	14	6	1	7.672183E+06	4.53060E-10
14	8	0	10	7	0	1.281433E+03	2.16576E+08
14	8	0	10	9	0	1.281353E+03	1.50040E+05
14	8	0	11	7	0	1.981550E+03	2.32168E+08
14	8	0	11	9	0	1.981392E+03	6.35837E+05
14	8	0	12	7	0	3.396653E+03	2.26374E+08
14	8	0	12	9	0	3.396270E+03	1.74503E+06
14	8	0	13	7	0	7.668668E+03	2.01283E+08
14	8	0	13	9	0	7.667044E+03	4.11519E+06
14	8	1	10	7	1	1.282119E+03	2.16576E+08
14	8	1	10	9	1	1.282805E+03	1.50040E+05
14	8	1	11	7	1	1.982613E+03	2.32168E+08
14	8	1	11	9	1	1.983908E+03	6.35837E+05
14	8	1	12	7	1	3.398133E+03	2.26374E+08
14	8	1	12	9	1	3.401197E+03	1.74503E+06
14	8	1	13	7	1	7.668633E+03	2.01283E+08
14	8	1	13	9	1	7.681427E+03	4.11519E+06
14	8	1	14	7	1	9.941247E+06	3.86868E-11
14	9	0	10	8	0	1.281405E+03	1.49657E+08
14	9	0	11	8	0	1.981502E+03	2.09387E+08
14	9	0	12	8	0	3.396557E+03	2.39914E+08
14	9	0	13	8	0	7.668362E+03	2.37240E+08
14	9	1	10	8	1	1.282369E+03	1.49657E+08
14	9	1	11	8	1	1.983020E+03	2.09387E+08
14	9	1	12	8	1	3.398915E+03	2.39914E+08
14	9	1	13	8	1	7.671045E+03	2.37240E+08
14	9	1	14	8	1	1.250188E+07	4.32431E-12
15	0	0	10	1	0	1.163711E+03	1.04203E+08
15	0	0	10	1	1	1.120572E+03	3.13837E+05
15	0	0	11	1	0	1.638645E+03	9.06902E+07
15	0	0	11	1	1	1.625210E+03	2.42954E+05
15	0	0	12	1	0	2.499191E+03	8.08788E+07
15	0	0	12	1	1	2.474654E+03	1.88081E+05
15	0	0	13	1	0	4.233362E+03	7.40227E+07
15	0	0	13	1	1	4.177142E+03	1.45602E+05
15	0	0	14	1	0	9.444364E+03	6.88926E+07
15	0	0	14	1	1	9.218957E+03	1.12716E+05
15	0	1	10	1	1	1.129673E+03	1.07055E+08
15	0	1	11	1	1	1.644423E+03	9.31357E+07
15	0	1	12	1	1	2.519477E+03	8.30526E+07
15	0	1	13	1	1	4.306464E+03	7.60521E+07
15	0	1	14	1	1	9.873320E+03	7.09671E+07
15	1	0	10	0	0	1.131358E+03	5.68973E+07
15	1	0	10	2	0	1.129056E+03	4.05562E+07
15	1	0	11	0	0	1.643195E+03	4.57127E+07
15	1	0	11	2	0	1.639215E+03	3.72826E+07
15	1	0	12	0	0	2.508447E+03	3.76784E+07
15	1	0	12	2	0	2.500866E+03	3.48948E+07
15	1	0	13	0	0	4.256871E+03	3.16478E+07
15	1	0	13	2	0	4.238987E+03	3.33468E+07
15	1	0	14	0	0	9.549617E+03	2.61954E+07
15	1	0	14	2	0	9.475712E+03	3.20750E+07
15	1	0	15	2	0	6.737001E+06	9.90811E+00
15	1	1	10	0	0	1.134100E+03	4.02904E+05
15	1	1	10	0	1	1.107376E+03	5.66160E+07
15	1	1	10	2	1	1.128193E+03	4.63152E+07
15	1	1	11	0	0	1.648987E+03	3.51457E+05
15	1	1	11	0	1	1.605243E+03	4.54104E+07
15	1	1	11	2	1	1.639331E+03	4.24239E+07
15	1	1	12	0	0	2.521969E+03	3.11977E+05
15	1	1	12	0	1	2.441296E+03	3.73601E+07
15	1	1	12	2	1	2.504238E+03	3.96291E+07
15	1	1	13	0	0	4.295961E+03	2.80844E+05
15	1	1	13	0	1	4.109308E+03	3.13029E+07
15	1	1	13	2	1	4.255041E+03	3.79120E+07
15	1	1	14	0	0	9.748612E+03	2.55735E+05
15	1	1	14	0	1	8.989549E+03	2.57827E+07
15	1	1	14	2	1	9.579777E+03	3.68938E+07
15	1	1	15	0	1	2.210881E+05	4.44628E+03
15	2	0	10	1	0	1.164628E+03	9.66526E+07
15	2	0	10	3	0	1.129018E+03	2.42421E+07
15	2	0	11	1	0	1.640465E+03	7.65985E+07
15	2	0	11	3	0	1.639218E+03	2.35771E+07
15	2	0	12	1	0	2.503426E+03	6.23312E+07
15	2	0	12	3	0	2.501033E+03	2.32926E+07
15	2	0	13	1	0	4.245528E+03	5.18058E+07
15	2	0	13	3	0	4.239845E+03	2.35120E+07
15	2	0	14	1	0	9.505130E+03	4.28914E+07
15	2	0	14	3	0	9.481532E+03	2.40458E+07
15	2	1	10	1	1	1.122430E+03	9.28151E+07
15	2	1	10	3	1	1.128649E+03	2.42421E+07
15	2	1	11	1	1	1.629121E+03	7.29506E+07
15	2	1	11	3	1	1.639403E+03	2.35771E+07
15	2	1	12	1	1	2.483732E+03	5.88064E+07
15	2	1	12	3	1	2.502900E+03	2.32926E+07
15	2	1	13	1	1	4.203071E+03	4.82537E+07
15	2	1	13	3	1	4.247947E+03	2.35120E+07
15	2	1	14	1	1	9.346210E+03	3.89467E+07
15	2	1	14	3	1	9.531486E+03	2.40458E+07
15	2	1	15	1	1	8.409672E+05	3.58845E+02
15	3	0	10	2	0	1.129334E+03	1.28591E+08
15	3	0	10	4	0	1.128976E+03	1.38487E+07
15	3	0	11	2	0	1.639802E+03	1.00742E+08
15	3	0	11	4	0	1.639177E+03	1.45906E+07
15	3	0	12	2	0	2.502232E+03	8.08512E+07
15	3	0	12	4	0	2.501029E+03	1.54711E+07
15	3	0	13	2	0	4.242913E+03	6.60445E+07
15	3	0	13	4	0	4.240050E+03	1.66923E+07
15	3	0	14	2	0	9.495351E+03	5.33387E+07
15	3	0	14	4	0	9.483444E+03	1.82808E+07
15	3	1	10	2	1	1.125979E+03	1.28591E+08
15	3	1	10	4	1	1.129078E+03	1.38487E+07
15	3	1	11	2	1	1.634659E+03	1.00742E+08
15	3	1	11	4	1	1.639798E+03	1.45906E+07
15	3	1	12	2	1	2.493353E+03	8.08512E+07
15	3	1	12	4	1	2.502957E+03	1.54711E+07
15	3	1	13	2	1	4.223710E+03	6.60445E+07
15	3	1	13	4	1	4.246259E+03	1.66923E+07
15	3	1	14	2	1	9.422416E+03	5.33387E+07
15	3	1	14	4	1	9.515886E+03	1.82808E+07
15	3	1	15	2	1	1.804338E+06	4.08393E-03
15	4	0	10	3	0	1.129159E+03	1.59185E+08
15	4	0	10	5	0	1.128943E+03	7.44169E+06
15	4	0	11	3	0	1.639515E+03	1.25344E+08
15	4	0	11	5	0	1.639137E+03	8.69280E+06
15	4	0	12	3	0	2.501724E+03	1.00570E+08
15	4	0	12	5	0	2.500995E+03	1.00631E+07
15	4	0	13	3	0	4.241831E+03	8.17304E+07
15	4	0	13	5	0	4.240095E+03	1.17621E+07
15	4	0	14	3	0	9.491470E+03	6.52655E+07
15	4	0	14	5	0	9.484241E+03	1.39534E+07
15	4	1	10	3	1	1.127535E+03	1.59185E+08
15	4	1	10	5	1	1.129407E+03	7.44169E+06
15	4	1	11	3	1	1.637053E+03	1.25344E+08
15	4	1	11	5	1	1.640161E+03	8.69280E+06
15	4	1	12	3	1	2.497428E+03	1.00570E+08
15	4	1	12	5	1	2.503244E+03	1.00631E+07
15	4	1	13	3	1	4.232209E+03	8.17304E+07
15	4	1	13	5	1	4.245883E+03	1.17621E+07
15	4	1	14	3	1	9.452614E+03	6.52655E+07
15	4	1	14	5	1	9.509388E+03	1.39534E+07
15	4	1	15	3	1	3.113373E+06	1.19267E-05
15	5	0	10	4	0	1.129062E+03	1.83058E+08
15	5	0	10	6	0	1.128917E+03	3.60871E+06
15	5	0	11	4	0	1.639357E+03	1.47621E+08
15	5	0	11	6	0	1.639103E+03	4.84190E+06
15	5	0	12	4	0	2.501449E+03	1.20149E+08
15	5	0	12	6	0	2.500958E+03	6.26871E+06
15	5	0	13	4	0	4.241258E+03	9.82975E+07
15	5	0	13	6	0	4.240089E+03	8.08070E+06
15	5	0	14	4	0	9.489485E+03	7.84133E+07
15	5	0	14	6	0	9.484617E+03	1.05347E+07
15	5	1	10	4	1	1.128402E+03	1.83058E+08
15	5	1	10	6	1	1.129659E+03	3.60871E+06
15	5	1	11	4	1	1.638371E+03	1.47621E+08
15	5	1	11	6	1	1.640460E+03	4.84190E+06
15	5	1	12	4	1	2.499635E+03	1.20149E+08
15	5	1	12	6	1	2.503548E+03	6.26871E+06
15	5	1	13	4	1	4.236708E+03	9.82975E+07
15	5	1	13	6	1	4.245913E+03	8.08070E+06
15	5	1	14	4	1	9.468052E+03	7.84133E+07
15	5	1	14	6	1	9.506303E+03	1.05347E+07
15	5	1	15	4	1	4.768353E+06	1.67541E-07
15	6	0	10	5	0	1.129000E+03	1.93627E+08
15	6	0	10	7	0	1.128896E+03	1.49106E+06
15	6	0	11	5	0	1.639258E+03	1.64145E+08
15	6	0	11	7	0	1.639075E+03	2.43694E+06
15	6	0	12	5	0	2.501278E+03	1.38144E+08
15	6	0	12	7	0	2.500925E+03	3.65935E+06
15	6	0	13	5	0	4.240908E+03	1.15490E+08
15	6	0	13	7	0	4.240067E+03	5.33422E+06
15	6	0	14	5	0	9.488312E+03	9.31771E+07
15	6	0	14	7	0	9.484806E+03	7.78859E+06
15	6	1	10	5	1	1.128952E+03	1.93627E+08
15	6	1	10	7	1	1.129855E+03	1.49106E+06
15	6	1	11	5	1	1.639200E+03	1.64145E+08
15	6	1	11	7	1	1.640703E+03	2.43694E+06
15	6	1	12	5	1	2.501006E+03	1.38144E+08
15	6	1	12	7	1	2.503822E+03	3.65935E+06
15	6	1	13	5	1	4.239449E+03	1.15490E+08
15	6	1	13	7	1	4.246077E+03	5.33422E+06
15	6	1	14	5	1	9.477175E+03	9.31771E+07
15	6	1	14	7	1	9.504732E+03	7.78859E+06
15	6	1	15	5	1	6.769335E+06	5.65848E-09
15	7	0	10	6	0	1.128958E+03	1.83854E+08
15	7	0	10	8	0	1.128880E+03	4.71909E+05
15	7	0	11	6	0	1.639190E+03	1.70308E+08
15	7	0	11	8	0	1.639052E+03	1.05066E+06
15	7	0	12	6	0	2.501162E+03	1.52202E+08
15	7	0	12	8	0	2.500896E+03	1.94274E+06
15	7	0	13	6	0	4.240675E+03	1.32600E+08
15	7	0	13	8	0	4.240040E+03	3.32451E+06
15	7	0	14	6	0	9.487550E+03	1.09887E+08
15	7	0	14	8	0	9.484903E+03	5.58113E+06
15	7	1	10	6	1	1.129330E+03	1.83854E+08
15	7	1	10	8	1	1.130012E+03	4.71909E+05
15	7	1	11	6	1	1.639768E+03	1.70308E+08
15	7	1	11	8	1	1.640901E+03	1.05066E+06
15	7	1	12	6	1	2.501935E+03	1.52202E+08
15	7	1	12	8	1	2.504060E+03	1.94274E+06
15	7	1	13	6	1	4.241277E+03	1.32600E+08
15	7	1	13	8	1	4.246281E+03	3.32451E+06
15	7	1	14	6	1	9.483097E+03	1.09887E+08
15	7	1	14	8	1	9.503910E+03	5.58113E+06
15	7	1	15	6	1	9.116352E+06	3.34663E-10
15	8	0	10	7	0	1.128927E+03	1.49599E+08
15	8	0	10	9	0	1.128866E+03	8.71201E+04
15	8	0	11	7	0	1.639141E+03	1.61166E+08
15	8	0	11	9	0	1.639033E+03	3.50206E+05
15	8	0	12	7	0	2.501079E+03	1.59056E+08
15	8	0	12	9	0	2.500871E+03	8.92761E+05
15	8	0	13	7	0	4.240509E+03	1.48365E+08
15	8	0	13	9	0	4.240013E+03	1.90611E+06
15	8	0	14	7	0	9.487021E+03	1.28867E+08
15	8	0	14	9	0	9.484952E+03	3.82411E+06
15	8	1	10	7	1	1.129607E+03	1.49599E+08
15	8	1	10	9	1	1.130140E+03	8.71201E+04
15	8	1	11	7	1	1.640180E+03	1.61166E+08
15	8	1	11	9	1	1.641065E+03	3.50206E+05
15	8	1	12	7	1	2.502604E+03	1.59056E+08
15	8	1	12	9	1	2.504266E+03	8.92761E+05
15	8	1	13	7	1	4.242576E+03	1.48365E+08
15	8	1	13	9	1	4.246489E+03	1.90611E+06
15	8	1	14	7	1	9.487205E+03	1.28867E+08
15	8	1	14	9	1	9.503487E+03	3.82411E+06
15	8	1	15	7	1	1.180930E+07	2.91120E-11
15	9	0	10	8	0	1.128904E+03	9.47866E+07
15	9	0	11	8	0	1.639104E+03	1.33321E+08
15	9	0	12	8	0	2.501017E+03	1.54725E+08
15	9	0	13	8	0	4.240386E+03	1.60774E+08
15	9	0	14	8	0	9.486636E+03	1.50463E+08
15	9	1	10	8	1	1.129818E+03	9.47866E+07
15	9	1	11	8	1	1.640492E+03	1.33321E+08
15	9	1	12	8	1	2.503108E+03	1.54725E+08
15	9	1	13	8	1	4.243542E+03	1.60774E+08
15	9	1	14	8	1	9.490198E+03	1.50463E+08
15	9	1	15	8	1	1.484847E+07	3.34071E-12
11	10	0	10	9	0	3.626939E+03	1.51263E+09
11	10	1	10	9	1	3.628384E+03	1.51263E+09
11	10	1	11	9	1	8.433125E+06	6.90697E-13
12	10	0	10	9	0	2.057731E+03	3.56328E+08
12	10	0	11	9	0	4.756401E+03	8.10795E+08
12	10	1	10	9	1	2.059209E+03	3.56328E+08
12	10	1	11	9	1	4.758798E+03	8.10795E+08
12	10	1	12	9	1	1.046649E+07	7.87047E-13
12	9	0	11	10	0	4.755802E+03	1.15420E+06
12	9	1	11	10	1	4.763652E+03	1.15420E+06
13	10	0	10	9	0	1.538494E+03	1.34460E+08
13	10	0	11	9	0	2.671958E+03	3.22330E+08
13	10	0	12	9	0	6.097472E+03	4.63049E+08
13	10	1	10	9	1	1.539797E+03	1.34460E+08
13	10	1	11	9	1	2.674155E+03	3.22330E+08
13	10	1	12	9	1	6.100971E+03	4.63049E+08
13	10	1	13	9	1	1.276960E+07	7.04795E-13
13	9	0	11	10	0	2.671784E+03	3.43400E+05
13	9	0	12	10	0	6.096656E+03	1.98477E+06
13	9	1	11	10	1	2.675564E+03	3.43400E+05
13	9	1	12	10	1	6.107450E+03	1.98477E+06
14	10	0	10	9	0	1.281384E+03	6.46665E+07
14	10	0	11	9	0	1.981465E+03	1.57138E+08
14	10	0	12	9	0	3.396483E+03	2.37679E+08
14	10	0	13	9	0	7.668131E+03	2.78584E+08
14	10	1	10	9	1	1.282566E+03	6.46665E+07
14	10	1	11	9	1	1.983337E+03	1.57138E+08
14	10	1	12	9	1	3.399519E+03	2.37679E+08
14	10	1	13	9	1	7.672874E+03	2.78584E+08
14	10	1	14	9	1	1.535485E+07	5.83703E-13
14	9	0	11	10	0	1.981375E+03	1.39550E+05
14	9	0	12	10	0	3.396249E+03	7.07620E+05
14	9	0	13	10	0	7.667058E+03	2.37404E+06
14	9	1	11	10	1	1.984060E+03	1.39550E+05
14	9	1	12	10	1	3.401377E+03	7.07620E+05
14	9	1	13	10	1	7.681328E+03	2.37404E+06
15	10	0	10	9	0	1.128886E+03	3.61092E+07
15	10	0	11	9	0	1.639075E+03	8.82290E+07
15	10	0	12	9	0	2.500968E+03	1.35233E+08
15	10	0	13	9	0	4.240291E+03	1.66764E+08
15	10	0	14	9	0	9.486344E+03	1.75052E+08
15	10	1	10	9	1	1.129984E+03	3.61092E+07
15	10	1	11	9	1	1.640736E+03	8.82290E+07
15	10	1	12	9	1	2.503499E+03	1.35233E+08
15	10	1	13	9	1	4.244286E+03	1.66764E+08
15	10	1	14	9	1	9.492464E+03	1.75052E+08
15	10	1	15	9	1	1.823354E+07	4.68909E-13
15	9	0	11	10	0	1.639018E+03	6.90788E+04
15	9	0	12	10	0	2.500849E+03	3.22135E+05
15	9	0	13	10	0	4.239987E+03	9.61744E+05
15	9	0	14	10	0	9.484973E+03	2.45372E+06
15	9	1	11	10	1	1.641203E+03	6.90788E+04
15	9	1	12	10	1	2.504442E+03	3.22135E+05
15	9	1	13	10	1	4.246687E+03	9.61744E+05
15	9	1	14	10	1	9.503286E+03	2.45372E+06
12	11	0	11	10	0	4.756299E+03	9.71115E+08
12	11	1	11	10	1	4.759688E+03	9.71115E+08
12	11	1	12	10	1	1.261368E+07	7.99784E-14
13	10	0	12	11	0	6.096657E+03	6.37833E+05
13	10	1	12	11	1	6.107486E+03	6.37833E+05
13	11	0	11	10	0	2.671914E+03	2.17106E+08
13	11	0	12	10	0	6.097334E+03	5.47826E+08
13	11	1	11	10	1	2.674538E+03	2.17106E+08
13	11	1	12	10	1	6.102109E+03	5.47826E+08
13	11	1	13	10	1	1.538675E+07	9.53129E-14
13	12	0	12	11	0	6.097223E+03	6.46395E+08
13	12	1	12	11	1	6.103020E+03	6.46395E+08
13	12	1	13	11	1	1.824751E+07	1.12144E-14
14	10	0	12	11	0	3.396230E+03	1.80480E+05
14	10	0	13	11	0	7.667060E+03	1.14501E+06
14	10	1	12	11	1	3.401541E+03	1.80480E+05
14	10	1	13	11	1	7.681320E+03	1.14501E+06
14	11	0	11	10	0	1.981435E+03	7.85601E+07
14	11	0	12	10	0	3.396424E+03	2.08841E+08
14	11	0	13	10	0	7.667951E+03	3.26128E+08
14	11	0	13	12	0	7.667055E+03	3.69263E+05
14	11	1	11	10	1	1.983591E+03	7.85601E+07
14	11	1	12	10	1	3.399998E+03	2.08841E+08
14	11	1	13	10	1	7.674302E+03	3.26128E+08
14	11	1	13	12	1	7.681364E+03	3.69263E+05
14	11	1	14	10	1	1.849899E+07	8.86500E-14
14	12	0	12	11	0	3.396376E+03	1.37397E+08
14	12	0	13	11	0	7.667806E+03	3.80800E+08
14	12	1	12	11	1	3.400388E+03	1.37397E+08
14	12	1	13	11	1	7.675445E+03	3.80800E+08
14	12	1	14	11	1	2.193560E+07	1.38850E-14
14	13	0	13	12	0	7.667689E+03	4.43658E+08
14	13	1	13	12	1	7.676378E+03	4.43658E+08
14	13	1	14	12	1	2.566406E+07	1.84523E-15
15	10	0	12	11	0	2.500831E+03	7.03980E+04
15	10	0	13	11	0	4.239964E+03	3.90342E+05
15	10	0	14	11	0	9.484978E+03	1.42114E+06
15	10	1	12	11	1	2.504596E+03	7.03980E+04
15	10	1	13	11	1	4.246870E+03	3.90342E+05
15	10	1	14	11	1	9.503215E+03	1.42114E+06
15	11	0	11	10	0	1.639052E+03	3.65162E+07
15	11	0	12	10	0	2.500929E+03	9.83995E+07
15	11	0	13	10	0	4.240216E+03	1.61802E+08
15	11	0	13	12	0	4.239942E+03	9.95503E+04
15	11	0	14	10	0	9.486116E+03	2.03058E+08
15	11	0	14	12	0	9.484974E+03	6.87749E+05
15	11	1	11	10	1	1.640933E+03	3.65162E+07
15	11	1	12	10	1	2.503813E+03	9.83995E+07
15	11	1	13	10	1	4.244877E+03	1.61802E+08
15	11	1	13	12	1	4.247037E+03	9.95503E+04
15	11	1	14	10	1	9.494230E+03	2.03058E+08
15	11	1	14	12	1	9.503220E+03	6.87749E+05
15	11	1	15	10	1	2.196499E+07	7.58417E-14
15	12	0	12	11	0	2.500897E+03	4.77088E+07
15	12	0	13	11	0	4.240155E+03	1.39303E+08
15	12	0	14	11	0	9.485935E+03	2.34955E+08
15	12	0	14	13	0	9.484965E+03	2.22443E+05
15	12	1	12	11	1	2.504069E+03	4.77088E+07
15	12	1	13	11	1	4.245356E+03	1.39303E+08
15	12	1	14	11	1	9.495641E+03	2.34955E+08
15	12	1	14	13	1	9.503271E+03	2.22443E+05
15	12	1	15	11	1	2.604167E+07	1.33440E-14
15	13	0	13	12	0	4.240104E+03	8.98282E+07
15	13	0	14	12	0	9.485786E+03	2.71281E+08
15	13	1	13	12	1	4.245752E+03	8.98282E+07
15	13	1	14	12	1	9.496792E+03	2.71281E+08
15	13	1	15	12	1	3.046551E+07	2.36120E-15
15	14	0	14	13	0	9.485663E+03	3.12644E+08
15	14	1	14	13	1	9.497747E+03	3.12644E+08
15	14	1	15	13	1	3.523360E+07	3.47760E-16
100	0	0	0	0	0	1.0	1.0
