2	0	1	1	0	0	2.953433E+01	2.55000E+02
2	1	0	1	0	0	2.878700E+01	1.80900E+12
2	1	0	2	0	0	2.897207E+03	2.07900E+07
2	1	0	2	0	1	1.137656E+03	2.39098E+04
2	1	1	1	0	0	2.908262E+01	1.35702E+08
2	1	1	2	0	1	1.901526E+03	2.11898E+08
3	0	0	2	1	0	1.878958E+02	1.12500E+10
3	0	0	2	1	1	1.762050E+02	1.90819E+06
3	0	1	2	0	1	1.650247E+02	1.27000E-01
3	0	1	2	1	1	1.807074E+02	1.29144E+10
3	1	0	1	0	0	2.489798E+01	5.15800E+11
3	1	0	2	0	0	1.732754E+02	2.69700E+10
3	1	0	2	1	0	1.842978E+02	1.10230E+06
3	1	0	3	0	0	9.624639E+03	3.27600E+06
3	1	0	3	2	0	3.816794E+04	6.08000E+04
3	1	1	1	0	0	2.496156E+01	4.32654E+07
3	1	1	2	0	0	1.764023E+02	2.85316E+06
3	1	1	2	0	1	1.612201E+02	2.85100E+10
3	1	1	2	1	1	1.761554E+02	1.20795E+06
3	1	1	3	0	1	6.993007E+03	8.44500E+06
3	2	0	2	1	0	1.851920E+02	8.20500E+10
3	2	1	2	1	1	1.739189E+02	8.74856E+10
3	2	1	3	1	1	1.369863E+04	3.14929E+05
4	0	0	2	1	0	1.372250E+02	4.53400E+09
4	0	0	2	1	1	1.308831E+02	7.79719E+05
4	0	0	3	1	0	5.372589E+02	3.09100E+09
4	0	0	3	1	1	5.092687E+02	2.01204E+05
4	0	1	2	1	1	1.318703E+02	5.05511E+09
4	0	1	3	1	1	5.245489E+02	3.51000E+09
4	1	0	1	0	0	2.377098E+01	2.14500E+11
4	1	0	2	0	0	1.302870E+02	1.20700E+10
4	1	0	2	1	0	1.364219E+02	4.75144E+05
4	1	0	3	0	0	4.979832E+02	3.54000E+09
4	1	0	3	2	0	5.180274E+02	4.11900E+08
4	1	0	4	0	0	2.331002E+04	7.77000E+05
4	1	0	4	2	0	1.020408E+05	1.45000E+04
4	1	1	1	0	0	2.379468E+01	1.89100E+07
4	1	1	2	0	0	1.310022E+02	1.24703E+06
4	1	1	2	0	1	1.224395E+02	1.28500E+10
4	1	1	2	1	1	1.308660E+02	5.15850E+05
4	1	1	3	0	0	5.085953E+02	3.73901E+05
4	1	1	3	0	1	4.744733E+02	3.56500E+09
4	1	1	3	2	1	5.286530E+02	5.84100E+08
4	1	1	4	0	1	1.718213E+04	1.94300E+06
4	2	0	2	1	0	1.366046E+02	2.56700E+10
4	2	0	3	1	0	5.278716E+02	9.13000E+09
4	2	1	2	1	1	1.303202E+02	2.89633E+10
4	2	1	3	1	1	5.008514E+02	8.96600E+09
4	2	1	4	1	1	3.125000E+04	7.69153E+04
4	3	0	3	2	0	5.163578E+02	1.25500E+10
4	3	0	4	2	0	6.233815E+04	6.07961E-03
4	3	1	3	2	1	5.078287E+02	1.78498E+10
4	3	1	4	2	1	2.194524E+04	6.07961E-03
5	0	0	2	1	0	1.220658E+02	2.25900E+09
5	0	0	2	1	1	1.170219E+02	3.89449E+05
5	0	0	3	1	0	3.614937E+02	1.49700E+09
5	0	0	3	1	1	3.486021E+02	1.00496E+05
5	0	0	4	1	0	1.159958E+03	1.06500E+09
5	0	0	4	1	1	1.106195E+03	7.77985E+04
5	0	1	2	1	1	1.174163E+02	2.48695E+09
5	0	1	3	1	1	3.521251E+02	1.67100E+09
5	0	1	4	1	1	1.142465E+03	1.19100E+09
5	1	0	1	0	0	2.327698E+01	1.09100E+11
5	1	0	2	0	0	1.167112E+02	6.27500E+09
5	1	0	2	1	0	1.216101E+02	2.43872E+05
5	1	0	3	0	0	3.447206E+02	1.97800E+09
5	1	0	3	2	0	3.542080E+02	1.79000E+08
5	1	0	4	0	0	1.068719E+03	8.49500E+08
5	1	0	4	2	0	1.107910E+03	2.31000E+08
5	1	0	5	0	0	3.257329E+04	5.07000E+05
5	1	0	5	2	0	7.042254E+04	4.13000E+04
5	1	1	1	0	0	2.329330E+01	9.95135E+06
5	1	1	2	0	0	1.171226E+02	6.56246E+05
5	1	1	2	0	1	1.102305E+02	6.67600E+09
5	1	1	2	1	1	1.170137E+02	2.63028E+05
5	1	1	3	0	0	3.483350E+02	1.96764E+05
5	1	1	3	0	1	3.319833E+02	2.00100E+09
5	1	1	3	2	1	3.576282E+02	2.49500E+08
5	1	1	4	0	0	1.104240E+03	9.59631E+04
5	1	1	4	0	1	1.038637E+03	8.21400E+08
5	1	1	4	2	1	1.146000E+03	3.06900E+08
5	1	1	5	0	1	3.412969E+04	6.26100E+05
5	2	0	2	1	0	1.218205E+02	1.16300E+10
5	2	0	3	1	0	3.593503E+02	4.34900E+09
5	2	0	4	1	0	1.138174E+03	1.94700E+09
5	2	0	4	3	0	1.146318E+03	4.44900E+07
5	2	1	2	1	1	1.168101E+02	1.34156E+10
5	2	1	3	1	1	3.467286E+02	4.47200E+09
5	2	1	4	1	1	1.087548E+03	1.83800E+09
5	2	1	4	3	1	1.187744E+03	6.53467E+07
5	2	1	5	1	1	6.711409E+04	2.57723E+04
5	3	0	3	2	0	3.565146E+02	4.32900E+09
5	3	0	4	2	0	1.130795E+03	2.40700E+09
5	3	1	3	2	1	3.516625E+02	5.88021E+09
5	3	1	4	2	1	1.086914E+03	3.34575E+09
5	3	1	5	2	1	3.073525E+04	4.77008E+01
5	4	0	4	3	0	1.151156E+03	5.50741E+09
5	4	0	5	3	0	2.500029E+06	2.08722E+02
5	4	1	4	3	1	1.137820E+03	5.50741E+09
5	4	1	5	3	1	2.269651E+05	2.08722E+02
6	0	0	2	1	0	1.152633E+02	1.30100E+09
6	0	0	2	1	1	1.107555E+02	2.20861E+05
6	0	0	3	1	0	3.077124E+02	8.45800E+08
6	0	0	3	1	1	2.983215E+02	5.69925E+04
6	0	0	4	1	0	7.431696E+02	5.86500E+08
6	0	0	4	1	1	7.207270E+02	4.41203E+04
6	0	0	5	1	0	2.208539E+03	4.41800E+08
6	0	0	5	1	1	2.070874E+03	3.41553E+04
6	0	1	2	1	1	1.110917E+02	1.41600E+09
6	0	1	3	1	1	3.007728E+02	9.30700E+08
6	0	1	4	1	1	7.352032E+02	6.44100E+08
6	0	1	5	1	1	2.195061E+03	4.86700E+08
6	1	0	1	0	0	2.302402E+01	6.29000E+10
6	1	0	2	0	0	1.106175E+02	3.64200E+09
6	1	0	2	1	0	1.150086E+02	1.40542E+05
6	1	0	3	0	0	2.964808E+02	1.16500E+09
6	1	0	3	2	0	3.034717E+02	9.31400E+07
6	1	0	4	0	0	7.103786E+02	5.23700E+08
6	1	0	4	2	0	7.274844E+02	1.13600E+08
6	1	0	5	0	0	1.989258E+03	2.71100E+08
6	1	0	5	2	0	2.056767E+03	1.16400E+08
6	1	0	6	0	0	5.205067E+04	1.09424E+05
6	1	0	6	2	0	6.240075E+04	1.63361E+02
6	1	1	1	0	0	2.302895E+01	5.88949E+06
6	1	1	2	0	0	1.107314E+02	3.88385E+05
6	1	1	2	0	1	1.045511E+02	3.90700E+09
6	1	1	2	1	1	1.106341E+02	1.51373E+05
6	1	1	3	0	0	2.973005E+02	1.16451E+05
6	1	1	3	0	1	2.853067E+02	1.19600E+09
6	1	1	3	2	1	3.040438E+02	1.31300E+08
6	1	1	4	0	0	7.151030E+02	5.67936E+04
6	1	1	4	0	1	6.870019E+02	5.25500E+08
6	1	1	4	2	1	7.323861E+02	1.53100E+08
6	1	1	5	0	0	2.026753E+03	3.47927E+04
6	1	1	5	0	1	1.915342E+03	2.65200E+08
6	1	1	5	2	1	2.092488E+03	1.54300E+08
6	1	1	6	0	1	2.685880E+04	1.93452E+05
6	2	0	2	1	0	1.152210E+02	6.31900E+09
6	2	0	3	1	0	3.074110E+02	2.40100E+09
6	2	0	4	1	0	7.414138E+02	1.12100E+09
6	2	0	4	3	0	7.448606E+02	1.89300E+07
6	2	0	5	1	0	2.193105E+03	5.93400E+08
6	2	0	5	3	0	2.108634E+03	3.62300E+07
6	2	1	2	1	1	1.105521E+02	7.38700E+09
6	2	1	3	1	1	2.968504E+02	2.51800E+09
6	2	1	4	1	1	7.122000E+02	1.10600E+09
6	2	1	4	3	1	7.538453E+02	2.77685E+07
6	2	1	5	1	1	2.002002E+03	5.47600E+08
6	2	1	5	3	1	2.212076E+03	5.05920E+07
6	2	1	6	1	1	1.492537E+05	1.05479E+04
6	3	0	3	2	0	3.049229E+02	2.08900E+09
6	3	0	4	2	0	7.358796E+02	1.22600E+09
6	3	0	5	2	0	2.125318E+03	6.84600E+08
6	3	0	5	4	0	2.108886E+03	1.47232E+07
6	3	0	6	2	0	2.912226E+06	1.55857E-01
6	3	1	3	2	1	3.018492E+02	2.77823E+09
6	3	1	4	2	1	7.197802E+02	1.66611E+09
6	3	1	5	2	1	1.992774E+03	9.36320E+08
6	3	1	5	4	1	2.151134E+03	1.47232E+07
6	3	1	6	2	1	5.809569E+04	1.55857E-01
6	4	0	4	3	0	7.445586E+02	1.77718E+09
6	4	0	5	3	0	2.106215E+03	1.43142E+09
6	4	0	6	3	0	4.970727E+06	3.48324E-04
6	4	1	4	3	1	7.423630E+02	1.77718E+09
6	4	1	5	3	1	2.116035E+03	1.43142E+09
6	4	1	6	3	1	3.025771E+05	3.48324E-04
6	5	0	5	4	0	2.107404E+03	2.12938E+09
6	5	0	6	4	0	7.566122E+06	2.81215E-06
6	5	1	5	4	1	2.126057E+03	2.12938E+09
6	5	1	6	4	1	4.590688E+05	2.81215E-06
7	0	0	2	1	0	1.115388E+02	6.92809E+08
7	0	0	2	1	1	1.073123E+02	1.36725E+05
7	0	0	3	1	0	2.825264E+02	4.95474E+08
7	0	0	3	1	1	2.745900E+02	3.52814E+04
7	0	0	4	1	0	6.115113E+02	3.48172E+08
7	0	0	4	1	1	5.962344E+02	2.73128E+04
7	0	0	5	1	0	1.346815E+03	2.49184E+08
7	0	0	5	1	1	1.294343E+03	2.11440E+04
7	0	0	6	1	0	3.696958E+03	2.07217E+08
7	0	0	6	1	1	3.574075E+03	1.63685E+04
7	0	1	2	1	1	1.075291E+02	7.36779E+08
7	0	1	3	1	1	2.760145E+02	5.32554E+08
7	0	1	4	1	1	6.029916E+02	3.73089E+08
7	0	1	5	1	1	1.326615E+03	2.75919E+08
7	0	1	6	1	1	3.831448E+03	2.22398E+08
7	1	0	1	0	0	2.287000E+01	3.57510E+10
7	1	0	2	0	0	1.071506E+02	2.31000E+09
7	1	0	2	1	0	1.112656E+02	9.45100E+04
7	1	0	3	0	0	2.728215E+02	7.45000E+08
7	1	0	3	2	0	2.787301E+02	5.61000E+07
7	1	0	4	0	0	5.881661E+02	3.40000E+08
7	1	0	4	2	0	5.998440E+02	6.51000E+07
7	1	0	5	0	0	1.257545E+03	1.87000E+08
7	1	0	5	2	0	1.284192E+03	6.51000E+07
7	1	0	6	0	0	3.208089E+03	1.07444E+08
7	1	0	6	2	0	3.241224E+03	6.17617E+07
7	1	0	7	0	0	4.543939E+04	5.00293E+04
7	1	0	7	2	0	4.960538E+04	8.45966E+01
7	1	1	1	0	0	2.287565E+01	3.77982E+06
7	1	1	2	0	0	1.072747E+02	2.49262E+05
7	1	1	2	0	1	1.014641E+02	2.42324E+09
7	1	1	2	1	1	1.071834E+02	1.01648E+05
7	1	1	3	0	0	2.736278E+02	7.47370E+04
7	1	1	3	0	1	2.634352E+02	8.24948E+08
7	1	1	3	2	1	2.793296E+02	7.51281E+07
7	1	1	4	0	0	5.919261E+02	3.64497E+04
7	1	1	4	0	1	5.725409E+02	3.42972E+08
7	1	1	4	2	1	6.037189E+02	8.68992E+07
7	1	1	5	0	0	1.274860E+03	2.23297E+04
7	1	1	5	0	1	1.229861E+03	1.84191E+08
7	1	1	5	2	1	1.300559E+03	8.50767E+07
7	1	1	6	0	0	3.323230E+03	1.55522E+04
7	1	1	6	0	1	3.046628E+03	1.06187E+08
7	1	1	6	2	1	3.517411E+03	8.22245E+07
7	1	1	7	0	1	3.333106E+04	8.50904E+04
7	2	0	2	1	0	1.115158E+02	2.42976E+09
7	2	0	3	1	0	2.823789E+02	1.38694E+09
7	2	0	4	1	0	6.108210E+02	6.87951E+08
7	2	0	4	3	0	6.131586E+02	1.45502E+07
7	2	0	5	1	0	1.343470E+03	3.65497E+08
7	2	0	5	3	0	1.311291E+03	2.47527E+07
7	2	0	6	1	0	3.671869E+03	2.27368E+08
7	2	0	6	3	0	3.471945E+03	3.26734E+07
7	2	1	2	1	1	1.071397E+02	3.02333E+09
7	2	1	3	1	1	2.734631E+02	1.49584E+09
7	2	1	4	1	1	5.909467E+02	6.91987E+08
7	2	1	4	3	1	6.193362E+02	1.45502E+07
7	2	1	5	1	1	1.269680E+03	3.61105E+08
7	2	1	5	3	1	1.351052E+03	2.47527E+07
7	2	1	6	1	1	3.392130E+03	2.03486E+08
7	2	1	6	3	1	3.691576E+03	3.26734E+07
7	2	1	7	1	1	2.631579E+05	4.95594E+03
7	3	0	3	2	0	2.802891E+02	1.56263E+09
7	3	0	4	2	0	6.071109E+02	9.50216E+08
7	3	0	5	2	0	1.317965E+03	5.60707E+08
7	3	0	5	4	0	1.311628E+03	6.02118E+06
7	3	0	6	2	0	3.465354E+03	3.35832E+08
7	3	0	6	4	0	3.471905E+03	1.43729E+07
7	3	0	7	2	0	4.889999E+06	7.84802E-02
7	3	1	3	2	1	2.781557E+02	1.56263E+09
7	3	1	4	2	1	5.982619E+02	9.50216E+08
7	3	1	5	2	1	1.275496E+03	5.60707E+08
7	3	1	5	4	1	1.338568E+03	6.02118E+06
7	3	1	6	2	1	3.339915E+03	3.35832E+08
7	3	1	6	4	1	3.585632E+03	1.43729E+07
7	3	1	7	2	1	8.842687E+04	7.84802E-02
7	4	0	4	3	0	6.130365E+02	8.36104E+08
7	4	0	5	3	0	1.310733E+03	7.09639E+08
7	4	0	6	3	0	3.468035E+03	4.87235E+08
7	4	0	6	5	0	3.472048E+03	4.34219E+06
7	4	0	7	3	0	8.312711E+06	1.95359E-04
7	4	1	4	3	1	6.140777E+02	8.36104E+08
7	4	1	5	3	1	1.326277E+03	7.09639E+08
7	4	1	6	3	1	3.512305E+03	4.87235E+08
7	4	1	6	5	1	3.581276E+03	4.34219E+06
7	4	1	7	3	1	3.972126E+05	1.95359E-04
7	5	0	5	4	0	1.311284E+03	6.58566E+08
7	5	0	6	4	0	3.469502E+03	6.89080E+08
7	5	0	7	4	0	1.262174E+07	2.08558E-06
7	5	1	5	4	1	1.331114E+03	6.58566E+08
7	5	1	6	4	1	3.532641E+03	6.89080E+08
7	5	1	7	4	1	6.002638E+05	2.08558E-06
7	6	0	6	5	0	3.470418E+03	9.59003E+08
7	6	0	7	5	0	1.781709E+07	4.03738E-08
7	6	1	6	5	1	3.545084E+03	9.59003E+08
7	6	1	7	5	1	8.440363E+05	4.03738E-08
8	0	0	2	1	0	1.092350E+02	4.33726E+08
8	0	0	2	1	1	1.051781E+02	9.02472E+04
8	0	0	3	1	0	2.681987E+02	3.17106E+08
8	0	0	3	1	1	2.610367E+02	2.32880E+04
8	0	0	4	1	0	5.481318E+02	2.23218E+08
8	0	0	4	1	1	5.358257E+02	1.80283E+04
8	0	0	5	1	0	1.073447E+03	1.59463E+08
8	0	0	5	1	1	1.039848E+03	1.39564E+04
8	0	0	6	1	0	2.175906E+03	1.29467E+08
8	0	0	6	1	1	2.132748E+03	1.08043E+04
8	0	0	7	1	0	5.985204E+03	1.06863E+08
8	0	0	7	1	1	5.621809E+03	8.36403E+03
8	0	1	2	1	1	1.053276E+02	4.59700E+08
8	0	1	3	1	1	2.619597E+02	3.39983E+08
8	0	1	4	1	1	5.397290E+02	2.38604E+08
8	0	1	5	1	1	1.054650E+03	1.74801E+08
8	0	1	6	1	1	2.195960E+03	1.37990E+08
8	0	1	7	1	1	6.083404E+03	1.14193E+08
8	1	0	1	0	0	2.276499E+01	2.36327E+10
8	1	0	2	0	0	1.048838E+02	1.58000E+09
8	1	0	2	1	0	1.088234E+02	6.59975E+04
8	1	0	3	0	0	2.585917E+02	5.04000E+08
8	1	0	3	2	0	2.638940E+02	3.67000E+07
8	1	0	4	0	0	5.257900E+02	2.35000E+08
8	1	0	4	2	0	5.351027E+02	4.19000E+07
8	1	0	5	0	0	1.003110E+03	1.33000E+08
8	1	0	5	2	0	1.019992E+03	4.14000E+07
8	1	0	6	0	0	1.947753E+03	7.76232E+07
8	1	0	6	2	0	1.959918E+03	3.68459E+07
8	1	0	7	0	0	4.470126E+03	4.93476E+07
8	1	0	7	2	0	4.507365E+03	3.48344E+07
8	1	0	8	0	0	2.888394E+04	2.53980E+04
8	1	0	8	2	0	2.994247E+04	4.78394E+01
8	1	1	1	0	0	2.277437E+01	2.57412E+06
8	1	1	2	0	0	1.050833E+02	1.69751E+05
8	1	1	2	0	1	9.950150E+01	1.64894E+09
8	1	1	2	1	1	1.049956E+02	7.09136E+04
8	1	1	3	0	0	2.598077E+02	5.08971E+04
8	1	1	3	0	1	2.506014E+02	5.77394E+08
8	1	1	3	2	1	2.649428E+02	4.54501E+07
8	1	1	4	0	0	5.308419E+02	2.48228E+04
8	1	1	4	0	1	5.151984E+02	2.41821E+08
8	1	1	4	2	1	5.403069E+02	5.32034E+07
8	1	1	5	0	0	1.021659E+03	1.52069E+04
8	1	1	5	0	1	9.925558E+02	1.26645E+08
8	1	1	5	2	1	1.038098E+03	5.13661E+07
8	1	1	6	0	0	2.018929E+03	1.05913E+04
8	1	1	6	0	1	1.913393E+03	7.73160E+07
8	1	1	6	2	1	2.088991E+03	4.82552E+07
8	1	1	7	0	0	4.863640E+03	7.99573E+03
8	1	1	7	0	1	4.456287E+03	4.84669E+07
8	1	1	7	2	1	5.246590E+03	4.57760E+07
8	1	1	8	0	1	3.331296E+04	4.17733E+04
8	2	0	2	1	0	1.092204E+02	1.42325E+09
8	2	0	3	1	0	2.681107E+02	8.83710E+08
8	2	0	4	1	0	5.477643E+02	4.48616E+08
8	2	0	4	3	0	5.496435E+02	8.68198E+06
8	2	0	5	1	0	1.072038E+03	2.43890E+08
8	2	0	5	3	0	1.051449E+03	1.40902E+07
8	2	0	6	1	0	2.170127E+03	1.55885E+08
8	2	0	6	3	0	2.098703E+03	1.76314E+07
8	2	0	7	1	0	5.941678E+03	1.00792E+08
8	2	0	7	3	0	5.311881E+03	2.06244E+07
8	2	1	2	1	1	1.049846E+02	1.80644E+09
8	2	1	3	1	1	2.598482E+02	9.65005E+08
8	2	1	4	1	1	5.308419E+02	4.57768E+08
8	2	1	4	3	1	5.536387E+02	8.68198E+06
8	2	1	5	1	1	1.021242E+03	2.44542E+08
8	2	1	5	3	1	1.073233E+03	1.40902E+07
8	2	1	6	1	1	2.055921E+03	1.46051E+08
8	2	1	6	3	1	2.162223E+03	1.76314E+07
8	2	1	7	1	1	5.117707E+03	8.89947E+07
8	2	1	7	3	1	5.546582E+03	2.06244E+07
8	2	1	8	1	1	1.000000E+06	2.57612E+03
8	3	0	3	2	0	2.662307E+02	9.75966E+08
8	3	0	4	2	0	5.447985E+02	5.96886E+08
8	3	0	5	2	0	1.055809E+03	3.56475E+08
8	3	0	5	4	0	1.051738E+03	3.09196E+06
8	3	0	6	2	0	2.096584E+03	2.23409E+08
8	3	0	6	4	0	2.098980E+03	6.77953E+06
8	3	0	7	2	0	5.302225E+03	1.42545E+08
8	3	0	7	4	0	5.311372E+03	1.09637E+07
8	3	0	8	2	0	7.227716E+06	4.23733E-02
8	3	1	3	2	1	2.646537E+02	9.75966E+08
8	3	1	4	2	1	5.391059E+02	5.96886E+08
8	3	1	5	2	1	1.033674E+03	3.56475E+08
8	3	1	5	4	1	1.074713E+03	3.09196E+06
8	3	1	6	2	1	2.071152E+03	2.23409E+08
8	3	1	6	4	1	2.163074E+03	6.77953E+06
8	3	1	7	2	1	5.135500E+03	1.42545E+08
8	3	1	7	4	1	5.528018E+03	1.09637E+07
8	3	1	8	2	1	3.202055E+05	4.23733E-02
8	4	0	4	3	0	5.495770E+02	4.71614E+08
8	4	0	5	3	0	1.051205E+03	4.05819E+08
8	4	0	6	3	0	2.097735E+03	2.92864E+08
8	4	0	6	5	0	2.099203E+03	1.69031E+06
8	4	0	7	3	0	5.305680E+03	1.98846E+08
8	4	0	7	5	0	5.311303E+03	4.99150E+06
8	4	0	8	3	0	1.224495E+07	1.11586E-04
8	4	1	4	3	1	5.520861E+02	4.71614E+08
8	4	1	5	3	1	1.067414E+03	4.05819E+08
8	4	1	6	3	1	2.138732E+03	2.92864E+08
8	4	1	6	5	1	2.164111E+03	1.69031E+06
8	4	1	7	3	1	5.394588E+03	1.98846E+08
8	4	1	7	5	1	5.519144E+03	4.99150E+06
8	4	1	8	3	1	5.110465E+05	1.11586E-04
8	5	0	5	4	0	1.051588E+03	3.02709E+08
8	5	0	6	4	0	2.098383E+03	3.33730E+08
8	5	0	7	4	0	5.307550E+03	2.70810E+08
8	5	0	7	6	0	5.311366E+03	1.54052E+06
8	5	0	8	4	0	1.855346E+07	1.33087E-06
8	5	1	5	4	1	1.070965E+03	3.02709E+08
8	5	1	6	4	1	2.147946E+03	3.33730E+08
8	5	1	7	4	1	5.430277E+03	2.70810E+08
8	5	1	7	6	1	5.515660E+03	1.54052E+06
8	5	1	8	4	1	7.696811E+05	1.33087E-06
8	6	0	6	5	0	2.098797E+03	2.81653E+08
8	6	0	7	5	0	5.308705E+03	3.63274E+08
8	6	0	8	5	0	2.615323E+07	3.41484E-08
8	6	1	6	5	1	2.153738E+03	2.81653E+08
8	6	1	7	5	1	5.452177E+03	3.63274E+08
8	6	1	8	5	1	1.079655E+06	3.41484E-08
8	7	0	7	6	0	5.309483E+03	4.82212E+08
8	7	0	8	6	0	3.504431E+07	1.16187E-09
8	7	1	7	6	1	5.466806E+03	4.82212E+08
8	7	1	8	6	1	1.440978E+06	1.16187E-09
9	0	0	2	1	0	1.077010E+02	2.85282E+08
9	0	0	2	1	1	1.037552E+02	6.25602E+04
9	0	0	3	1	0	2.591370E+02	2.13385E+08
9	0	0	3	1	1	2.524448E+02	1.61435E+04
9	0	0	4	1	0	5.115711E+02	1.50942E+08
9	0	0	4	1	1	5.008358E+02	1.24974E+04
9	0	0	5	1	0	9.416528E+02	1.07769E+08
9	0	0	5	1	1	9.156985E+02	9.67473E+03
9	0	0	6	1	0	1.695023E+03	8.59742E+07
9	0	0	6	1	1	1.668718E+03	7.48961E+03
9	0	0	7	1	0	3.361768E+03	6.99081E+07
9	0	0	7	1	1	3.243988E+03	5.79802E+03
9	0	0	8	1	0	1.044250E+04	5.94972E+07
9	0	0	8	1	1	8.782519E+03	4.48849E+03
9	0	1	2	1	1	1.038633E+02	3.01499E+08
9	0	1	3	1	1	2.530857E+02	2.28328E+08
9	0	1	4	1	1	5.033648E+02	1.61048E+08
9	0	1	5	1	1	9.241880E+02	1.17497E+08
9	0	1	6	1	1	1.697128E+03	9.13534E+07
9	0	1	7	1	1	3.353107E+03	7.42085E+07
9	0	1	8	1	1	9.631047E+03	6.33631E+07
9	1	0	1	0	0	2.271512E+01	1.64037E+10
9	1	0	2	0	0	1.038335E+02	1.13441E+09
9	1	0	2	1	0	1.076931E+02	4.76672E+04
9	1	0	3	0	0	2.522996E+02	3.57394E+08
9	1	0	3	2	0	2.573445E+02	1.99962E+07
9	1	0	4	0	0	5.004149E+02	1.62056E+08
9	1	0	4	2	0	5.088432E+02	2.50884E+07
9	1	0	5	0	0	9.146270E+02	8.88494E+07
9	1	0	5	2	0	9.286414E+02	2.49003E+07
9	1	0	6	0	0	1.639737E+03	5.55341E+07
9	1	0	6	2	0	1.648350E+03	2.35201E+07
9	1	0	7	0	0	3.123543E+03	3.71170E+07
9	1	0	7	2	0	3.141680E+03	2.20070E+07
9	1	0	8	0	0	7.629904E+03	2.51618E+07
9	1	0	8	2	0	7.701828E+03	2.06950E+07
9	1	0	9	0	0	1.471950E+06	1.39668E+04
9	1	1	1	0	0	2.271127E+01	1.83427E+06
9	1	1	2	0	0	1.037532E+02	1.20962E+05
9	1	1	2	0	1	9.830812E+01	1.17417E+09
9	1	1	2	1	1	1.036677E+02	5.11828E+04
9	1	1	3	0	0	2.518257E+02	3.62683E+04
9	1	1	3	0	1	2.431670E+02	4.21495E+08
9	1	1	3	2	1	2.566472E+02	2.90265E+07
9	1	1	4	0	0	4.985542E+02	1.76883E+04
9	1	1	4	0	1	4.847310E+02	1.77676E+08
9	1	1	4	2	1	5.068938E+02	3.46316E+07
9	1	1	5	0	0	9.084302E+02	1.08361E+04
9	1	1	5	0	1	8.853475E+02	8.98398E+07
9	1	1	5	2	1	9.214042E+02	3.33237E+07
9	1	1	6	0	0	1.619926E+03	7.54715E+03
9	1	1	6	0	1	1.551273E+03	5.54597E+07
9	1	1	6	2	1	1.664724E+03	3.07178E+07
9	1	1	7	0	0	3.052435E+03	5.69760E+03
9	1	1	7	0	1	2.886819E+03	3.67511E+07
9	1	1	7	2	1	3.198976E+03	2.84064E+07
9	1	1	8	0	0	7.219105E+03	4.54232E+03
9	1	1	8	0	1	6.578153E+03	2.45971E+07
9	1	1	8	2	1	8.264463E+03	2.69284E+07
9	1	1	9	0	1	5.503843E+04	2.23028E+04
9	2	0	2	1	0	1.076907E+02	8.81668E+08
9	2	0	3	1	0	2.590773E+02	5.93744E+08
9	2	0	4	1	0	5.113384E+02	3.07584E+08
9	2	0	4	3	0	5.129756E+02	5.64274E+06
9	2	0	5	1	0	9.408647E+02	1.69420E+08
9	2	0	5	3	0	9.249683E+02	8.88502E+06
9	2	0	6	1	0	1.692471E+03	1.08736E+08
9	2	0	6	3	0	1.648712E+03	1.06779E+07
9	2	0	7	1	0	3.351745E+03	7.25669E+07
9	2	0	7	3	0	3.141625E+03	1.19652E+07
9	2	0	8	1	0	1.034639E+04	4.99877E+07
9	2	0	8	3	0	7.697574E+03	1.32049E+07
9	2	1	2	1	1	1.035925E+02	1.14047E+09
9	2	1	3	1	1	2.514838E+02	6.54958E+08
9	2	1	4	1	1	4.970673E+02	3.17102E+08
9	2	1	4	3	1	5.170011E+02	5.64274E+06
9	2	1	5	1	1	9.031792E+02	1.71554E+08
9	2	1	5	3	1	9.436062E+02	8.88502E+06
9	2	1	6	1	1	1.627604E+03	1.03975E+08
9	2	1	6	3	1	1.693517E+03	1.06779E+07
9	2	1	7	1	1	3.092146E+03	6.69881E+07
9	2	1	7	3	1	3.243686E+03	1.19652E+07
9	2	1	8	1	1	7.751938E+03	4.36848E+07
9	2	1	8	3	1	8.007879E+03	1.32049E+07
9	2	1	9	1	1	1.428571E+05	1.44650E+03
9	3	0	3	2	0	2.573238E+02	6.54170E+08
9	3	0	4	2	0	5.087623E+02	4.01262E+08
9	3	0	5	2	0	9.283720E+02	2.40759E+08
9	3	0	5	4	0	9.252230E+02	1.82592E+06
9	3	0	6	2	0	1.647501E+03	1.52452E+08
9	3	0	6	4	0	1.648981E+03	3.78350E+06
9	3	0	7	2	0	3.138599E+03	1.01474E+08
9	3	0	7	4	0	3.141802E+03	5.71309E+06
9	3	0	8	2	0	7.683338E+03	6.83246E+07
9	3	0	8	4	0	7.696348E+03	7.84751E+06
9	3	0	9	2	0	9.769174E+06	2.43206E-02
9	3	1	3	2	1	2.561028E+02	6.54170E+08
9	3	1	4	2	1	5.047745E+02	4.01262E+08
9	3	1	5	2	1	9.144255E+02	2.40759E+08
9	3	1	5	4	1	9.463954E+02	1.82592E+06
9	3	1	6	2	1	1.642083E+03	1.52452E+08
9	3	1	6	4	1	1.699337E+03	3.78350E+06
9	3	1	7	2	1	3.116403E+03	1.01474E+08
9	3	1	7	4	1	3.256730E+03	5.71309E+06
9	3	1	8	2	1	7.734984E+03	6.83246E+07
9	3	1	8	4	1	8.051336E+03	7.84751E+06
9	3	1	9	2	1	7.795743E+05	2.43206E-02
9	4	0	4	3	0	5.129327E+02	2.96316E+08
9	4	0	5	3	0	9.248289E+02	2.56418E+08
9	4	0	6	3	0	1.648269E+03	1.87370E+08
9	4	0	6	5	0	1.649175E+03	8.41169E+05
9	4	0	7	3	0	3.140017E+03	1.33372E+08
9	4	0	7	5	0	3.141986E+03	2.25353E+06
9	4	0	8	3	0	7.687931E+03	9.24311E+07
9	4	0	8	5	0	7.695952E+03	4.30699E+06
9	4	0	9	3	0	1.650225E+07	6.62540E-05
9	4	1	4	3	1	5.162448E+02	2.96316E+08
9	4	1	5	3	1	9.410900E+02	2.56418E+08
9	4	1	6	3	1	1.685430E+03	1.87370E+08
9	4	1	6	5	1	1.701151E+03	8.41169E+05
9	4	1	7	3	1	3.214145E+03	1.33372E+08
9	4	1	7	5	1	3.257952E+03	2.25353E+06
9	4	1	8	3	1	7.830206E+03	9.24311E+07
9	4	1	8	5	1	8.035062E+03	4.30699E+06
9	4	1	9	3	1	6.448291E+05	6.62540E-05
9	5	0	5	4	0	9.251368E+02	1.68587E+08
9	5	0	6	4	0	1.648707E+03	1.88422E+08
9	5	0	7	4	0	3.140808E+03	1.60804E+08
9	5	0	7	6	0	3.142144E+03	5.68305E+05
9	5	0	8	4	0	7.690390E+03	1.22237E+08
9	5	0	8	6	0	7.695843E+03	1.99984E+06
9	5	0	9	4	0	2.495894E+07	8.37896E-07
9	5	1	5	4	1	9.440870E+02	1.68587E+08
9	5	1	6	4	1	1.691909E+03	1.88422E+08
9	5	1	7	4	1	3.229558E+03	1.60804E+08
9	5	1	7	6	1	3.259567E+03	5.68305E+05
9	5	1	8	4	1	7.887275E+03	1.22237E+08
9	5	1	8	6	1	8.028192E+03	1.99984E+06
9	5	1	9	4	1	9.683206E+05	8.37896E-07
9	6	0	6	5	0	1.648989E+03	1.25228E+08
9	6	0	7	5	0	3.141309E+03	1.70176E+08
9	6	0	8	5	0	7.691895E+03	1.59359E+08
9	6	0	8	7	0	7.695848E+03	6.25793E+05
9	6	0	9	5	0	3.513926E+07	2.40634E-08
9	6	1	6	5	1	1.696043E+03	1.25228E+08
9	6	1	7	5	1	3.239267E+03	1.70176E+08
9	6	1	8	5	1	7.922359E+03	1.59359E+08
9	6	1	8	7	1	8.025371E+03	6.25793E+05
9	6	1	9	5	1	1.355445E+06	2.40634E-08
9	7	0	7	6	0	3.141653E+03	1.34013E+08
9	7	0	8	6	0	7.692900E+03	2.05693E+08
9	7	0	9	6	0	4.704311E+07	1.08680E-09
9	7	1	7	6	1	3.245903E+03	1.34013E+08
9	7	1	8	6	1	7.945813E+03	2.05693E+08
9	7	1	9	6	1	1.806219E+06	1.08680E-09
9	8	0	8	7	0	7.693613E+03	2.63547E+08
9	8	0	9	7	0	6.067078E+07	5.49033E-11
9	8	1	8	7	1	7.962456E+03	2.63547E+08
9	8	1	9	7	1	2.320646E+06	5.49033E-11
10	0	0	2	1	0	1.066241E+02	1.95175E+08
10	0	0	2	1	1	1.027554E+02	4.50761E+04
10	0	0	3	1	0	2.529890E+02	1.49358E+08
10	0	0	3	1	1	2.466066E+02	1.16318E+04
10	0	0	4	1	0	4.881523E+02	1.06346E+08
10	0	0	4	1	1	4.783680E+02	9.00465E+03
10	0	0	5	1	0	8.652458E+02	7.60203E+07
10	0	0	5	1	1	8.432834E+02	6.97088E+03
10	0	0	6	1	0	1.462542E+03	6.00396E+07
10	0	0	6	1	1	1.442916E+03	5.39645E+03
10	0	0	7	1	0	2.555970E+03	4.81272E+07
10	0	0	7	1	1	2.487309E+03	4.17762E+03
10	0	0	8	1	0	5.275905E+03	4.03554E+07
10	0	0	8	1	1	4.816006E+03	3.23407E+03
10	0	0	9	1	0	1.074125E+04	3.52065E+07
10	0	0	9	1	1	1.167666E+04	2.50363E+03
10	0	1	2	1	1	1.028364E+02	2.05754E+08
10	0	1	3	1	1	2.470738E+02	1.59561E+08
10	0	1	4	1	1	4.801291E+02	1.13301E+08
10	0	1	5	1	1	8.487718E+02	8.25953E+07
10	0	1	6	1	1	1.459060E+03	6.36725E+07
10	0	1	7	1	1	2.535671E+03	5.09440E+07
10	0	1	8	1	1	5.000676E+03	4.27009E+07
10	0	1	9	1	1	1.282496E+04	3.73924E+07
10	1	0	1	0	0	2.266691E+01	1.18329E+10
10	1	0	2	0	0	1.028338E+02	8.36710E+08
10	1	0	2	1	0	1.066182E+02	3.54436E+04
10	1	0	3	0	0	2.464775E+02	2.60090E+08
10	1	0	3	2	0	2.512900E+02	1.32809E+07
10	1	0	4	0	0	4.780194E+02	1.18283E+08
10	1	0	4	2	0	4.857044E+02	1.70498E+07
10	1	0	5	0	0	8.424846E+02	6.50148E+07
10	1	0	5	2	0	8.543610E+02	1.69904E+07
10	1	0	6	0	0	1.421510E+03	4.07269E+07
10	1	0	6	2	0	1.427978E+03	1.59208E+07
10	1	0	7	0	0	2.416786E+03	2.74503E+07
10	1	0	7	2	0	2.427630E+03	1.46595E+07
10	1	0	8	0	0	4.450642E+03	1.95208E+07
10	1	0	8	2	0	4.475019E+03	1.36735E+07
10	1	0	9	0	0	1.060414E+04	1.38953E+07
10	1	0	9	2	0	1.070511E+04	1.28648E+07
10	1	1	1	0	0	2.266289E+01	1.35462E+06
10	1	1	2	0	0	1.027511E+02	8.93312E+04
10	1	1	2	0	1	9.740797E+01	8.66589E+08
10	1	1	2	1	1	1.026672E+02	3.80384E+04
10	1	1	3	0	0	2.460025E+02	2.67845E+04
10	1	1	3	0	1	2.377330E+02	3.18074E+08
10	1	1	3	2	1	2.506014E+02	1.93295E+07
10	1	1	4	0	0	4.762358E+02	1.30629E+04
10	1	1	4	0	1	4.636069E+02	1.34859E+08
10	1	1	4	2	1	4.838398E+02	2.35962E+07
10	1	1	5	0	0	8.369602E+02	8.00257E+03
10	1	1	5	0	1	8.173273E+02	6.57519E+07
10	1	1	5	2	1	8.479607E+02	2.27666E+07
10	1	1	6	0	0	1.405853E+03	5.57364E+03
10	1	1	6	0	1	1.353855E+03	4.07216E+07
10	1	1	6	2	1	1.439470E+03	2.07922E+07
10	1	1	7	0	0	2.371875E+03	4.20773E+03
10	1	1	7	0	1	2.270652E+03	2.72573E+07
10	1	1	7	2	1	2.459420E+03	1.88544E+07
10	1	1	8	0	0	4.300681E+03	3.35454E+03
10	1	1	8	0	1	4.064738E+03	1.92413E+07
10	1	1	8	2	1	4.651163E+03	1.74555E+07
10	1	1	9	0	0	9.790728E+03	2.78045E+03
10	1	1	9	0	1	8.915109E+03	1.35338E+07
10	1	1	9	2	1	1.149425E+04	1.66106E+07
10	2	0	2	1	0	1.066163E+02	5.69978E+08
10	2	0	3	1	0	2.529449E+02	4.15640E+08
10	2	0	4	1	0	4.879882E+02	2.19412E+08
10	2	0	4	3	0	4.894791E+02	3.89531E+06
10	2	0	5	1	0	8.647304E+02	1.22025E+08
10	2	0	5	3	0	8.512841E+02	6.00983E+06
10	2	0	6	1	0	1.461070E+03	7.84367E+07
10	2	0	6	3	0	1.428343E+03	7.03166E+06
10	2	0	7	1	0	2.551478E+03	5.26346E+07
10	2	0	7	3	0	2.427866E+03	7.60412E+06
10	2	0	8	1	0	5.256801E+03	3.73090E+07
10	2	0	8	3	0	4.474497E+03	8.10057E+06
10	2	0	9	1	0	1.066236E+04	2.69959E+07
10	2	0	9	3	0	1.069800E+04	8.66087E+06
10	2	1	2	1	1	1.025830E+02	7.51164E+08
10	2	1	3	1	1	2.456158E+02	4.62509E+08
10	2	1	4	1	1	4.746535E+02	2.28029E+08
10	2	1	4	3	1	4.927973E+02	3.89531E+06
10	2	1	5	1	1	8.318084E+02	1.24472E+08
10	2	1	5	3	1	8.659778E+02	6.00983E+06
10	2	1	6	1	1	1.409642E+03	7.59336E+07
10	2	1	6	3	1	1.458817E+03	7.03166E+06
10	2	1	7	1	1	2.390057E+03	4.95534E+07
10	2	1	7	3	1	2.479598E+03	7.60412E+06
10	2	1	8	1	1	4.464286E+03	3.40521E+07
10	2	1	8	3	1	4.547997E+03	8.10057E+06
10	2	1	9	1	1	9.803922E+03	2.34016E+07
10	2	1	9	3	1	1.067039E+04	8.66087E+06
10	3	0	3	2	0	2.512746E+02	4.61513E+08
10	3	0	4	2	0	4.856466E+02	2.83578E+08
10	3	0	5	2	0	8.541823E+02	1.70531E+08
10	3	0	5	4	0	8.515157E+02	1.18107E+06
10	3	0	6	2	0	1.427479E+03	1.08376E+08
10	3	0	6	4	0	1.428589E+03	2.35985E+06
10	3	0	7	2	0	2.426187E+03	7.27739E+07
10	3	0	7	4	0	2.428100E+03	3.39311E+06
10	3	0	8	2	0	4.470120E+03	5.09842E+07
10	3	0	8	4	0	4.474521E+03	4.40367E+06
10	3	0	9	2	0	1.067712E+04	3.58973E+07
10	3	0	9	4	0	1.069573E+04	5.54399E+06
10	3	1	3	2	1	2.502945E+02	4.61513E+08
10	3	1	4	2	1	4.826970E+02	2.83578E+08
10	3	1	5	2	1	8.444569E+02	1.70531E+08
10	3	1	5	4	1	8.716487E+02	1.18107E+06
10	3	1	6	2	1	1.429402E+03	1.08376E+08
10	3	1	6	4	1	1.472591E+03	2.35985E+06
10	3	1	7	2	1	2.430174E+03	7.27739E+07
10	3	1	7	4	1	2.514668E+03	3.39311E+06
10	3	1	8	2	1	4.547664E+03	5.09842E+07
10	3	1	8	4	1	4.655204E+03	4.40367E+06
10	3	1	9	2	1	1.088221E+04	3.58973E+07
10	3	1	9	4	1	1.122844E+04	5.54399E+06
10	4	0	4	3	0	4.894484E+02	2.00055E+08
10	4	0	5	3	0	8.511912E+02	1.73617E+08
10	4	0	6	3	0	1.428082E+03	1.27487E+08
10	4	0	6	5	0	1.428762E+03	4.86670E+05
10	4	0	7	3	0	2.427110E+03	9.17695E+07
10	4	0	7	5	0	2.428286E+03	1.22324E+06
10	4	0	8	3	0	4.471931E+03	6.65136E+07
10	4	0	8	5	0	4.474643E+03	2.15659E+06
10	4	0	9	3	0	1.068335E+04	4.73772E+07
10	4	0	9	5	0	1.069485E+04	3.39514E+06
10	4	1	4	3	1	4.932484E+02	2.00055E+08
10	4	1	5	3	1	8.673719E+02	1.73617E+08
10	4	1	6	3	1	1.462778E+03	1.27487E+08
10	4	1	6	5	1	1.474605E+03	4.86670E+05
10	4	1	7	3	1	2.491063E+03	9.17695E+07
10	4	1	7	5	1	2.517296E+03	1.22324E+06
10	4	1	8	3	1	4.586716E+03	6.65136E+07
10	4	1	8	5	1	4.656254E+03	2.15659E+06
10	4	1	9	3	1	1.088599E+04	4.73772E+07
10	4	1	9	5	1	1.120101E+04	3.39514E+06
10	5	0	5	4	0	8.514582E+02	1.05223E+08
10	5	0	6	4	0	1.428427E+03	1.18261E+08
10	5	0	7	4	0	2.427632E+03	1.02222E+08
10	5	0	7	6	0	2.428430E+03	2.72462E+05
10	5	0	8	4	0	4.472932E+03	8.15612E+07
10	5	0	8	6	0	4.474776E+03	8.61452E+05
10	5	0	9	4	0	1.068665E+04	6.11913E+07
10	5	0	9	6	0	1.069448E+04	1.89766E+06
10	5	1	5	4	1	8.700667E+02	1.05223E+08
10	5	1	6	4	1	1.468082E+03	1.18261E+08
10	5	1	7	4	1	2.501547E+03	1.02222E+08
10	5	1	7	6	1	2.519514E+03	2.72462E+05
10	5	1	8	4	1	4.610436E+03	8.15612E+07
10	5	1	8	6	1	4.658231E+03	8.61452E+05
10	5	1	9	4	1	1.097147E+04	6.11913E+07
10	5	1	9	6	1	1.118881E+04	1.89766E+06
10	6	0	6	5	0	1.428651E+03	6.82274E+07
10	6	0	7	5	0	2.427967E+03	9.39886E+07
10	6	0	8	5	0	4.473560E+03	9.26025E+07
10	6	0	8	7	0	4.474897E+03	2.18505E+05
10	6	0	9	5	0	1.068866E+04	7.79698E+07
10	6	0	9	7	0	1.069434E+04	8.92511E+05
10	6	1	6	5	1	1.471496E+03	6.82274E+07
10	6	1	7	5	1	2.508249E+03	9.39886E+07
10	6	1	8	5	1	4.625396E+03	9.26025E+07
10	6	1	8	7	1	4.660321E+03	2.18505E+05
10	6	1	9	5	1	1.102409E+04	7.79698E+07
10	6	1	9	7	1	1.118330E+04	8.92511E+05
10	7	0	7	6	0	2.428199E+03	5.73351E+07
10	7	0	8	6	0	4.473989E+03	9.27159E+07
10	7	0	9	6	0	1.068999E+04	9.84133E+07
10	7	0	9	8	0	1.069430E+04	2.81998E+05
10	7	1	7	6	1	2.512886E+03	5.73351E+07
10	7	1	8	6	1	4.635625E+03	9.27159E+07
10	7	1	9	6	1	1.105928E+04	9.84133E+07
10	7	1	9	8	1	1.118102E+04	2.81998E+05
10	8	0	8	7	0	4.474299E+03	6.92556E+07
10	8	0	9	7	0	1.069093E+04	1.23346E+08
10	8	1	8	7	1	4.643030E+03	6.92556E+07
10	8	1	9	7	1	1.108424E+04	1.23346E+08
10	9	0	9	8	0	1.069162E+04	1.53755E+08
10	9	1	9	8	1	1.110277E+04	1.53755E+08
11	0	0	2	1	0	1.058371E+02	1.37890E+08
11	0	0	2	1	1	1.020243E+02	3.35100E+04
11	0	0	3	1	0	2.486026E+02	1.07925E+08
11	0	0	3	1	1	2.424369E+02	8.64716E+03
11	0	0	4	1	0	4.720801E+02	7.74174E+07
11	0	0	4	1	1	4.629234E+02	6.69413E+03
11	0	0	5	1	0	8.160038E+02	5.54743E+07
11	0	0	5	1	1	7.964419E+02	5.18221E+03
11	0	0	6	1	0	1.327167E+03	4.35704E+07
11	0	0	6	1	1	1.310986E+03	4.01176E+03
11	0	0	7	1	0	2.169271E+03	3.46159E+07
11	0	0	7	1	1	2.119612E+03	3.10567E+03
11	0	0	8	1	0	3.856769E+03	2.85975E+07
11	0	0	8	1	1	3.605105E+03	2.40423E+03
11	0	0	9	1	0	6.140903E+03	2.45872E+07
11	0	0	9	1	1	6.435652E+03	1.86122E+03
11	0	1	2	1	1	1.020867E+02	1.45040E+08
11	0	1	3	1	1	2.427900E+02	1.15143E+08
11	0	1	4	1	1	4.642126E+02	8.23824E+07
11	0	1	5	1	1	8.002654E+02	6.01245E+07
11	0	1	6	1	1	1.321379E+03	4.61416E+07
11	0	1	7	1	1	2.146912E+03	3.65780E+07
11	0	1	8	1	1	3.684797E+03	3.01796E+07
11	0	1	9	1	1	6.694096E+03	2.59489E+07
11	1	0	1	0	0	2.263119E+01	8.80593E+09
11	1	0	2	0	0	1.021026E+02	6.35318E+08
11	1	0	2	1	0	1.058323E+02	2.70186E+04
11	1	0	3	0	0	2.423181E+02	1.94884E+08
11	1	0	3	2	0	2.469680E+02	9.12327E+06
11	1	0	4	0	0	4.626187E+02	8.88254E+07
11	1	0	4	2	0	4.698128E+02	1.20064E+07
11	1	0	5	0	0	7.957936E+02	4.88948E+07
11	1	0	5	2	0	8.063818E+02	1.20513E+07
11	1	0	6	0	0	1.293461E+03	3.06460E+07
11	1	0	6	2	0	1.298815E+03	1.12615E+07
11	1	0	7	0	0	2.068618E+03	2.06926E+07
11	1	0	7	2	0	2.076557E+03	1.02681E+07
11	1	0	8	0	0	3.397563E+03	1.48209E+07
11	1	0	8	2	0	3.411750E+03	9.42344E+06
11	1	0	9	0	0	6.099616E+03	1.10479E+07
11	1	0	9	2	0	6.132890E+03	8.81179E+06
11	1	1	1	0	0	2.262849E+01	1.02975E+06
11	1	1	2	0	0	1.020476E+02	6.79073E+04
11	1	1	2	0	1	9.677556E+01	6.58382E+08
11	1	1	2	1	1	1.019649E+02	2.89856E+04
11	1	1	3	0	0	2.420084E+02	2.03609E+04
11	1	1	3	0	1	2.340009E+02	2.46563E+08
11	1	1	3	2	1	2.464579E+02	1.33102E+07
11	1	1	4	0	0	4.614914E+02	9.93011E+03
11	1	1	4	0	1	4.496226E+02	1.05089E+08
11	1	1	4	2	1	4.686283E+02	1.66602E+07
11	1	1	5	0	0	7.924637E+02	6.08335E+03
11	1	1	5	0	1	7.748410E+02	4.94530E+07
11	1	1	5	2	1	8.023188E+02	1.61742E+07
11	1	1	6	0	0	1.284687E+03	4.23694E+03
11	1	1	6	0	1	1.241127E+03	3.06618E+07
11	1	1	6	2	1	1.312702E+03	1.47191E+07
11	1	1	7	0	0	2.046267E+03	3.19861E+03
11	1	1	7	0	1	1.970484E+03	2.05755E+07
11	1	1	7	2	1	2.111097E+03	1.31981E+07
11	1	1	8	0	0	3.337687E+03	2.55004E+03
11	1	1	8	0	1	3.193809E+03	1.46526E+07
11	1	1	8	2	1	3.545001E+03	1.19786E+07
11	1	1	9	0	0	5.909298E+03	2.11363E+03
11	1	1	9	0	1	5.578598E+03	1.08511E+07
11	1	1	9	2	1	6.489824E+03	1.11513E+07
11	2	0	2	1	0	1.058308E+02	3.81098E+08
11	2	0	3	1	0	2.485682E+02	3.00647E+08
11	2	0	4	1	0	4.719560E+02	1.61591E+08
11	2	0	4	3	0	4.733504E+02	2.81233E+06
11	2	0	5	1	0	8.156331E+02	9.05968E+07
11	2	0	5	3	0	8.036598E+02	4.27699E+06
11	2	0	6	1	0	1.326187E+03	5.83101E+07
11	2	0	6	3	0	1.299168E+03	4.91282E+06
11	2	0	7	1	0	2.166653E+03	3.91952E+07
11	2	0	7	3	0	2.076860E+03	5.18574E+06
11	2	0	8	1	0	3.848501E+03	2.78825E+07
11	2	0	8	3	0	3.411799E+03	5.35065E+06
11	2	0	9	1	0	6.119969E+03	2.07130E+07
11	2	0	9	3	0	6.131694E+03	5.55412E+06
11	2	1	2	1	1	1.019292E+02	5.11703E+08
11	2	1	3	1	1	2.419009E+02	3.37168E+08
11	2	1	4	1	1	4.609729E+02	1.69062E+08
11	2	1	4	3	1	4.780670E+02	2.81233E+06
11	2	1	5	1	1	7.906857E+02	9.29571E+07
11	2	1	5	3	1	8.214975E+02	4.27699E+06
11	2	1	6	1	1	1.295463E+03	5.69372E+07
11	2	1	6	3	1	1.336877E+03	4.91282E+06
11	2	1	7	1	1	2.079326E+03	3.73410E+07
11	2	1	7	3	1	2.146769E+03	5.18574E+06
11	2	1	8	1	1	3.490097E+03	2.59392E+07
11	2	1	8	3	1	3.541051E+03	5.35065E+06
11	2	1	9	1	1	6.078103E+03	1.87358E+07
11	2	1	9	3	1	6.400316E+03	5.55412E+06
11	3	0	3	2	0	2.469558E+02	3.38546E+08
11	3	0	4	2	0	4.697686E+02	2.08252E+08
11	3	0	5	2	0	8.062517E+02	1.25389E+08
11	3	0	5	4	0	8.038756E+02	8.14086E+05
11	3	0	6	2	0	1.298477E+03	7.98132E+07
11	3	0	6	4	0	1.299396E+03	1.58692E+06
11	3	0	7	2	0	2.075694E+03	5.37410E+07
11	3	0	7	4	0	2.077095E+03	2.20918E+06
11	3	0	8	2	0	3.409423E+03	3.79332E+07
11	3	0	8	4	0	3.411982E+03	2.74562E+06
11	3	0	9	2	0	6.125372E+03	2.77273E+07
11	3	0	9	4	0	6.131493E+03	3.29509E+06
11	3	1	3	2	1	2.461460E+02	3.38546E+08
11	3	1	4	2	1	4.675019E+02	2.08252E+08
11	3	1	5	2	1	7.990228E+02	1.25389E+08
11	3	1	5	4	1	8.233252E+02	8.14086E+05
11	3	1	6	2	1	1.303902E+03	7.98132E+07
11	3	1	6	4	1	1.339745E+03	1.58692E+06
11	3	1	7	2	1	2.088429E+03	5.37410E+07
11	3	1	7	4	1	2.150526E+03	2.20918E+06
11	3	1	8	2	1	3.481545E+03	3.79332E+07
11	3	1	8	4	1	3.544226E+03	2.74562E+06
11	3	1	9	2	1	6.280271E+03	2.77273E+07
11	3	1	9	4	1	6.394056E+03	3.29509E+06
11	4	0	4	3	0	4.733268E+02	1.42214E+08
11	4	0	5	3	0	8.035919E+02	1.23627E+08
11	4	0	6	3	0	1.298990E+03	9.09962E+07
11	4	0	6	5	0	1.299553E+03	3.10554E+05
11	4	0	7	3	0	2.076407E+03	6.57738E+07
11	4	0	7	5	0	2.077267E+03	7.49078E+05
11	4	0	8	3	0	3.410575E+03	4.81522E+07
11	4	0	8	5	0	3.412153E+03	1.24884E+06
11	4	0	9	3	0	6.127742E+03	3.57908E+07
11	4	0	9	5	0	6.131524E+03	1.83637E+06
11	4	1	4	3	1	4.774442E+02	1.42214E+08
11	4	1	5	3	1	8.196604E+02	1.23627E+08
11	4	1	6	3	1	1.332018E+03	9.09962E+07
11	4	1	6	5	1	1.341819E+03	3.10554E+05
11	4	1	7	3	1	2.134269E+03	6.57738E+07
11	4	1	7	5	1	2.153497E+03	7.49078E+05
11	4	1	8	3	1	3.507168E+03	4.81522E+07
11	4	1	8	5	1	3.547680E+03	1.24884E+06
11	4	1	9	3	1	6.290471E+03	3.57908E+07
11	4	1	9	5	1	6.394390E+03	1.83637E+06
11	5	0	5	4	0	8.038334E+02	7.08278E+07
11	5	0	6	4	0	1.299286E+03	7.98302E+07
11	5	0	7	4	0	2.076813E+03	6.93523E+07
11	5	0	7	6	0	2.077397E+03	1.53510E+05
11	5	0	8	4	0	3.411223E+03	5.59906E+07
11	5	0	8	6	0	3.412295E+03	4.52765E+05
11	5	0	9	4	0	6.129040E+03	4.40048E+07
11	5	0	9	6	0	6.131615E+03	9.10979E+05
11	5	1	5	4	1	8.221676E+02	7.08278E+07
11	5	1	6	4	1	1.336682E+03	7.98302E+07
11	5	1	7	4	1	2.142646E+03	6.93523E+07
11	5	1	7	6	1	2.155814E+03	1.53510E+05
11	5	1	8	4	1	3.522873E+03	5.59906E+07
11	5	1	8	6	1	3.550711E+03	4.52765E+05
11	5	1	9	4	1	6.324894E+03	4.40048E+07
11	5	1	9	6	1	6.396523E+03	9.10979E+05
11	6	0	6	5	0	1.299478E+03	4.19596E+07
11	6	0	7	5	0	2.077075E+03	5.81245E+07
11	6	0	8	5	0	3.411634E+03	5.80129E+07
11	6	0	8	7	0	3.412412E+03	1.00624E+05
11	6	0	9	5	0	6.129850E+03	5.13112E+07
11	6	0	9	7	0	6.131718E+03	3.66435E+05
11	6	1	6	5	1	1.339703E+03	4.19596E+07
11	6	1	7	5	1	2.148051E+03	5.81245E+07
11	6	1	8	5	1	3.532926E+03	5.80129E+07
11	6	1	8	7	1	3.553265E+03	1.00624E+05
11	6	1	9	5	1	6.346618E+03	5.13112E+07
11	6	1	9	7	1	6.399065E+03	3.66435E+05
11	7	0	7	6	0	2.077257E+03	3.03898E+07
11	7	0	8	6	0	3.411918E+03	4.98162E+07
11	7	0	9	6	0	6.130398E+03	5.56491E+07
11	7	0	9	8	0	6.131817E+03	9.32273E+04
11	7	1	7	6	1	2.151818E+03	3.03898E+07
11	7	1	8	6	1	3.539884E+03	4.98162E+07
11	7	1	9	6	1	6.361473E+03	5.56491E+07
11	7	1	9	8	1	6.401567E+03	9.32273E+04
11	8	0	8	7	0	3.412125E+03	2.84370E+07
11	8	0	9	7	0	6.130793E+03	5.33592E+07
11	8	1	8	7	1	3.544973E+03	2.84370E+07
11	8	1	9	7	1	6.372223E+03	5.33592E+07
11	9	0	9	8	0	6.131090E+03	3.82290E+07
11	9	1	9	8	1	6.380338E+03	3.82290E+07
12	0	0	2	1	0	1.052434E+02	1.00062E+08
12	0	0	2	1	1	1.014725E+02	2.55631E+04
12	0	0	3	1	0	2.453517E+02	8.00661E+07
12	0	0	3	1	1	2.393442E+02	6.59649E+03
12	0	0	4	1	0	4.604936E+02	5.78856E+07
12	0	0	4	1	1	4.517768E+02	5.10662E+03
12	0	0	5	1	0	7.819937E+02	4.16096E+07
12	0	0	5	1	1	7.640105E+02	3.95325E+03
12	0	0	6	1	0	1.239491E+03	3.25879E+07
12	0	0	6	1	1	1.225366E+03	3.06038E+03
12	0	0	7	1	0	1.944456E+03	2.57523E+07
12	0	0	7	1	1	1.904462E+03	2.36917E+03
12	0	0	8	1	0	3.199154E+03	2.10695E+07
12	0	0	8	1	1	3.024048E+03	1.83407E+03
12	0	0	9	1	0	4.626616E+03	1.78424E+07
12	0	0	9	1	1	4.791966E+03	1.41983E+03
12	0	1	2	1	1	1.015218E+02	1.05039E+08
12	0	1	3	1	1	2.396187E+02	8.53242E+07
12	0	1	4	1	1	4.527557E+02	6.15374E+07
12	0	1	5	1	1	7.668144E+02	4.50145E+07
12	0	1	6	1	1	1.232595E+03	3.44731E+07
12	0	1	7	1	1	1.921981E+03	2.71779E+07
12	0	1	8	1	1	3.068458E+03	2.21994E+07
12	0	1	9	1	1	4.904447E+03	1.87829E+07
12	1	0	1	0	0	2.260396E+01	6.72405E+09
12	1	0	2	0	0	1.015507E+02	4.94106E+08
12	1	0	2	1	0	1.052395E+02	2.10407E+04
12	1	0	3	0	0	2.392325E+02	1.49619E+08
12	1	0	3	2	0	2.437637E+02	6.44375E+06
12	1	0	4	0	0	4.515011E+02	6.83158E+07
12	1	0	4	2	0	4.583510E+02	8.70112E+06
12	1	0	5	0	0	7.634555E+02	3.76411E+07
12	1	0	5	2	0	7.731954E+02	8.81388E+06
12	1	0	6	0	0	1.210147E+03	2.35941E+07
12	1	0	6	2	0	1.214831E+03	8.24021E+06
12	1	0	7	0	0	1.863442E+03	1.59345E+07
12	1	0	7	2	0	1.869882E+03	7.47401E+06
12	1	0	8	0	0	2.877239E+03	1.14240E+07
12	1	0	8	2	0	2.887407E+03	6.78502E+06
12	1	0	9	0	0	4.604655E+03	8.56849E+06
12	1	0	9	2	0	4.623592E+03	6.24408E+06
12	1	1	1	0	0	2.260172E+01	8.01704E+05
12	1	1	2	0	0	1.015054E+02	5.28687E+04
12	1	1	2	0	1	9.628783E+01	5.12311E+08
12	1	1	2	1	1	1.014236E+02	2.25658E+04
12	1	1	3	0	0	2.389813E+02	1.58518E+04
12	1	1	3	0	1	2.311696E+02	1.95414E+08
12	1	1	3	2	1	2.433192E+02	9.42097E+06
12	1	1	4	0	0	4.506070E+02	7.73101E+03
12	1	1	4	0	1	4.392846E+02	8.36880E+07
12	1	1	4	2	1	4.574087E+02	1.21058E+07
12	1	1	5	0	0	7.609027E+02	4.73615E+03
12	1	1	5	0	1	7.446412E+02	3.80723E+07
12	1	1	5	2	1	7.699838E+02	1.18499E+07
12	1	1	6	0	0	1.203745E+03	3.29864E+03
12	1	1	6	0	1	1.165419E+03	2.36154E+07
12	1	1	6	2	1	1.228307E+03	1.07825E+07
12	1	1	7	0	0	1.848306E+03	2.49025E+03
12	1	1	7	0	1	1.786255E+03	1.58567E+07
12	1	1	7	2	1	1.901037E+03	9.61004E+06
12	1	1	8	0	0	2.841314E+03	1.98531E+03
12	1	1	8	0	1	2.736376E+03	1.13113E+07
12	1	1	8	2	1	2.990175E+03	8.61558E+06
12	1	1	9	0	0	4.513328E+03	1.64555E+03
12	1	1	9	0	1	4.317832E+03	8.44204E+06
12	1	1	9	2	1	4.844291E+03	7.86390E+06
12	2	0	2	1	0	1.052383E+02	2.61856E+08
12	2	0	3	1	0	2.453237E+02	2.23363E+08
12	2	0	4	1	0	4.603952E+02	1.22168E+08
12	2	0	4	3	0	4.617220E+02	2.10218E+06
12	2	0	5	1	0	7.817100E+02	6.89913E+07
12	2	0	5	3	0	7.707052E+02	3.16342E+06
12	2	0	6	1	0	1.238779E+03	4.44679E+07
12	2	0	6	3	0	1.215172E+03	3.58596E+06
12	2	0	7	1	0	1.942703E+03	2.99185E+07
12	2	0	7	3	0	1.870203E+03	3.72165E+06
12	2	0	8	1	0	3.194411E+03	2.12892E+07
12	2	0	8	3	0	2.887621E+03	3.75564E+06
12	2	0	9	1	0	4.616702E+03	1.58500E+07
12	2	0	9	3	0	4.623371E+03	3.78654E+06
12	2	1	2	1	1	1.013945E+02	3.58307E+08
12	2	1	3	1	1	2.389110E+02	2.52294E+08
12	2	1	4	1	1	4.502356E+02	1.28556E+08
12	2	1	4	3	1	4.665286E+02	2.10218E+06
12	2	1	5	1	1	7.596132E+02	7.11375E+07
12	2	1	5	3	1	7.880075E+02	3.16342E+06
12	2	1	6	1	1	1.214094E+03	4.37053E+07
12	2	1	6	3	1	1.250396E+03	3.58596E+06
12	2	1	7	1	1	1.877372E+03	2.87383E+07
12	2	1	7	3	1	1.932178E+03	3.72165E+06
12	2	1	8	1	1	2.956311E+03	2.00341E+07
12	2	1	8	3	1	2.992789E+03	3.75564E+06
12	2	1	9	1	1	4.624075E+03	1.46065E+07
12	2	1	9	3	1	4.808231E+03	3.78654E+06
12	3	0	3	2	0	2.437537E+02	2.56112E+08
12	3	0	4	2	0	4.583156E+02	1.57663E+08
12	3	0	5	2	0	7.730948E+02	9.50014E+07
12	3	0	5	4	0	7.709098E+02	5.88016E+05
12	3	0	6	2	0	1.214583E+03	6.05181E+07
12	3	0	6	4	0	1.215387E+03	1.12626E+06
12	3	0	7	2	0	1.869293E+03	4.07892E+07
12	3	0	7	4	0	1.870429E+03	1.53330E+06
12	3	0	8	2	0	2.886005E+03	2.88471E+07
12	3	0	8	4	0	2.887839E+03	1.85080E+06
12	3	0	9	2	0	4.619997E+03	2.12202E+07
12	3	0	9	4	0	4.623478E+03	2.13633E+06
12	3	1	3	2	1	2.430683E+02	2.56112E+08
12	3	1	4	2	1	4.565231E+02	1.57663E+08
12	3	1	5	2	1	7.674775E+02	9.50014E+07
12	3	1	5	4	1	7.898720E+02	5.88016E+05
12	3	1	6	2	1	1.221942E+03	6.05181E+07
12	3	1	6	4	1	1.253366E+03	1.12626E+06
12	3	1	7	2	1	1.885833E+03	4.07892E+07
12	3	1	7	4	1	1.936320E+03	1.53330E+06
12	3	1	8	2	1	2.952729E+03	2.88471E+07
12	3	1	8	4	1	2.997692E+03	1.85080E+06
12	3	1	9	2	1	4.746766E+03	2.12202E+07
12	3	1	9	4	1	4.811481E+03	2.13633E+06
12	4	0	4	3	0	4.617031E+02	1.05109E+08
12	4	0	5	3	0	7.706525E+02	9.14692E+07
12	4	0	6	3	0	1.215041E+03	6.74166E+07
12	4	0	6	5	0	1.215533E+03	2.12137E+05
12	4	0	7	3	0	1.869892E+03	4.88227E+07
12	4	0	7	5	0	1.870590E+03	4.97505E+05
12	4	0	8	3	0	2.886881E+03	3.58655E+07
12	4	0	8	5	0	2.888012E+03	7.99412E+05
12	4	0	9	3	0	4.621475E+03	2.68972E+07
12	4	0	9	5	0	4.623626E+03	1.11838E+06
12	4	1	4	3	1	4.660370E+02	1.05109E+08
12	4	1	5	3	1	7.866060E+02	9.14692E+07
12	4	1	6	3	1	1.246871E+03	6.74166E+07
12	4	1	6	5	1	1.255455E+03	2.12137E+05
12	4	1	7	3	1	1.923774E+03	4.88227E+07
12	4	1	7	5	1	1.939382E+03	4.97505E+05
12	4	1	8	3	1	2.972674E+03	3.58655E+07
12	4	1	8	5	1	3.001728E+03	7.99412E+05
12	4	1	9	3	1	4.756520E+03	2.68972E+07
12	4	1	9	5	1	4.815698E+03	1.11838E+06
12	5	0	5	4	0	7.708771E+02	5.03116E+07
12	5	0	6	4	0	1.215305E+03	5.67998E+07
12	5	0	7	4	0	1.870236E+03	4.94670E+07
12	5	0	7	6	0	1.870710E+03	9.60907E+04
12	5	0	8	4	0	2.887379E+03	4.01153E+07
12	5	0	8	6	0	2.888147E+03	2.70940E+05
12	5	0	9	4	0	4.622299E+03	3.18710E+07
12	5	0	9	6	0	4.623764E+03	5.12570E+05
12	5	1	5	4	1	7.889863E+02	5.03116E+07
12	5	1	6	4	1	1.251137E+03	5.67998E+07
12	5	1	7	4	1	1.931007E+03	4.94670E+07
12	5	1	7	6	1	1.941695E+03	9.60907E+04
12	5	1	8	4	1	2.984975E+03	4.01153E+07
12	5	1	8	6	1	3.004937E+03	2.70940E+05
12	5	1	9	4	1	4.778804E+03	3.18710E+07
12	5	1	9	6	1	4.819581E+03	5.12570E+05
12	6	0	6	5	0	1.215477E+03	2.79630E+07
12	6	0	7	5	0	1.870458E+03	3.88447E+07
12	6	0	8	5	0	2.887697E+03	3.89698E+07
12	6	0	8	7	0	2.888254E+03	5.50107E+04
12	6	0	9	5	0	4.622820E+03	3.48900E+07
12	6	0	9	7	0	4.623883E+03	1.86017E+05
12	6	1	6	5	1	1.253912E+03	2.79630E+07
12	6	1	7	5	1	1.935703E+03	3.88447E+07
12	6	1	8	5	1	2.992923E+03	3.89698E+07
12	6	1	8	7	1	3.007507E+03	5.50107E+04
12	6	1	9	5	1	4.793076E+03	3.48900E+07
12	6	1	9	7	1	4.822929E+03	1.86017E+05
12	7	0	7	6	0	1.870614E+03	1.83183E+07
12	7	0	8	6	0	2.887918E+03	3.01948E+07
12	7	0	9	6	0	4.623178E+03	3.41737E+07
12	7	0	9	8	0	4.623984E+03	4.11843E+04
12	7	1	7	6	1	1.938991E+03	1.83183E+07
12	7	1	8	6	1	2.998466E+03	3.01948E+07
12	7	1	9	6	1	4.802958E+03	3.41737E+07
12	7	1	9	8	1	4.825778E+03	4.11843E+04
12	8	0	8	7	0	2.888080E+03	1.46153E+07
12	8	0	9	7	0	4.623437E+03	2.77994E+07
12	8	1	8	7	1	3.002546E+03	1.46153E+07
12	8	1	9	7	1	4.810184E+03	2.77994E+07
12	9	0	9	8	0	4.623634E+03	1.50493E+07
12	9	1	9	8	1	4.815689E+03	1.50493E+07
13	0	0	2	1	0	1.047840E+02	7.42759E+07
13	0	0	2	1	1	1.010453E+02	1.99282E+04
13	0	0	3	1	0	2.428692E+02	6.07298E+07
13	0	0	3	1	1	2.369813E+02	5.14243E+03
13	0	0	4	1	0	4.518258E+02	4.42591E+07
13	0	0	4	1	1	4.434310E+02	3.98097E+03
13	0	0	5	1	0	7.573219E+02	3.19291E+07
13	0	0	5	1	1	7.404432E+02	3.08184E+03
13	0	0	6	1	0	1.178630E+03	2.49771E+07
13	0	0	6	1	1	1.165851E+03	2.38578E+03
13	0	0	7	1	0	1.798747E+03	1.96763E+07
13	0	0	7	1	1	1.764470E+03	1.84693E+03
13	0	0	8	1	0	2.822925E+03	1.59987E+07
13	0	0	8	1	1	2.685699E+03	1.42979E+03
13	0	0	9	1	0	3.878967E+03	1.34111E+07
13	0	0	9	1	1	3.994527E+03	1.10686E+03
13	0	1	2	1	1	1.010850E+02	7.78269E+07
13	0	1	3	1	1	2.371995E+02	6.46549E+07
13	0	1	4	1	1	4.441957E+02	4.70122E+07
13	0	1	5	1	1	7.425779E+02	3.44922E+07
13	0	1	6	1	1	1.171152E+03	2.63986E+07
13	0	1	7	1	1	1.776641E+03	2.07453E+07
13	0	1	8	1	1	2.713998E+03	1.68374E+07
13	0	1	9	1	1	4.057453E+03	1.40968E+07
13	1	0	1	0	0	2.258272E+01	5.24648E+09
13	1	0	2	0	0	1.011235E+02	3.92096E+08
13	1	0	2	1	0	1.047807E+02	1.66903E+04
13	1	0	3	0	0	2.368747E+02	1.17251E+08
13	1	0	3	2	0	2.413162E+02	4.65884E+06
13	1	0	4	0	0	4.431758E+02	5.36175E+07
13	1	0	4	2	0	4.497736E+02	6.45754E+06
13	1	0	5	0	0	7.399509E+02	2.95627E+07
13	1	0	5	2	0	7.490968E+02	6.60884E+06
13	1	0	6	0	0	1.152136E+03	1.85290E+07
13	1	0	6	2	0	1.156382E+03	6.19431E+06
13	1	0	7	0	0	1.729361E+03	1.25113E+07
13	1	0	7	2	0	1.734906E+03	5.60553E+06
13	1	0	8	0	0	2.569622E+03	8.96652E+06
13	1	0	8	2	0	2.577729E+03	5.05491E+06
13	1	0	9	0	0	3.864309E+03	6.72739E+06
13	1	0	9	2	0	3.877637E+03	4.59947E+06
13	1	1	1	0	0	2.258084E+01	6.36801E+05
13	1	1	2	0	0	1.010857E+02	4.19941E+04
13	1	1	2	0	1	9.591008E+01	4.06738E+08
13	1	1	2	1	1	1.010046E+02	1.78959E+04
13	1	1	3	0	0	2.366677E+02	1.25912E+04
13	1	1	3	0	1	2.290041E+02	1.57787E+08
13	1	1	3	2	1	2.409213E+02	6.82380E+06
13	1	1	4	0	0	4.424518E+02	6.14081E+03
13	1	1	4	0	1	4.315305E+02	6.78720E+07
13	1	1	4	2	1	4.490077E+02	9.00780E+06
13	1	1	5	0	0	7.379349E+02	3.76196E+03
13	1	1	5	0	1	7.226305E+02	2.99020E+07
13	1	1	5	2	1	7.464730E+02	8.90147E+06
13	1	1	6	0	0	1.147256E+03	2.62014E+03
13	1	1	6	0	1	1.112390E+03	1.85503E+07
13	1	1	6	2	1	1.169545E+03	8.11571E+06
13	1	1	7	0	0	1.718389E+03	1.97803E+03
13	1	1	7	0	1	1.664627E+03	1.24562E+07
13	1	1	7	2	1	1.763876E+03	7.21277E+06
13	1	1	8	0	0	2.545472E+03	1.57695E+03
13	1	1	8	0	1	2.460923E+03	8.88579E+06
13	1	1	8	2	1	2.664300E+03	6.41862E+06
13	1	1	9	0	0	3.809950E+03	1.30707E+03
13	1	1	9	0	1	3.669694E+03	6.63866E+06
13	1	1	9	2	1	4.043129E+03	5.78433E+06
13	2	0	2	1	0	1.047797E+02	1.84029E+08
13	2	0	3	1	0	2.428459E+02	1.69683E+08
13	2	0	4	1	0	4.517451E+02	9.44095E+07
13	2	0	4	3	0	4.530225E+02	1.61553E+06
13	2	0	5	1	0	7.570953E+02	5.36743E+07
13	2	0	5	3	0	7.467681E+02	2.41176E+06
13	2	0	6	1	0	1.178082E+03	3.46510E+07
13	2	0	6	3	0	1.156712E+03	2.70715E+06
13	2	0	7	1	0	1.797470E+03	2.33321E+07
13	2	0	7	3	0	1.735231E+03	2.77524E+06
13	2	0	8	1	0	2.819780E+03	1.65989E+07
13	2	0	8	3	0	2.578006E+03	2.75686E+06
13	2	0	9	1	0	3.873031E+03	1.23495E+07
13	2	0	9	3	0	3.877724E+03	2.72276E+06
13	2	1	2	1	1	1.009805E+02	2.56725E+08
13	2	1	3	1	1	2.366251E+02	1.92946E+08
13	2	1	4	1	1	4.421855E+02	9.98568E+07
13	2	1	4	3	1	4.578909E+02	1.61553E+06
13	2	1	5	1	1	7.369771E+02	5.55807E+07
13	2	1	5	3	1	7.636745E+02	2.41176E+06
13	2	1	6	1	1	1.157281E+03	3.42356E+07
13	2	1	6	3	1	1.190219E+03	2.70715E+06
13	2	1	7	1	1	1.744913E+03	2.25508E+07
13	2	1	7	3	1	1.792161E+03	2.77524E+06
13	2	1	8	1	1	2.640652E+03	1.57446E+07
13	2	1	8	3	1	2.669718E+03	2.75686E+06
13	2	1	9	1	1	3.895684E+03	1.15084E+07
13	2	1	9	3	1	4.025577E+03	2.72276E+06
13	3	0	3	2	0	2.413078E+02	1.98656E+08
13	3	0	4	2	0	4.497443E+02	1.22360E+08
13	3	0	5	2	0	7.490157E+02	7.37656E+07
13	3	0	5	4	0	7.469645E+02	4.40250E+05
13	3	0	6	2	0	1.156188E+03	4.70101E+07
13	3	0	6	4	0	1.156917E+03	8.32338E+05
13	3	0	7	2	0	1.734471E+03	3.16963E+07
13	3	0	7	4	0	1.735449E+03	1.11507E+06
13	3	0	8	2	0	2.576769E+03	2.24268E+07
13	3	0	8	4	0	2.578231E+03	1.31877E+06
13	3	0	9	2	0	3.875467E+03	1.65180E+07
13	3	0	9	4	0	3.877916E+03	1.48207E+06
13	3	1	3	2	1	2.407158E+02	1.98656E+08
13	3	1	4	2	1	4.482946E+02	1.22360E+08
13	3	1	5	2	1	7.445040E+02	7.37656E+07
13	3	1	5	4	1	7.655595E+02	4.40250E+05
13	3	1	6	2	1	1.164719E+03	4.70101E+07
13	3	1	6	4	1	1.193235E+03	8.32338E+05
13	3	1	7	2	1	1.752922E+03	3.16963E+07
13	3	1	7	4	1	1.796462E+03	1.11507E+06
13	3	1	8	2	1	2.639385E+03	2.24268E+07
13	3	1	8	4	1	2.675253E+03	1.31877E+06
13	3	1	9	2	1	3.986031E+03	1.65180E+07
13	3	1	9	4	1	4.031566E+03	1.48207E+06
13	4	0	4	3	0	4.530068E+02	8.00923E+07
13	4	0	5	3	0	7.467255E+02	6.97497E+07
13	4	0	6	3	0	1.156609E+03	5.14506E+07
13	4	0	6	5	0	1.157056E+03	1.52320E+05
13	4	0	7	3	0	1.735001E+03	3.72973E+07
13	4	0	7	5	0	1.735602E+03	3.50097E+05
13	4	0	8	3	0	2.577499E+03	2.74383E+07
13	4	0	8	5	0	2.578399E+03	5.48383E+05
13	4	0	9	3	0	3.876575E+03	2.06346E+07
13	4	0	9	5	0	3.878089E+03	7.41969E+05
13	4	1	4	3	1	4.574936E+02	8.00923E+07
13	4	1	5	3	1	7.625700E+02	6.97497E+07
13	4	1	6	3	1	1.187538E+03	5.14506E+07
13	4	1	6	5	1	1.195322E+03	1.52320E+05
13	4	1	7	3	1	1.786090E+03	3.72973E+07
13	4	1	7	5	1	1.799536E+03	3.50097E+05
13	4	1	8	3	1	2.656268E+03	2.74383E+07
13	4	1	8	5	1	2.679442E+03	5.48383E+05
13	4	1	9	3	1	3.995074E+03	2.06346E+07
13	4	1	9	5	1	4.036739E+03	7.41969E+05
13	5	0	5	4	0	7.469380E+02	3.72086E+07
13	5	0	6	4	0	1.156853E+03	4.20510E+07
13	5	0	7	4	0	1.735306E+03	3.66735E+07
13	5	0	7	6	0	1.735713E+03	6.47159E+04
13	5	0	8	4	0	2.577915E+03	2.98030E+07
13	5	0	8	6	0	2.578527E+03	1.76929E+05
13	5	0	9	4	0	3.877201E+03	2.37707E+07
13	5	0	9	6	0	3.878231E+03	3.21401E+05
13	5	1	5	4	1	7.648597E+02	3.72086E+07
13	5	1	6	4	1	1.191535E+03	4.20510E+07
13	5	1	7	4	1	1.792613E+03	3.66735E+07
13	5	1	7	6	1	1.801820E+03	6.47159E+04
13	5	1	8	4	1	2.666727E+03	2.98030E+07
13	5	1	8	6	1	2.682648E+03	1.76929E+05
13	5	1	9	4	1	4.012233E+03	2.37707E+07
13	5	1	9	6	1	4.040939E+03	3.21401E+05
13	6	0	6	5	0	1.157012E+03	1.97292E+07
13	6	0	7	5	0	1.735504E+03	2.74514E+07
13	6	0	8	5	0	2.578183E+03	2.76098E+07
13	6	0	8	7	0	2.578627E+03	3.36533E+04
13	6	0	9	5	0	3.877600E+03	2.48355E+07
13	6	0	9	7	0	3.878347E+03	1.08453E+05
13	6	1	6	5	1	1.194143E+03	1.97292E+07
13	6	1	7	5	1	1.796867E+03	2.74514E+07
13	6	1	8	5	1	2.673528E+03	2.76098E+07
13	6	1	8	7	1	2.685159E+03	3.36533E+04
13	6	1	9	5	1	4.023330E+03	2.48355E+07
13	6	1	9	7	1	4.044343E+03	1.08453E+05
13	7	0	7	6	0	1.735642E+03	1.20278E+07
13	7	0	8	6	0	2.578370E+03	1.98814E+07
13	7	0	9	6	0	3.877875E+03	2.26186E+07
13	7	0	9	8	0	3.878443E+03	2.18018E+04
13	7	1	7	6	1	1.799856E+03	1.20278E+07
13	7	1	8	6	1	2.678296E+03	1.98814E+07
13	7	1	9	6	1	4.031072E+03	2.26186E+07
13	7	1	9	8	1	4.047135E+03	2.18018E+04
13	8	0	8	7	0	2.578507E+03	8.60491E+06
13	8	0	9	7	0	3.878076E+03	1.64578E+07
13	8	1	8	7	1	2.681819E+03	8.60491E+06
13	8	1	9	7	1	4.036771E+03	1.64578E+07
13	9	0	9	8	0	3.878229E+03	7.48573E+06
13	9	1	9	8	1	4.041136E+03	7.48573E+06
14	0	0	2	1	0	1.044209E+02	5.62184E+07
14	0	0	2	1	1	1.007076E+02	1.58250E+04
14	0	0	3	1	0	2.409272E+02	4.69440E+07
14	0	0	3	1	1	2.351320E+02	4.08359E+03
14	0	0	4	1	0	4.451506E+02	3.44884E+07
14	0	0	4	1	1	4.369997E+02	3.16128E+03
14	0	0	5	1	0	7.387538E+02	2.49763E+07
14	0	0	5	1	1	7.226838E+02	2.44728E+03
14	0	0	6	1	0	1.134261E+03	1.95364E+07
14	0	0	6	1	1	1.122421E+03	1.89454E+03
14	0	0	7	1	0	1.697415E+03	1.53640E+07
14	0	0	7	1	1	1.666858E+03	1.46664E+03
14	0	0	8	1	0	2.581105E+03	1.24428E+07
14	0	0	8	1	1	2.465903E+03	1.13539E+03
14	0	0	9	1	0	3.436555E+03	1.03602E+07
14	0	0	9	1	1	3.526951E+03	8.78952E+02
14	0	1	2	1	1	1.007400E+02	5.88056E+07
14	0	1	3	1	1	2.353087E+02	4.99357E+07
14	0	1	4	1	1	4.376107E+02	3.66077E+07
14	0	1	5	1	1	7.243564E+02	2.69500E+07
14	0	1	6	1	1	1.126461E+03	2.06329E+07
14	0	1	7	1	1	1.675783E+03	1.61860E+07
14	0	1	8	1	1	2.485485E+03	1.30836E+07
14	0	1	9	1	1	3.567149E+03	1.08784E+07
14	1	0	1	0	0	2.256583E+01	4.16961E+09
14	1	0	2	0	0	1.007856E+02	3.16527E+08
14	1	0	2	1	0	1.044180E+02	1.34533E+04
14	1	0	3	0	0	2.350293E+02	9.35145E+07
14	1	0	3	2	0	2.394012E+02	3.43634E+06
14	1	0	4	0	0	4.367597E+02	4.28196E+07
14	1	0	4	2	0	4.431664E+02	4.88966E+06
14	1	0	5	0	0	7.222362E+02	2.36214E+07
14	1	0	5	2	0	7.309468E+02	5.05940E+06
14	1	0	6	0	0	1.109754E+03	1.48034E+07
14	1	0	6	2	0	1.113692E+03	4.76028E+06
14	1	0	7	0	0	1.635601E+03	9.99280E+06
14	1	0	7	2	0	1.640561E+03	4.30630E+06
14	1	0	8	0	0	2.367929E+03	7.15713E+06
14	1	0	8	2	0	2.374812E+03	3.86826E+06
14	1	0	9	0	0	3.425525E+03	5.36540E+06
14	1	0	9	2	0	3.435994E+03	3.49362E+06
14	1	1	1	0	0	2.256424E+01	5.14527E+05
14	1	1	2	0	0	1.007539E+02	3.39307E+04
14	1	1	2	0	1	9.561126E+01	3.28493E+08
14	1	1	2	1	1	1.006732E+02	1.44223E+04
14	1	1	3	0	0	2.348565E+02	1.01735E+04
14	1	1	3	0	1	2.273079E+02	1.29442E+08
14	1	1	3	2	1	2.390447E+02	5.04076E+06
14	1	1	4	0	0	4.361634E+02	4.96170E+03
14	1	1	4	0	1	4.255466E+02	5.59067E+07
14	1	1	4	2	1	4.425330E+02	6.83830E+06
14	1	1	5	0	0	7.206071E+02	3.03962E+03
14	1	1	5	0	1	7.060059E+02	2.38931E+07
14	1	1	5	2	1	7.287468E+02	6.82714E+06
14	1	1	6	0	0	1.105912E+03	2.11704E+03
14	1	1	6	0	1	1.073479E+03	1.48231E+07
14	1	1	6	2	1	1.126610E+03	6.24524E+06
14	1	1	7	0	0	1.627270E+03	1.59822E+03
14	1	1	7	0	1	1.578979E+03	9.95196E+06
14	1	1	7	2	1	1.668005E+03	5.54596E+06
14	1	1	8	0	0	2.350508E+03	1.27416E+03
14	1	1	8	0	1	2.278231E+03	7.09661E+06
14	1	1	8	2	1	2.451469E+03	4.91390E+06
14	1	1	9	0	0	3.389186E+03	1.05610E+03
14	1	1	9	0	1	3.277745E+03	5.29963E+06
14	1	1	9	2	1	3.572466E+03	4.39233E+06
14	2	0	2	1	0	1.044171E+02	1.31808E+08
14	2	0	3	1	0	2.409074E+02	1.31356E+08
14	2	0	4	1	0	4.450829E+02	7.43265E+07
14	2	0	4	3	0	4.463227E+02	1.27005E+06
14	2	0	5	1	0	7.385674E+02	4.25267E+07
14	2	0	5	3	0	7.287361E+02	1.88428E+06
14	2	0	6	1	0	1.133822E+03	2.75023E+07
14	2	0	6	3	0	1.114014E+03	2.09920E+06
14	2	0	7	1	0	1.696432E+03	1.85335E+07
14	2	0	7	3	0	1.640885E+03	2.13221E+06
14	2	0	8	1	0	2.578831E+03	1.31827E+07
14	2	0	8	3	0	2.375118E+03	2.09377E+06
14	2	0	9	1	0	3.432525E+03	9.79828E+06
14	2	0	9	3	0	3.436210E+03	2.03754E+06
14	2	1	2	1	1	1.006531E+02	1.87565E+08
14	2	1	3	1	1	2.348349E+02	1.50311E+08
14	2	1	4	1	1	4.359748E+02	7.89822E+07
14	2	1	4	3	1	4.512345E+02	1.27005E+06
14	2	1	5	1	1	7.198852E+02	4.42049E+07
14	2	1	5	3	1	7.453373E+02	1.88428E+06
14	2	1	6	1	1	1.115685E+03	2.72919E+07
14	2	1	6	3	1	1.146267E+03	2.09920E+06
14	2	1	7	1	1	1.652045E+03	1.80013E+07
14	2	1	7	3	1	1.694336E+03	2.13221E+06
14	2	1	8	1	1	2.433621E+03	1.25787E+07
14	2	1	8	3	1	2.458287E+03	2.09377E+06
14	2	1	9	1	1	3.461281E+03	9.20142E+06
14	2	1	9	3	1	3.563441E+03	2.03754E+06
14	3	0	3	2	0	2.393940E+02	1.57320E+08
14	3	0	4	2	0	4.431417E+02	9.69384E+07
14	3	0	5	2	0	7.308796E+02	5.84600E+07
14	3	0	5	4	0	7.289264E+02	3.39124E+05
14	3	0	6	2	0	1.113536E+03	3.72649E+07
14	3	0	6	4	0	1.114212E+03	6.34822E+05
14	3	0	7	2	0	1.640222E+03	2.51284E+07
14	3	0	7	4	0	1.641096E+03	8.40296E+05
14	3	0	8	2	0	2.374103E+03	1.77794E+07
14	3	0	8	4	0	2.375343E+03	9.79121E+05
14	3	0	9	2	0	3.434510E+03	1.30951E+07
14	3	0	9	4	0	3.436433E+03	1.07977E+06
14	3	1	3	2	1	2.388738E+02	1.57320E+08
14	3	1	4	2	1	4.419477E+02	9.69384E+07
14	3	1	5	2	1	7.271609E+02	5.84600E+07
14	3	1	5	4	1	7.472336E+02	3.39124E+05
14	3	1	6	2	1	1.122824E+03	3.72649E+07
14	3	1	6	4	1	1.149302E+03	6.34822E+05
14	3	1	7	2	1	1.659720E+03	2.51284E+07
14	3	1	7	4	1	1.698701E+03	8.40296E+05
14	3	1	8	2	1	2.433615E+03	1.77794E+07
14	3	1	8	4	1	2.464076E+03	9.79121E+05
14	3	1	9	2	1	3.534675E+03	1.30951E+07
14	3	1	9	4	1	3.570436E+03	1.07977E+06
14	4	0	4	3	0	4.463095E+02	6.25512E+07
14	4	0	5	3	0	7.287007E+02	5.45020E+07
14	4	0	6	3	0	1.113931E+03	4.02249E+07
14	4	0	6	5	0	1.114345E+03	1.13607E+05
14	4	0	7	3	0	1.640705E+03	2.91763E+07
14	4	0	7	5	0	1.641243E+03	2.57234E+05
14	4	0	8	3	0	2.374742E+03	2.14783E+07
14	4	0	8	5	0	2.375507E+03	3.95550E+05
14	4	0	9	3	0	3.435423E+03	1.61688E+07
14	4	0	9	5	0	3.436611E+03	5.22806E+05
14	4	1	4	3	1	4.509073E+02	6.25512E+07
14	4	1	5	3	1	7.444450E+02	5.45020E+07
14	4	1	6	3	1	1.144158E+03	4.02249E+07
14	4	1	6	5	1	1.151381E+03	1.13607E+05
14	4	1	7	3	1	1.689732E+03	2.91763E+07
14	4	1	7	5	1	1.701762E+03	2.57234E+05
14	4	1	8	3	1	2.448607E+03	2.14783E+07
14	4	1	8	5	1	2.468286E+03	3.95550E+05
14	4	1	9	3	1	3.543137E+03	1.61688E+07
14	4	1	9	5	1	3.575870E+03	5.22806E+05
14	5	0	5	4	0	7.289043E+02	2.83955E+07
14	5	0	6	4	0	1.114160E+03	3.21137E+07
14	5	0	7	4	0	1.640984E+03	2.80310E+07
14	5	0	7	6	0	1.641349E+03	4.59805E+04
14	5	0	8	4	0	2.375109E+03	2.28055E+07
14	5	0	8	6	0	2.375628E+03	1.22945E+05
14	5	0	9	4	0	3.435942E+03	1.82211E+07
14	5	0	9	6	0	3.436751E+03	2.17132E+05
14	5	1	5	4	1	7.466669E+02	2.83955E+07
14	5	1	6	4	1	1.147962E+03	3.21137E+07
14	5	1	7	4	1	1.695775E+03	2.80310E+07
14	5	1	7	6	1	1.704013E+03	4.59805E+04
14	5	1	8	4	1	2.457924E+03	2.28055E+07
14	5	1	8	6	1	2.471443E+03	1.22945E+05
14	5	1	9	4	1	3.557534E+03	1.82211E+07
14	5	1	9	6	1	3.580084E+03	2.17132E+05
14	6	0	6	5	0	1.114310E+03	1.45253E+07
14	6	0	7	5	0	1.641166E+03	2.02314E+07
14	6	0	8	5	0	2.375346E+03	2.03774E+07
14	6	0	8	7	0	2.375723E+03	2.22668E+04
14	6	0	9	5	0	3.436275E+03	1.83710E+07
14	6	0	9	7	0	3.436862E+03	6.94214E+04
14	6	1	6	5	1	1.150450E+03	1.45253E+07
14	6	1	7	5	1	1.699729E+03	2.02314E+07
14	6	1	8	5	1	2.464012E+03	2.03774E+07
14	6	1	8	7	1	2.473888E+03	2.22668E+04
14	6	1	9	5	1	3.566907E+03	1.83710E+07
14	6	1	9	7	1	3.583413E+03	6.94214E+04
14	7	0	7	6	0	1.641293E+03	8.39230E+06
14	7	0	8	6	0	2.375511E+03	1.38945E+07
14	7	0	9	6	0	3.436506E+03	1.58484E+07
14	7	0	9	8	0	3.436952E+03	1.30037E+04
14	7	1	7	6	1	1.702515E+03	8.39230E+06
14	7	1	8	6	1	2.468295E+03	1.38945E+07
14	7	1	9	6	1	3.573481E+03	1.58484E+07
14	7	1	9	8	1	3.586098E+03	1.30037E+04
14	8	0	8	7	0	2.375633E+03	5.54788E+06
14	8	0	9	7	0	3.436675E+03	1.06405E+07
14	8	1	8	7	1	2.471469E+03	5.54788E+06
14	8	1	9	7	1	3.578341E+03	1.06405E+07
14	9	0	9	8	0	3.436805E+03	4.29516E+06
14	9	1	9	8	1	3.582077E+03	4.29516E+06
15	0	0	2	1	0	1.041287E+02	4.32757E+07
15	0	0	2	1	1	1.004358E+02	1.27681E+04
15	0	0	3	1	0	2.393774E+02	3.68871E+07
15	0	0	3	1	1	2.336555E+02	3.29478E+03
15	0	0	4	1	0	4.398883E+02	2.73171E+07
15	0	0	4	1	1	4.319273E+02	2.55063E+03
15	0	0	5	1	0	7.243729E+02	1.98618E+07
15	0	0	5	1	1	7.089160E+02	1.97455E+03
15	0	0	6	1	0	1.100710E+03	1.55454E+07
15	0	0	6	1	1	1.089557E+03	1.52858E+03
15	0	0	7	1	0	1.623365E+03	1.22161E+07
15	0	0	7	1	1	1.595394E+03	1.18334E+03
15	0	0	8	1	0	2.413684E+03	9.86841E+06
15	0	0	8	1	1	2.312650E+03	9.16071E+02
15	0	0	9	1	0	3.146015E+03	8.17953E+06
15	0	0	9	1	1	3.221604E+03	7.09169E+02
15	0	1	2	1	1	1.004626E+02	4.51951E+07
15	0	1	3	1	1	2.338010E+02	3.92086E+07
15	0	1	4	1	1	4.324246E+02	2.89780E+07
15	0	1	5	1	1	7.102566E+02	2.14110E+07
15	0	1	6	1	1	1.092727E+03	1.64077E+07
15	0	1	7	1	1	1.602200E+03	1.28612E+07
15	0	1	8	1	1	2.326979E+03	1.03692E+07
15	0	1	9	1	1	3.249477E+03	8.58171E+06
15	1	0	1	0	0	2.255217E+01	3.36674E+09
15	1	0	2	0	0	1.005137E+02	2.59327E+08
15	1	0	2	1	0	1.041262E+02	1.09973E+04
15	1	0	3	0	0	2.335559E+02	7.57256E+07
15	1	0	3	2	0	2.378727E+02	2.57890E+06
15	1	0	4	0	0	4.316989E+02	3.47158E+07
15	1	0	4	2	0	4.379570E+02	3.76678E+06
15	1	0	5	0	0	7.085016E+02	1.91587E+07
15	1	0	5	2	0	7.168821E+02	3.94206E+06
15	1	0	6	0	0	1.077654E+03	1.20052E+07
15	1	0	6	2	0	1.081368E+03	3.72644E+06
15	1	0	7	0	0	1.566817E+03	8.10165E+06
15	1	0	7	2	0	1.571367E+03	3.37420E+06
15	1	0	8	0	0	2.226424E+03	5.79907E+06
15	1	0	8	2	0	2.232508E+03	3.02489E+06
15	1	0	9	0	0	3.137089E+03	4.34309E+06
15	1	0	9	2	0	3.145867E+03	2.71888E+06
15	1	1	1	0	0	2.255081E+01	4.21895E+05
15	1	1	2	0	0	1.004867E+02	2.78220E+04
15	1	1	2	0	1	9.537066E+01	2.69242E+08
15	1	1	2	1	1	1.004065E+02	1.17876E+04
15	1	1	3	0	0	2.334101E+02	8.34196E+03
15	1	1	3	0	1	2.259527E+02	1.07650E+08
15	1	1	3	2	1	2.375463E+02	3.78740E+06
15	1	1	4	0	0	4.312008E+02	4.06843E+03
15	1	1	4	0	1	4.208213E+02	4.66713E+07
15	1	1	4	2	1	4.374252E+02	5.28124E+06
15	1	1	5	0	0	7.071609E+02	2.49238E+03
15	1	1	5	0	1	6.930942E+02	1.93797E+07
15	1	1	5	2	1	7.149980E+02	5.32932E+06
15	1	1	6	0	0	1.074555E+03	1.73590E+03
15	1	1	6	0	1	1.043910E+03	1.20228E+07
15	1	1	6	2	1	1.094086E+03	4.89562E+06
15	1	1	7	0	0	1.560275E+03	1.31049E+03
15	1	1	7	0	1	1.515824E+03	8.07035E+06
15	1	1	7	2	1	1.597686E+03	4.34978E+06
15	1	1	8	0	0	2.213238E+03	1.04477E+03
15	1	1	8	0	1	2.149042E+03	5.75220E+06
15	1	1	8	2	1	2.302528E+03	3.84493E+06
15	1	1	9	0	0	3.110974E+03	8.65965E+02
15	1	1	9	0	1	3.016824E+03	4.29248E+06
15	1	1	9	2	1	3.264716E+03	3.41893E+06
15	2	0	2	1	0	1.041254E+02	9.59423E+07
15	2	0	3	1	0	2.393602E+02	1.03342E+08
15	2	0	4	1	0	4.398304E+02	5.94572E+07
15	2	0	4	3	0	4.410412E+02	1.01754E+06
15	2	0	5	1	0	7.242161E+02	3.42285E+07
15	2	0	5	3	0	7.147607E+02	1.50225E+06
15	2	0	6	1	0	1.100348E+03	2.21767E+07
15	2	0	6	3	0	1.081683E+03	1.66376E+06
15	2	0	7	1	0	1.622577E+03	1.49574E+07
15	2	0	7	3	0	1.571689E+03	1.67791E+06
15	2	0	8	1	0	2.411944E+03	1.06385E+07
15	2	0	8	3	0	2.232829E+03	1.63331E+06
15	2	0	9	1	0	3.143058E+03	7.90085E+06
15	2	0	9	3	0	3.146148E+03	1.57217E+06
15	2	1	2	1	1	1.003894E+02	1.39358E+08
15	2	1	3	1	1	2.334048E+02	1.18971E+08
15	2	1	4	1	1	4.310712E+02	6.34540E+07
15	2	1	4	3	1	4.459837E+02	1.01754E+06
15	2	1	5	1	1	7.066128E+02	3.57022E+07
15	2	1	5	3	1	7.311191E+02	1.50225E+06
15	2	1	6	1	1	1.084126E+03	2.20904E+07
15	2	1	6	3	1	1.112979E+03	1.66376E+06
15	2	1	7	1	1	1.583777E+03	1.45873E+07
15	2	1	7	3	1	1.622604E+03	1.67791E+06
15	2	1	8	1	1	2.288318E+03	1.01989E+07
15	2	1	8	3	1	2.310114E+03	1.63331E+06
15	2	1	9	1	1	3.174582E+03	7.46232E+06
15	2	1	9	3	1	3.260309E+03	1.57217E+06
15	3	0	3	2	0	2.378664E+02	1.26785E+08
15	3	0	4	2	0	4.379357E+02	7.81474E+07
15	3	0	5	2	0	7.168252E+02	4.71394E+07
15	3	0	5	4	0	7.149463E+02	2.67331E+05
15	3	0	6	2	0	1.081238E+03	3.00528E+07
15	3	0	6	4	0	1.081875E+03	4.96565E+05
15	3	0	7	2	0	1.571093E+03	2.02652E+07
15	3	0	7	4	0	1.571896E+03	6.51234E+05
15	3	0	8	2	0	2.231955E+03	1.43361E+07
15	3	0	8	4	0	2.233052E+03	7.50361E+05
15	3	0	9	2	0	3.144770E+03	1.05553E+07
15	3	0	9	4	0	3.146383E+03	8.16083E+05
15	3	1	3	2	1	2.374023E+02	1.26785E+08
15	3	1	4	2	1	4.369372E+02	7.81474E+07
15	3	1	5	2	1	7.136952E+02	4.71394E+07
15	3	1	5	4	1	7.330215E+02	2.67331E+05
15	3	1	6	2	1	1.091038E+03	3.00528E+07
15	3	1	6	4	1	1.116021E+03	4.96565E+05
15	3	1	7	2	1	1.591195E+03	2.02652E+07
15	3	1	7	4	1	1.626990E+03	6.51234E+05
15	3	1	8	2	1	2.289072E+03	1.43361E+07
15	3	1	8	4	1	2.316002E+03	7.50361E+05
15	3	1	9	2	1	3.237731E+03	1.05553E+07
15	3	1	9	4	1	3.267709E+03	8.16083E+05
15	4	0	4	3	0	4.410297E+02	4.98548E+07
15	4	0	5	3	0	7.147306E+02	4.34562E+07
15	4	0	6	3	0	1.081614E+03	3.20846E+07
15	4	0	6	5	0	1.082004E+03	8.73067E+04
15	4	0	7	3	0	1.571544E+03	2.32800E+07
15	4	0	7	5	0	1.572037E+03	1.95423E+05
15	4	0	8	3	0	2.232535E+03	1.71433E+07
15	4	0	8	5	0	2.233211E+03	2.96364E+05
15	4	0	9	3	0	3.145565E+03	1.29101E+07
15	4	0	9	5	0	3.146561E+03	3.85072E+05
15	4	1	4	3	1	4.457101E+02	4.98548E+07
15	4	1	5	3	1	7.303840E+02	4.34562E+07
15	4	1	6	3	1	1.111277E+03	3.20846E+07
15	4	1	6	5	1	1.118090E+03	8.73067E+04
15	4	1	7	3	1	1.618988E+03	2.32800E+07
15	4	1	7	5	1	1.630028E+03	1.95423E+05
15	4	1	8	3	1	2.302790E+03	1.71433E+07
15	4	1	8	5	1	2.320187E+03	2.96364E+05
15	4	1	9	3	1	3.245742E+03	1.29101E+07
15	4	1	9	5	1	3.273189E+03	3.85072E+05
15	5	0	5	4	0	7.149275E+02	2.22219E+07
15	5	0	6	4	0	1.081832E+03	2.51443E+07
15	5	0	7	4	0	1.571805E+03	2.19602E+07
15	5	0	7	6	0	1.572139E+03	3.40248E+04
15	5	0	8	4	0	2.232868E+03	1.78783E+07
15	5	0	8	6	0	2.233328E+03	8.94782E+04
15	5	0	9	4	0	3.146019E+03	1.42969E+07
15	5	0	9	6	0	3.146697E+03	1.54824E+05
15	5	1	5	4	1	7.325537E+02	2.22219E+07
15	5	1	6	4	1	1.114937E+03	2.51443E+07
15	5	1	7	4	1	1.624687E+03	2.19602E+07
15	5	1	7	6	1	1.632247E+03	3.40248E+04
15	5	1	8	4	1	2.311338E+03	1.78783E+07
15	5	1	8	6	1	2.323289E+03	8.94782E+04
15	5	1	9	4	1	3.258433E+03	1.42969E+07
15	5	1	9	6	1	3.277340E+03	1.54824E+05
15	6	0	6	5	0	1.081974E+03	1.10525E+07
15	6	0	7	5	0	1.571974E+03	1.54050E+07
15	6	0	8	5	0	2.233085E+03	1.55300E+07
15	6	0	8	7	0	2.233418E+03	1.56027E+04
15	6	0	9	5	0	3.146311E+03	1.40180E+07
15	6	0	9	7	0	3.146804E+03	4.74946E+04
15	6	1	6	5	1	1.117336E+03	1.10525E+07
15	6	1	7	5	1	1.628425E+03	1.54050E+07
15	6	1	8	5	1	2.316942E+03	1.55300E+07
15	6	1	8	7	1	2.325672E+03	1.56027E+04
15	6	1	9	5	1	3.266734E+03	1.40180E+07
15	6	1	9	7	1	3.280574E+03	4.74946E+04
15	7	0	7	6	0	1.572094E+03	6.12701E+06
15	7	0	8	6	0	2.233236E+03	1.01544E+07
15	7	0	9	6	0	3.146515E+03	1.15992E+07
15	7	0	9	8	0	3.146889E+03	8.43188E+03
15	7	1	7	6	1	1.631065E+03	6.12701E+06
15	7	1	8	6	1	2.320895E+03	1.01544E+07
15	7	1	9	6	1	3.272579E+03	1.15992E+07
15	7	1	9	8	1	3.283158E+03	8.43188E+03
15	8	0	8	7	0	2.233348E+03	3.81603E+06
15	8	0	9	7	0	3.146665E+03	7.33068E+06
15	8	1	8	7	1	2.323832E+03	3.81603E+06
15	8	1	9	7	1	3.276914E+03	7.33068E+06
15	9	0	9	8	0	3.146780E+03	2.71283E+06
15	9	1	9	8	1	3.280254E+03	2.71283E+06
10	1	0	10	0	0	1.906913E+06	8.18064E+03
10	1	1	10	0	1	6.239452E+04	1.27222E+04
10	2	1	10	1	1	1.250000E+05	8.63190E+02
10	3	0	10	2	0	1.242366E+07	1.47016E-02
10	4	0	10	3	0	2.093263E+07	4.09517E-05
10	4	1	10	3	1	7.994951E+05	4.09517E-05
10	5	0	10	4	0	3.160936E+07	5.36735E-07
10	5	1	10	4	1	1.197473E+06	5.36735E-07
10	6	0	10	5	0	4.445413E+07	1.63689E-08
10	6	1	10	5	1	1.673103E+06	1.63689E-08
10	7	0	10	6	0	5.946647E+07	8.28452E-10
10	7	1	10	6	1	2.226404E+06	8.28452E-10
10	8	0	10	7	0	7.664715E+07	5.56096E-11
10	8	1	10	7	1	2.857388E+06	5.56096E-11
10	9	0	10	8	0	9.599509E+07	3.76557E-12
10	9	1	10	8	1	3.566055E+06	3.76557E-12
11	0	0	10	1	0	1.444689E+04	2.18910E+07
11	0	0	10	1	1	1.629078E+04	1.44085E+03
11	0	1	10	1	1	1.805531E+04	2.31986E+07
11	1	0	10	0	0	1.425185E+04	8.17170E+06
11	1	0	10	2	0	1.439314E+04	8.31534E+06
11	1	0	11	0	0	2.364762E+06	5.04239E+03
11	1	1	10	0	0	1.325444E+04	1.80329E+03
11	1	1	10	0	1	1.203160E+04	7.93579E+06
11	1	1	10	2	1	1.692408E+04	1.06698E+07
11	1	1	11	0	1	8.545532E+04	7.65636E+03
11	2	0	10	1	0	1.433156E+04	1.55871E+07
11	2	0	10	3	0	1.438204E+04	5.82909E+06
11	2	1	10	1	1	1.417936E+04	1.34236E+07
11	2	1	10	3	1	1.523649E+04	5.82909E+06
11	2	1	11	1	1	2.908977E+05	5.41106E+02
11	3	0	10	2	0	1.435181E+04	2.02616E+07
11	3	0	10	4	0	1.437827E+04	3.93589E+06
11	3	0	11	2	0	1.516011E+07	9.28492E-03
11	3	1	10	2	1	1.556934E+04	2.02616E+07
11	3	1	10	4	1	1.513205E+04	3.93589E+06
11	3	1	11	2	1	5.869320E+05	9.28492E-03
11	4	0	10	3	0	1.436031E+04	2.62019E+07
11	4	0	10	5	0	1.437670E+04	2.59237E+06
11	4	0	11	3	0	2.548517E+07	2.62682E-05
11	4	1	10	3	1	1.462839E+04	2.62019E+07
11	4	1	10	5	1	1.508879E+04	2.59237E+06
11	4	1	11	3	1	9.760442E+05	2.62682E-05
11	5	0	10	4	0	1.436479E+04	3.31892E+07
11	5	0	10	6	0	1.437597E+04	1.61484E+06
11	5	0	11	4	0	3.842961E+07	3.52550E-07
11	5	1	10	4	1	1.475034E+04	3.31892E+07
11	5	1	10	6	1	1.506880E+04	1.61484E+06
11	5	1	11	4	1	1.458532E+06	3.52550E-07
11	6	0	10	5	0	1.436750E+04	4.15015E+07
11	6	0	10	7	0	1.437562E+04	9.13413E+05
11	6	0	11	5	0	5.399306E+07	1.11561E-08
11	6	1	10	5	1	1.482547E+04	4.15015E+07
11	6	1	10	7	1	1.505919E+04	9.13413E+05
11	6	1	11	5	1	2.034471E+06	1.11561E-08
11	7	0	10	6	0	1.436929E+04	5.14309E+07
11	7	0	10	8	0	1.437545E+04	4.33506E+05
11	7	0	11	6	0	7.217663E+07	6.00179E-10
11	7	1	10	6	1	1.487572E+04	5.14309E+07
11	7	1	10	8	1	1.505468E+04	4.33506E+05
11	7	1	11	6	1	2.703890E+06	6.00179E-10
11	8	0	10	7	0	1.437054E+04	6.33098E+07
11	8	0	10	9	0	1.437538E+04	1.37951E+05
11	8	0	11	7	0	9.297828E+07	4.51828E-11
11	8	1	10	7	1	1.491137E+04	6.33098E+07
11	8	1	10	9	1	1.505286E+04	1.37951E+05
11	8	1	11	7	1	3.466801E+06	4.51828E-11
11	9	0	10	8	0	1.437146E+04	7.75264E+07
11	9	0	11	8	0	1.164009E+08	4.06807E-12
11	9	1	10	8	1	1.493780E+04	7.75264E+07
11	9	1	11	8	1	4.323203E+06	4.06807E-12
12	0	0	10	1	0	8.162116E+03	1.56605E+07
12	0	0	10	1	1	8.719718E+03	1.09915E+03
12	0	0	11	1	0	1.891242E+04	1.41819E+07
12	0	0	11	1	1	2.101052E+04	8.50899E+02
12	0	1	10	1	1	9.099463E+03	1.64925E+07
12	0	1	11	1	1	2.335947E+04	1.50013E+07
12	1	0	10	0	0	8.104178E+03	6.62780E+06
12	1	0	10	2	0	8.149672E+03	5.86671E+06
12	1	0	11	0	0	1.863944E+04	5.05645E+06
12	1	0	11	2	0	1.883500E+04	5.55835E+06
12	1	0	12	0	0	2.845035E+06	3.24178E+03
12	1	1	10	0	0	7.825485E+03	1.40394E+03
12	1	1	10	0	1	7.382492E+03	6.49112E+06
12	1	1	10	2	1	8.974360E+03	7.37209E+06
12	1	1	11	0	0	1.722827E+04	1.22467E+03
12	1	1	11	0	1	1.561446E+04	4.89868E+06
12	1	1	11	2	1	2.044842E+04	7.09571E+06
12	1	1	12	0	1	1.049101E+05	4.81598E+03
12	2	0	10	1	0	8.131310E+03	1.22235E+07
12	2	0	10	3	0	8.147535E+03	3.87576E+06
12	2	0	11	1	0	1.874784E+04	9.49770E+06
12	2	0	11	3	0	1.881844E+04	4.02168E+06
12	2	1	10	1	1	8.179327E+03	1.09763E+07
12	2	1	10	3	1	8.520331E+03	3.87576E+06
12	2	1	11	1	1	1.812512E+04	8.13524E+06
12	2	1	11	3	1	1.998775E+04	4.02168E+06
12	2	1	12	1	1	3.532463E+05	3.53279E+02
12	3	0	10	2	0	8.138510E+03	1.60670E+07
12	3	0	10	4	0	8.147014E+03	2.44941E+06
12	3	0	11	2	0	1.877549E+04	1.21130E+07
12	3	0	11	4	0	1.881265E+04	2.82732E+06
12	3	0	12	2	0	1.798118E+07	6.08644E-03
12	3	1	10	2	1	8.645302E+03	1.60670E+07
12	3	1	10	4	1	8.508766E+03	2.44941E+06
12	3	1	11	2	1	1.881654E+04	1.21130E+07
12	3	1	11	4	1	1.983481E+04	2.82732E+06
12	3	1	12	2	1	7.090624E+05	6.08644E-03
12	4	0	10	3	0	8.141647E+03	2.05069E+07
12	4	0	10	5	0	8.146914E+03	1.48894E+06
12	4	0	11	3	0	1.878706E+04	1.53985E+07
12	4	0	11	5	0	1.881012E+04	1.96201E+06
12	4	0	12	3	0	3.016591E+07	1.74152E-05
12	4	1	10	3	1	8.359293E+03	2.05069E+07
12	4	1	10	5	1	8.507636E+03	1.48894E+06
12	4	1	11	3	1	1.912351E+04	1.53985E+07
12	4	1	11	5	1	1.977007E+04	1.96201E+06
12	4	1	12	3	1	1.175496E+06	1.74152E-05
12	5	0	10	4	0	8.143355E+03	2.51339E+07
12	5	0	10	6	0	8.146946E+03	8.40491E+05
12	5	0	11	4	0	1.879314E+04	1.91886E+07
12	5	0	11	6	0	1.880889E+04	1.31318E+06
12	5	0	12	4	0	4.542956E+07	2.37670E-07
12	5	1	10	4	1	8.407103E+03	2.51339E+07
12	5	1	10	6	1	8.509606E+03	8.40491E+05
12	5	1	11	4	1	1.929102E+04	1.91886E+07
12	5	1	11	6	1	1.973927E+04	1.31318E+06
12	5	1	12	4	1	1.752926E+06	2.37670E-07
12	6	0	10	5	0	8.144413E+03	2.95960E+07
12	6	0	10	7	0	8.147021E+03	4.20056E+05
12	6	0	11	5	0	1.879680E+04	2.36187E+07
12	6	0	11	7	0	1.880824E+04	8.27153E+05
12	6	0	12	5	0	6.377266E+07	7.70895E-09
12	6	1	10	5	1	8.437285E+03	2.95960E+07
12	6	1	10	7	1	8.512472E+03	4.20056E+05
12	6	1	11	5	1	1.939429E+04	2.36187E+07
12	6	1	11	7	1	1.972379E+04	8.27153E+05
12	6	1	12	5	1	2.441451E+06	7.70895E-09
12	7	0	10	6	0	8.145127E+03	3.31963E+07
12	7	0	10	8	0	8.147108E+03	1.69658E+05
12	7	0	11	6	0	1.879919E+04	2.88235E+07
12	7	0	11	8	0	1.880790E+04	4.71841E+05
12	7	0	12	6	0	8.519484E+07	4.30677E-10
12	7	1	10	6	1	8.457920E+03	3.31963E+07
12	7	1	10	8	1	8.515476E+03	1.69658E+05
12	7	1	11	6	1	1.946337E+04	2.88235E+07
12	7	1	11	8	1	1.971598E+04	4.71841E+05
12	7	1	12	6	1	3.241104E+06	4.30677E-10
12	8	0	10	7	0	8.145637E+03	3.47192E+07
12	8	0	10	9	0	8.147195E+03	4.32309E+04
12	8	0	11	7	0	1.880087E+04	3.49508E+07
12	8	0	11	9	0	1.880771E+04	2.25450E+05
12	8	0	12	7	0	1.096948E+08	3.44880E-11
12	8	1	10	7	1	8.472848E+03	3.47192E+07
12	8	1	10	9	1	8.518346E+03	4.32309E+04
12	8	1	11	7	1	1.951235E+04	3.49508E+07
12	8	1	11	9	1	1.971227E+04	2.25450E+05
12	8	1	12	7	1	4.151901E+06	3.44880E-11
12	9	0	10	8	0	8.146020E+03	3.21530E+07
12	9	0	11	8	0	1.880210E+04	4.21694E+07
12	9	0	12	8	0	1.372759E+08	3.48457E-12
12	9	1	10	8	1	8.484111E+03	3.21530E+07
12	9	1	11	8	1	1.954865E+04	4.21694E+07
12	9	1	12	8	1	5.173849E+06	3.48457E-12
13	0	0	10	1	0	6.090982E+03	1.15926E+07
13	0	0	10	1	1	6.396213E+03	8.56865E+02
13	0	0	11	1	0	1.057807E+04	1.03525E+07
13	0	0	11	1	1	1.120384E+04	6.63335E+02
13	0	0	12	1	0	2.420814E+04	9.51069E+06
13	0	0	12	1	1	2.709003E+04	5.13516E+02
13	0	1	10	1	1	6.559095E+03	1.21786E+07
13	0	1	11	1	1	1.171335E+04	1.08830E+07
13	0	1	12	1	1	3.027414E+04	1.00444E+07
13	1	0	10	0	0	6.060603E+03	5.23175E+06
13	1	0	10	2	0	6.086010E+03	4.25469E+06
13	1	0	11	0	0	1.049796E+04	4.16927E+06
13	1	0	11	2	0	1.055971E+04	4.01984E+06
13	1	0	12	0	0	2.383311E+04	3.26294E+06
13	1	0	12	2	0	2.409971E+04	3.82505E+06
13	1	0	13	0	0	3.349735E+06	2.15922E+03
13	1	1	10	0	0	5.927955E+03	1.11516E+03
13	1	1	10	0	1	5.670213E+03	5.14016E+06
13	1	1	10	2	1	6.564558E+03	5.31825E+06
13	1	1	11	0	0	1.010624E+04	9.72765E+02
13	1	1	11	0	1	9.528546E+03	4.07365E+06
13	1	1	11	2	1	1.113485E+04	5.02193E+06
13	1	1	12	0	0	2.190553E+04	8.63491E+02
13	1	1	12	0	1	1.982688E+04	3.15480E+06
13	1	1	12	2	1	2.626483E+04	4.86208E+06
13	1	1	13	0	1	1.270144E+05	3.14393E+03
13	2	0	10	1	0	6.076358E+03	9.53484E+06
13	2	0	10	3	0	6.085414E+03	2.71297E+06
13	2	0	11	1	0	1.053404E+04	7.58111E+06
13	2	0	11	3	0	1.055629E+04	2.75553E+06
13	2	0	12	1	0	2.397878E+04	6.04926E+06
13	2	0	12	3	0	2.407594E+04	2.83896E+06
13	2	1	10	1	1	6.146495E+03	8.71933E+06
13	2	1	10	3	1	6.337086E+03	2.71297E+06
13	2	1	11	1	1	1.045949E+04	6.76654E+06
13	2	1	11	3	1	1.105393E+04	2.75553E+06
13	2	1	12	1	1	2.311295E+04	5.15800E+06
13	2	1	12	3	1	2.562487E+04	2.83896E+06
13	2	1	13	1	1	4.235176E+05	2.38662E+02
13	3	0	10	2	0	6.080665E+03	1.25739E+07
13	3	0	10	4	0	6.085411E+03	1.63999E+06
13	3	0	11	2	0	1.054363E+04	9.80561E+06
13	3	0	11	4	0	1.055534E+04	1.82710E+06
13	3	0	12	2	0	2.401612E+04	7.59080E+06
13	3	0	12	4	0	2.406743E+04	2.06004E+06
13	3	0	13	2	0	2.090345E+07	4.11913E-03
13	3	1	10	2	1	6.415350E+03	1.25739E+07
13	3	1	10	4	1	6.339858E+03	1.63999E+06
13	3	1	11	2	1	1.071224E+04	9.80561E+06
13	3	1	11	4	1	1.103475E+04	1.82710E+06
13	3	1	12	2	1	2.402882E+04	7.59080E+06
13	3	1	12	4	1	2.540930E+04	2.06004E+06
13	3	1	13	2	1	8.461737E+05	4.11913E-03
13	4	0	10	3	0	6.082585E+03	1.58574E+07
13	4	0	10	5	0	6.085525E+03	9.44329E+05
13	4	0	11	3	0	1.054779E+04	1.23784E+07
13	4	0	11	5	0	1.055505E+04	1.18255E+06
13	4	0	12	3	0	2.403173E+04	9.50990E+06
13	4	0	12	5	0	2.406363E+04	1.48703E+06
13	4	0	13	3	0	3.500359E+07	1.18871E-05
13	4	1	10	3	1	6.261824E+03	1.58574E+07
13	4	1	10	5	1	6.344694E+03	9.44329E+05
13	4	1	11	3	1	1.082694E+04	1.23784E+07
13	4	1	11	5	1	1.103119E+04	1.18255E+06
13	4	1	12	3	1	2.443719E+04	9.50990E+06
13	4	1	12	5	1	2.531642E+04	1.48703E+06
13	4	1	13	3	1	1.398874E+06	1.18871E-05
13	5	0	10	4	0	6.083650E+03	1.89325E+07
13	5	0	10	6	0	6.085655E+03	4.98645E+05
13	5	0	11	4	0	1.055004E+04	1.50868E+07
13	5	0	11	6	0	1.055500E+04	7.27950E+05
13	5	0	12	4	0	2.403991E+04	1.16865E+07
13	5	0	12	6	0	2.406171E+04	1.04776E+06
13	5	0	13	4	0	5.265375E+07	1.64231E-07
13	5	1	10	4	1	6.292182E+03	1.89325E+07
13	5	1	10	6	1	6.349424E+03	4.98645E+05
13	5	1	11	4	1	1.089112E+04	1.50868E+07
13	5	1	11	6	1	1.103256E+04	7.27950E+05
13	5	1	12	4	1	2.466041E+04	1.16865E+07
13	5	1	12	6	1	2.527119E+04	1.04776E+06
13	5	1	13	4	1	2.082093E+06	1.64231E-07
13	6	0	10	5	0	6.084320E+03	2.13083E+07
13	6	0	10	7	0	6.085776E+03	2.29180E+05
13	6	0	11	5	0	1.055143E+04	1.78058E+07
13	6	0	11	7	0	1.055503E+04	4.14033E+05
13	6	0	12	5	0	2.404481E+04	1.41924E+07
13	6	0	12	7	0	2.406067E+04	7.08624E+05
13	6	0	13	5	0	7.385470E+07	5.42111E-09
13	6	1	10	5	1	6.311633E+03	2.13083E+07
13	6	1	10	7	1	6.353613E+03	2.29180E+05
13	6	1	11	5	1	1.093163E+04	1.78058E+07
13	6	1	11	7	1	1.103555E+04	4.14033E+05
13	6	1	12	5	1	2.479811E+04	1.41924E+07
13	6	1	12	7	1	2.524773E+04	7.08624E+05
13	6	1	13	5	1	2.895950E+06	5.42111E-09
13	7	0	10	6	0	6.084778E+03	2.22469E+07
13	7	0	10	8	0	6.085883E+03	8.30799E+04
13	7	0	11	6	0	1.055236E+04	2.02754E+07
13	7	0	11	8	0	1.055510E+04	2.07876E+05
13	7	0	12	6	0	2.404801E+04	1.70950E+07
13	7	0	12	8	0	2.406008E+04	4.49896E+05
13	7	0	13	6	0	9.860669E+07	3.10652E-10
13	7	1	10	6	1	6.325099E+03	2.22469E+07
13	7	1	10	8	1	6.357232E+03	8.30799E+04
13	7	1	11	6	1	1.095933E+04	2.02754E+07
13	7	1	11	8	1	1.103897E+04	2.07876E+05
13	7	1	12	6	1	2.489020E+04	1.70950E+07
13	7	1	12	8	1	2.523528E+04	4.49896E+05
13	7	1	13	6	1	3.840492E+06	3.10652E-10
13	8	0	10	7	0	6.085108E+03	2.08266E+07
13	8	0	10	9	0	6.085977E+03	1.83144E+04
13	8	0	11	7	0	1.055303E+04	2.20454E+07
13	8	0	11	9	0	1.055518E+04	8.41681E+04
13	8	0	12	7	0	2.405024E+04	2.04657E+07
13	8	0	12	9	0	2.405973E+04	2.58269E+05
13	8	0	13	7	0	1.269068E+08	2.58484E-11
13	8	1	10	7	1	6.334945E+03	2.08266E+07
13	8	1	10	9	1	6.360345E+03	1.83144E+04
13	8	1	11	7	1	1.097935E+04	2.20454E+07
13	8	1	11	9	1	1.104236E+04	8.41681E+04
13	8	1	12	7	1	2.495549E+04	2.04657E+07
13	8	1	12	9	1	2.522882E+04	2.58269E+05
13	8	1	13	7	1	4.915737E+06	2.58484E-11
13	9	0	10	8	0	6.085358E+03	1.62121E+07
13	9	0	11	8	0	1.055352E+04	2.23846E+07
13	9	0	12	8	0	2.405187E+04	2.43841E+07
13	9	0	13	8	0	1.587604E+08	2.77943E-12
13	9	1	10	8	1	6.342443E+03	1.62121E+07
13	9	1	11	8	1	1.099445E+04	2.23846E+07
13	9	1	12	8	1	2.500385E+04	2.43841E+07
13	9	1	13	8	1	6.121693E+06	2.77943E-12
14	0	0	10	1	0	5.066738E+03	8.86210E+06
14	0	0	10	1	1	5.276182E+03	6.80434E+02
14	0	0	11	1	0	7.829401E+03	7.79375E+06
14	0	0	11	1	1	8.167026E+03	5.26753E+02
14	0	0	12	1	0	1.342338E+04	7.06294E+06
14	0	0	12	1	1	1.426484E+04	4.07781E+02
14	0	0	13	1	0	3.040443E+04	6.56888E+06
14	0	0	13	1	1	3.424914E+04	3.15681E+02
14	0	1	10	1	1	5.366653E+03	9.29682E+06
14	0	1	11	1	1	8.385850E+03	8.17360E+06
14	0	1	12	1	1	1.494605E+04	7.41352E+06
14	0	1	13	1	1	3.845752E+04	6.92825E+06
14	1	0	10	0	0	5.046741E+03	4.17166E+06
14	1	0	10	2	0	5.064347E+03	3.19480E+06
14	1	0	11	0	0	7.787908E+03	3.34019E+06
14	1	0	11	2	0	7.821840E+03	2.97312E+06
14	1	0	12	0	0	1.331452E+04	2.72800E+06
14	1	0	12	2	0	1.339731E+04	2.82503E+06
14	1	0	13	0	0	2.989885E+04	2.18110E+06
14	1	0	13	2	0	3.025629E+04	2.69978E+06
14	1	0	14	0	0	3.881673E+06	1.48216E+03
14	1	1	10	0	0	4.968260E+03	9.01037E+02
14	1	1	10	0	1	4.785932E+03	4.10541E+06
14	1	1	10	2	1	5.407783E+03	3.98645E+06
14	1	1	11	0	0	7.602582E+03	7.85982E+02
14	1	1	11	0	1	7.270966E+03	3.27413E+06
14	1	1	11	2	1	8.170359E+03	3.69322E+06
14	1	1	12	0	0	1.278183E+04	6.97690E+02
14	1	1	12	0	1	1.204499E+04	2.66016E+06
14	1	1	12	2	1	1.415243E+04	3.51200E+06
14	1	1	13	0	0	2.734021E+04	6.28066E+02
14	1	1	13	0	1	2.471661E+04	2.10522E+06
14	1	1	13	2	1	3.308593E+04	3.41924E+06
14	1	1	14	0	1	1.519114E+05	2.11832E+03
14	2	0	10	1	0	5.057982E+03	7.55430E+06
14	2	0	10	3	0	5.064255E+03	1.99128E+06
14	2	0	11	1	0	7.808513E+03	6.00815E+06
14	2	0	11	3	0	7.820734E+03	1.97245E+06
14	2	0	12	1	0	1.336210E+04	4.89965E+06
14	2	0	12	3	0	1.339221E+04	1.99509E+06
14	2	0	13	1	0	3.009183E+04	3.99832E+06
14	2	0	13	3	0	3.022318E+04	2.04622E+06
14	2	1	10	1	1	5.130564E+03	6.98387E+06
14	2	1	10	3	1	5.262681E+03	1.99128E+06
14	2	1	11	1	1	7.823321E+03	5.45920E+06
14	2	1	11	3	1	8.151185E+03	1.97245E+06
14	2	1	12	1	1	1.324823E+04	4.35095E+06
14	2	1	12	3	1	1.403694E+04	1.99509E+06
14	2	1	13	1	1	2.892081E+04	3.39606E+06
14	2	1	13	3	1	3.222251E+04	2.04622E+06
14	2	1	14	1	1	5.020900E+05	1.65989E+02
14	3	0	10	2	0	5.061122E+03	9.97477E+06
14	3	0	10	4	0	5.064410E+03	1.16561E+06
14	3	0	11	2	0	7.814150E+03	7.81367E+06
14	3	0	11	4	0	7.820579E+03	1.25679E+06
14	3	0	12	2	0	1.337477E+04	6.24761E+06
14	3	0	12	4	0	1.339067E+04	1.37381E+06
14	3	0	13	2	0	3.014156E+04	4.94748E+06
14	3	0	13	4	0	3.021113E+04	1.52321E+06
14	3	0	14	2	0	2.394676E+07	2.86567E-03
14	3	1	10	2	1	5.321656E+03	9.97477E+06
14	3	1	10	4	1	5.269606E+03	1.16561E+06
14	3	1	11	2	1	7.975347E+03	7.81367E+06
14	3	1	11	4	1	8.152745E+03	1.25679E+06
14	3	1	12	2	1	1.357737E+04	6.24761E+06
14	3	1	12	4	1	1.400738E+04	1.37381E+06
14	3	1	13	2	1	3.010501E+04	4.94748E+06
14	3	1	13	4	1	3.192806E+04	1.52321E+06
14	3	1	14	2	1	9.989333E+05	2.86567E-03
14	4	0	10	3	0	5.062544E+03	1.24527E+07
14	4	0	10	5	0	5.064580E+03	6.45298E+05
14	4	0	11	3	0	7.816654E+03	9.78920E+06
14	4	0	11	5	0	7.820643E+03	7.75507E+05
14	4	0	12	3	0	1.338025E+04	7.80577E+06
14	4	0	12	5	0	1.339013E+04	9.32496E+05
14	4	0	13	3	0	3.016234E+04	6.12070E+06
14	4	0	13	5	0	3.020567E+04	1.13402E+06
14	4	0	14	3	0	4.003187E+07	8.32456E-06
14	4	1	10	3	1	5.218515E+03	1.24527E+07
14	4	1	10	5	1	5.275945E+03	6.45298E+05
14	4	1	11	3	1	8.045718E+03	9.78920E+06
14	4	1	11	5	1	8.157968E+03	7.75507E+05
14	4	1	12	3	1	1.372707E+04	7.80577E+06
14	4	1	12	5	1	1.400020E+04	9.32496E+05
14	4	1	13	3	1	3.063503E+04	6.12070E+06
14	4	1	13	5	1	3.179931E+04	1.13402E+06
14	4	1	14	3	1	1.647196E+06	8.32456E-06
14	5	0	10	4	0	5.063343E+03	1.45614E+07
14	5	0	10	6	0	5.064731E+03	3.24629E+05
14	5	0	11	4	0	7.818036E+03	1.17090E+07
14	5	0	11	6	0	7.820759E+03	4.50669E+05
14	5	0	12	4	0	1.338321E+04	9.45178E+06
14	5	0	12	6	0	1.338997E+04	6.11025E+05
14	5	0	13	4	0	3.017321E+04	7.43151E+06
14	5	0	13	6	0	3.020286E+04	8.30595E+05
14	5	0	14	4	0	6.015399E+07	1.16090E-07
14	5	1	10	4	1	5.241552E+03	1.45614E+07
14	5	1	10	6	1	5.281214E+03	3.24629E+05
14	5	1	11	4	1	8.085790E+03	1.17090E+07
14	5	1	11	6	1	8.163492E+03	4.50669E+05
14	5	1	12	4	1	1.381089E+04	9.45178E+06
14	5	1	12	6	1	1.400039E+04	6.11025E+05
14	5	1	13	4	1	3.092519E+04	7.43151E+06
14	5	1	13	6	1	3.173545E+04	8.30595E+05
14	5	1	14	4	1	2.447458E+06	1.16090E-07
14	6	0	10	5	0	5.063850E+03	1.58287E+07
14	6	0	10	7	0	5.064858E+03	1.40422E+05
14	6	0	11	5	0	7.818901E+03	1.33680E+07
14	6	0	11	7	0	7.820881E+03	2.38895E+05
14	6	0	12	5	0	1.338503E+04	1.11401E+07
14	6	0	12	7	0	1.338994E+04	3.78968E+05
14	6	0	13	5	0	3.017970E+04	8.92079E+06
14	6	0	13	7	0	3.020129E+04	5.91034E+05
14	6	0	14	5	0	8.431206E+07	3.88207E-09
14	6	1	10	5	1	5.256457E+03	1.58287E+07
14	6	1	10	7	1	5.285541E+03	1.40422E+05
14	6	1	11	5	1	8.111467E+03	1.33680E+07
14	6	1	11	7	1	8.168540E+03	2.38895E+05
14	6	1	12	5	1	1.386380E+04	1.11401E+07
14	6	1	12	7	1	1.400322E+04	3.78968E+05
14	6	1	13	5	1	3.110426E+04	8.92079E+06
14	6	1	13	7	1	3.170150E+04	5.91034E+05
14	6	1	14	5	1	3.399873E+06	3.88207E-09
14	7	0	10	6	0	5.064199E+03	1.56635E+07
14	7	0	10	8	0	5.064965E+03	4.71052E+04
14	7	0	11	6	0	7.819490E+03	1.44448E+07
14	7	0	11	8	0	7.820995E+03	1.09855E+05
14	7	0	12	6	0	1.338625E+04	1.27662E+07
14	7	0	12	8	0	1.338998E+04	2.16583E+05
14	7	0	13	6	0	3.018394E+04	1.06247E+07
14	7	0	13	8	0	3.020037E+04	4.02710E+05
14	7	0	14	6	0	1.125087E+08	2.26526E-10
14	7	1	10	6	1	5.266858E+03	1.56635E+07
14	7	1	10	8	1	5.289119E+03	4.71052E+04
14	7	1	11	6	1	8.129240E+03	1.44448E+07
14	7	1	11	8	1	8.172976E+03	1.09855E+05
14	7	1	12	6	1	1.389995E+04	1.27662E+07
14	7	1	12	8	1	1.400692E+04	2.16583E+05
14	7	1	13	6	1	3.122402E+04	1.06247E+07
14	7	1	13	8	1	3.168285E+04	4.02710E+05
14	7	1	14	6	1	4.504492E+06	2.26526E-10
14	8	0	10	7	0	5.064453E+03	1.35360E+07
14	8	0	10	9	0	5.065055E+03	9.37747E+03
14	8	0	11	7	0	7.819915E+03	1.45105E+07
14	8	0	11	9	0	7.821098E+03	3.97398E+04
14	8	0	12	7	0	1.338711E+04	1.41484E+07
14	8	0	12	9	0	1.339005E+04	1.09064E+05
14	8	0	13	7	0	3.018689E+04	1.25802E+07
14	8	0	13	9	0	3.019981E+04	2.57200E+05
14	8	0	14	7	0	1.447408E+08	1.93430E-11
14	8	1	10	7	1	5.274513E+03	1.35360E+07
14	8	1	10	9	1	5.292110E+03	9.37747E+03
14	8	1	11	7	1	8.142231E+03	1.45105E+07
14	8	1	11	9	1	8.176835E+03	3.97398E+04
14	8	1	12	7	1	1.392608E+04	1.41484E+07
14	8	1	12	9	1	1.401078E+04	1.09064E+05
14	8	1	13	7	1	3.130888E+04	1.25802E+07
14	8	1	13	9	1	3.167260E+04	2.57200E+05
14	8	1	14	7	1	5.761341E+06	1.93430E-11
14	9	0	10	8	0	5.064646E+03	9.35355E+06
14	9	0	11	8	0	7.820235E+03	1.30867E+07
14	9	0	12	8	0	1.338776E+04	1.49946E+07
14	9	0	13	8	0	3.018903E+04	1.48275E+07
14	9	0	14	8	0	1.810119E+08	2.16211E-12
14	9	1	10	8	1	5.280376E+03	9.35355E+06
14	9	1	11	8	1	8.152120E+03	1.30867E+07
14	9	1	12	8	1	1.394577E+04	1.49946E+07
14	9	1	13	8	1	3.137171E+04	1.48275E+07
14	9	1	14	8	1	7.170427E+06	2.16211E-12
15	0	0	10	1	0	4.459527E+03	6.94730E+06
15	0	0	10	1	1	4.620978E+03	5.48998E+02
15	0	0	11	1	0	6.468427E+03	6.04507E+06
15	0	0	11	1	1	6.697161E+03	4.25002E+02
15	0	0	12	1	0	9.864823E+03	5.39494E+06
15	0	0	12	1	1	1.031185E+04	3.29012E+02
15	0	0	13	1	0	1.673266E+04	4.95100E+06
15	0	0	13	1	1	1.783446E+04	2.54702E+02
15	0	0	14	1	0	3.757169E+04	4.65393E+06
15	0	0	14	1	1	4.257908E+04	1.97175E+02
15	0	1	10	1	1	4.678542E+03	7.28086E+06
15	0	1	11	1	1	6.818751E+03	6.33100E+06
15	0	1	12	1	1	1.060296E+04	5.64950E+06
15	0	1	13	1	1	1.872356E+04	5.18992E+06
15	0	1	14	1	1	4.802348E+04	4.90285E+06
15	1	0	10	0	0	4.444672E+03	3.37272E+06
15	1	0	10	2	0	4.458322E+03	2.46684E+06
15	1	0	11	0	0	6.441431E+03	2.69872E+06
15	1	0	11	2	0	6.464627E+03	2.26942E+06
15	1	0	12	0	0	9.809036E+03	2.21330E+06
15	1	0	12	2	0	9.853901E+03	2.12495E+06
15	1	0	13	0	0	1.658735E+04	1.84520E+06
15	1	0	13	2	0	1.669678E+04	2.03028E+06
15	1	0	14	0	0	3.690249E+04	1.50233E+06
15	1	0	14	2	0	3.737372E+04	1.94836E+06
15	1	0	15	0	0	4.443716E+06	1.04417E+03
15	1	1	10	0	0	4.392431E+03	7.38819E+02
15	1	1	10	0	1	4.249309E+03	3.32247E+06
15	1	1	10	2	1	4.732488E+03	3.07651E+06
15	1	1	11	0	0	6.332284E+03	6.44478E+02
15	1	1	11	0	1	6.100538E+03	2.64985E+06
15	1	1	11	2	1	6.721320E+03	2.81342E+06
15	1	1	12	0	0	9.558153E+03	5.72082E+02
15	1	1	12	0	1	9.140038E+03	2.16530E+06
15	1	1	12	2	1	1.030440E+04	2.62578E+06
15	1	1	13	0	0	1.588239E+04	5.14992E+02
15	1	1	13	0	1	1.495992E+04	1.79628E+06
15	1	1	13	2	1	1.766442E+04	2.51345E+06
15	1	1	14	0	0	3.358597E+04	4.68950E+02
15	1	1	14	0	1	3.033112E+04	1.44795E+06
15	1	1	14	2	1	4.099205E+04	2.45985E+06
15	1	1	15	0	1	1.797428E+05	1.46672E+03
15	2	0	10	1	0	4.453588E+03	6.08208E+06
15	2	0	10	3	0	4.458451E+03	1.51513E+06
15	2	0	11	1	0	6.455940E+03	4.82754E+06
15	2	0	11	3	0	6.464292E+03	1.47357E+06
15	2	0	12	1	0	9.835810E+03	3.93521E+06
15	2	0	12	3	0	9.852118E+03	1.45578E+06
15	2	0	13	1	0	1.664936E+04	3.27847E+06
15	2	0	13	3	0	1.668949E+04	1.46950E+06
15	2	0	14	1	0	3.715429E+04	2.72718E+06
15	2	0	14	3	0	3.732878E+04	1.50286E+06
15	2	1	10	1	1	4.524843E+03	5.66513E+06
15	2	1	10	3	1	4.627294E+03	1.51513E+06
15	2	1	11	1	1	6.497103E+03	4.43348E+06
15	2	1	11	3	1	6.721634E+03	1.47357E+06
15	2	1	12	1	1	9.845079E+03	3.55635E+06
15	2	1	12	3	1	1.027407E+04	1.45578E+06
15	2	1	13	1	1	1.648289E+04	2.89866E+06
15	2	1	13	3	1	1.750516E+04	1.46950E+06
15	2	1	14	1	1	3.560814E+04	2.30867E+06
15	2	1	14	3	1	3.985536E+04	1.50286E+06
15	2	1	15	1	1	5.893382E+05	1.18375E+02
15	3	0	10	2	0	4.456120E+03	8.03693E+06
15	3	0	10	4	0	4.458668E+03	8.65545E+05
15	3	0	11	2	0	6.459998E+03	6.29640E+06
15	3	0	11	4	0	6.464391E+03	9.11914E+05
15	3	0	12	2	0	9.843151E+03	5.05320E+06
15	3	0	12	4	0	9.851758E+03	9.66944E+05
15	3	0	13	2	0	1.666594E+04	4.12778E+06
15	3	0	13	4	0	1.668719E+04	1.04327E+06
15	3	0	14	2	0	3.721955E+04	3.33367E+06
15	3	0	14	4	0	3.731223E+04	1.14255E+06
15	3	0	15	2	0	2.712990E+07	2.04215E-03
15	3	1	10	2	1	4.675993E+03	8.03693E+06
15	3	1	10	4	1	4.635759E+03	8.65545E+05
15	3	1	11	2	1	6.607932E+03	6.29640E+06
15	3	1	11	4	1	6.729250E+03	9.11914E+05
15	3	1	12	2	1	1.004028E+04	5.05320E+06
15	3	1	12	4	1	1.027350E+04	9.66944E+05
15	3	1	13	2	1	1.690218E+04	4.12778E+06
15	3	1	13	4	1	1.746197E+04	1.04327E+06
15	3	1	14	2	1	3.710856E+04	3.33367E+06
15	3	1	14	4	1	3.946362E+04	1.14255E+06
15	3	1	15	2	1	1.168003E+06	2.04215E-03
15	4	0	10	3	0	4.457280E+03	9.94905E+06
15	4	0	10	5	0	4.458858E+03	4.65106E+05
15	4	0	11	3	0	6.461830E+03	7.83398E+06
15	4	0	11	5	0	6.464556E+03	5.43300E+05
15	4	0	12	3	0	9.846400E+03	6.28563E+06
15	4	0	12	5	0	9.851751E+03	6.28942E+05
15	4	0	13	3	0	1.667309E+04	5.10815E+06
15	4	0	13	5	0	1.668632E+04	7.35132E+05
15	4	0	14	3	0	3.724682E+04	4.07909E+06
15	4	0	14	5	0	3.730463E+04	8.72087E+05
15	4	0	15	3	0	4.528268E+07	5.96336E-06
15	4	1	10	3	1	4.598005E+03	9.94905E+06
15	4	1	10	5	1	4.642531E+03	4.65106E+05
15	4	1	11	3	1	6.660009E+03	7.83398E+06
15	4	1	11	5	1	6.736739E+03	5.43300E+05
15	4	1	12	3	1	1.013079E+04	6.28563E+06
15	4	1	12	5	1	1.027878E+04	6.28942E+05
15	4	1	13	3	1	1.709326E+04	5.10815E+06
15	4	1	13	5	1	1.744974E+04	7.35132E+05
15	4	1	14	3	1	3.778244E+04	4.07909E+06
15	4	1	14	5	1	3.929019E+04	8.72087E+05
15	4	1	15	3	1	1.921469E+06	5.96336E-06
15	5	0	10	4	0	4.457937E+03	1.14411E+07
15	5	0	10	6	0	4.459013E+03	2.25545E+05
15	5	0	11	4	0	6.462854E+03	9.22629E+06
15	5	0	11	6	0	6.464715E+03	3.02619E+05
15	5	0	12	4	0	9.848188E+03	7.50929E+06
15	5	0	12	6	0	9.851845E+03	3.91794E+05
15	5	0	13	4	0	1.667695E+04	6.14359E+06
15	5	0	13	6	0	1.668600E+04	5.05044E+05
15	5	0	14	4	0	3.726108E+04	4.90083E+06
15	5	0	14	6	0	3.730066E+04	6.58419E+05
15	5	0	15	4	0	6.797681E+07	8.37697E-08
15	5	1	10	4	1	4.617111E+03	1.14411E+07
15	5	1	10	6	1	4.647858E+03	2.25545E+05
15	5	1	11	4	1	6.690027E+03	9.22629E+06
15	5	1	11	6	1	6.743131E+03	3.02619E+05
15	5	1	12	4	1	1.018236E+04	7.50929E+06
15	5	1	12	6	1	1.028499E+04	3.91794E+05
15	5	1	13	4	1	1.720029E+04	6.14359E+06
15	5	1	13	6	1	1.744806E+04	5.05044E+05
15	5	1	14	4	1	3.815184E+04	4.90083E+06
15	5	1	14	6	1	3.920287E+04	6.58419E+05
15	5	1	15	4	1	2.850442E+06	8.37697E-08
15	6	0	10	5	0	4.458357E+03	1.21017E+07
15	6	0	10	7	0	4.459138E+03	9.31915E+04
15	6	0	11	5	0	6.463502E+03	1.02591E+07
15	6	0	11	7	0	6.464855E+03	1.52309E+05
15	6	0	12	5	0	9.849305E+03	8.63402E+06
15	6	0	12	7	0	9.851965E+03	2.28710E+05
15	6	0	13	5	0	1.667931E+04	7.21815E+06
15	6	0	13	7	0	1.668590E+04	3.33389E+05
15	6	0	14	5	0	3.726958E+04	5.82357E+06
15	6	0	14	7	0	3.729842E+04	4.86787E+05
15	6	0	15	5	0	9.521271E+07	2.82919E-09
15	6	1	10	5	1	4.629557E+03	1.21017E+07
15	6	1	10	7	1	4.652103E+03	9.31915E+04
15	6	1	11	5	1	6.709453E+03	1.02591E+07
15	6	1	11	7	1	6.748455E+03	1.52309E+05
15	6	1	12	5	1	1.021540E+04	8.63402E+06
15	6	1	12	7	1	1.029089E+04	2.28710E+05
15	6	1	13	5	1	1.726784E+04	7.21815E+06
15	6	1	13	7	1	1.745036E+04	3.33389E+05
15	6	1	14	5	1	3.837990E+04	5.82357E+06
15	6	1	14	7	1	3.915553E+04	4.86787E+05
15	6	1	15	5	1	3.955103E+06	2.82919E-09
15	7	0	10	6	0	4.458647E+03	1.14909E+07
15	7	0	10	8	0	4.459241E+03	2.94943E+04
15	7	0	11	6	0	6.463947E+03	1.06442E+07
15	7	0	11	8	0	6.464975E+03	6.56661E+04
15	7	0	12	6	0	9.850062E+03	9.51262E+06
15	7	0	12	8	0	9.852086E+03	1.21422E+05
15	7	0	13	6	0	1.668088E+04	8.28750E+06
15	7	0	13	8	0	1.668590E+04	2.07782E+05
15	7	0	14	6	0	3.727511E+04	6.86793E+06
15	7	0	14	8	0	3.729708E+04	3.48821E+05
15	7	0	15	6	0	1.269922E+08	1.67329E-10
15	7	1	10	6	1	4.638290E+03	1.14909E+07
15	7	1	10	8	1	4.655546E+03	2.94943E+04
15	7	1	11	6	1	6.723009E+03	1.06442E+07
15	7	1	11	8	1	6.752896E+03	6.56661E+04
15	7	1	12	6	1	1.023826E+04	9.51262E+06
15	7	1	12	8	1	1.029617E+04	1.21422E+05
15	7	1	13	6	1	1.731398E+04	8.28750E+06
15	7	1	13	8	1	1.745414E+04	2.07782E+05
15	7	1	14	6	1	3.853241E+04	6.86793E+06
15	7	1	14	8	1	3.912882E+04	3.48821E+05
15	7	1	15	6	1	5.235523E+06	1.67329E-10
15	8	0	10	7	0	4.458860E+03	9.34991E+06
15	8	0	10	9	0	4.459327E+03	5.44501E+03
15	8	0	11	7	0	6.464270E+03	1.00729E+07
15	8	0	11	9	0	6.465079E+03	2.18879E+04
15	8	0	12	7	0	9.850607E+03	9.94097E+06
15	8	0	12	9	0	9.852198E+03	5.57976E+04
15	8	0	13	7	0	1.668200E+04	9.27283E+06
15	8	0	13	9	0	1.668595E+04	1.19132E+05
15	8	0	14	7	0	3.727896E+04	8.05420E+06
15	8	0	14	9	0	3.729624E+04	2.39007E+05
15	8	0	15	7	0	1.633133E+08	1.45557E-11
15	8	1	10	7	1	4.644747E+03	9.34991E+06
15	8	1	10	9	1	4.658386E+03	5.44501E+03
15	8	1	11	7	1	6.732986E+03	1.00729E+07
15	8	1	11	9	1	6.756631E+03	2.18879E+04
15	8	1	12	7	1	1.025496E+04	9.94097E+06
15	8	1	12	9	1	1.030082E+04	5.57976E+04
15	8	1	13	7	1	1.734730E+04	9.27283E+06
15	8	1	13	9	1	1.745838E+04	1.19132E+05
15	8	1	14	7	1	3.864045E+04	8.05420E+06
15	8	1	14	9	1	3.911355E+04	2.39007E+05
15	8	1	15	7	1	6.691725E+06	1.45557E-11
15	9	0	10	8	0	4.459022E+03	5.92416E+06
15	9	0	11	8	0	6.464515E+03	8.33257E+06
15	9	0	12	8	0	9.851016E+03	9.67033E+06
15	9	0	13	8	0	1.668283E+04	1.00484E+07
15	9	0	14	8	0	3.728175E+04	9.40393E+06
15	9	0	15	8	0	2.041733E+08	1.67032E-12
15	9	1	10	8	1	4.649710E+03	5.92416E+06
15	9	1	11	8	1	6.740625E+03	8.33257E+06
15	9	1	12	8	1	1.026767E+04	9.67033E+06
15	9	1	13	8	1	1.737240E+04	1.00484E+07
15	9	1	14	8	1	3.872039E+04	9.40393E+06
15	9	1	15	8	1	8.323733E+06	1.67032E-12
11	10	0	10	9	0	1.437216E+04	9.45396E+07
11	10	0	11	9	0	1.424420E+08	3.45342E-13
11	10	1	10	9	1	1.495808E+04	9.45396E+07
11	10	1	11	9	1	5.273110E+06	3.45342E-13
12	10	0	10	9	0	8.146316E+03	2.22705E+07
12	10	0	11	9	0	1.880303E+04	5.06747E+07
12	10	0	12	9	0	1.679374E+08	3.93516E-13
12	10	1	10	9	1	8.492892E+03	2.22705E+07
12	10	1	11	9	1	1.957650E+04	5.06747E+07
12	10	1	12	9	1	6.306948E+06	3.93516E-13
12	9	0	11	10	0	1.880762E+04	7.21377E+04
12	9	1	11	10	1	1.971085E+04	7.21377E+04
13	10	0	10	9	0	6.085553E+03	8.40376E+06
13	10	0	11	9	0	1.055391E+04	2.01456E+07
13	10	0	12	9	0	2.405311E+04	2.89406E+07
13	10	0	13	9	0	1.941634E+08	3.52391E-13
13	10	1	10	9	1	6.348336E+03	8.40376E+06
13	10	1	11	9	1	1.100622E+04	2.01456E+07
13	10	1	12	9	1	2.504092E+04	2.89406E+07
13	10	1	13	9	1	7.458362E+06	3.52391E-13
13	9	0	11	10	0	1.055526E+04	2.14625E+04
13	9	0	12	10	0	2.405953E+04	1.24048E+05
13	9	1	11	10	1	1.104557E+04	2.14625E+04
13	9	1	12	10	1	2.522577E+04	1.24048E+05
14	10	0	10	9	0	5.064797E+03	4.04166E+06
14	10	0	11	9	0	7.820484E+03	9.82115E+06
14	10	0	12	9	0	1.338825E+04	1.48549E+07
14	10	0	13	9	0	3.019066E+04	1.74115E+07
14	10	0	14	9	0	2.213173E+08	2.91846E-13
14	10	1	10	9	1	5.285006E+03	4.04166E+06
14	10	1	11	9	1	8.159889E+03	9.82115E+06
14	10	1	12	9	1	1.396110E+04	1.48549E+07
14	10	1	13	9	1	3.141984E+04	1.74115E+07
14	10	1	14	9	1	8.731764E+06	2.91846E-13
14	9	0	11	10	0	7.821190E+03	8.72184E+03
14	9	0	12	10	0	1.339013E+04	4.42262E+04
14	9	0	13	10	0	3.019947E+04	1.48378E+05
14	9	1	11	10	1	8.180192E+03	8.72184E+03
14	9	1	12	10	1	1.401453E+04	4.42262E+04
14	9	1	13	10	1	3.166720E+04	1.48378E+05
15	10	0	10	9	0	4.459149E+03	2.25682E+06
15	10	0	11	9	0	6.464706E+03	5.51431E+06
15	10	0	12	9	0	9.851334E+03	8.45208E+06
15	10	0	13	9	0	1.668347E+04	1.04228E+07
15	10	0	14	9	0	3.728386E+04	1.09408E+07
15	10	0	15	9	0	2.495820E+08	2.34450E-13
15	10	1	10	9	1	4.653642E+03	2.25682E+06
15	10	1	11	9	1	6.746655E+03	5.51431E+06
15	10	1	12	9	1	1.027765E+04	8.45208E+06
15	10	1	13	9	1	1.739193E+04	1.04228E+07
15	10	1	14	9	1	3.878160E+04	1.09408E+07
15	10	1	15	9	1	1.013153E+07	2.34450E-13
15	9	0	11	10	0	6.465167E+03	4.31742E+03
15	9	0	12	10	0	9.852301E+03	2.01334E+04
15	9	0	13	10	0	1.668602E+04	6.01090E+04
15	9	0	14	10	0	3.729571E+04	1.53358E+05
15	9	1	11	10	1	6.759806E+03	4.31742E+03
15	9	1	12	10	1	1.030490E+04	2.01334E+04
15	9	1	13	10	1	1.746263E+04	6.01090E+04
15	9	1	14	10	1	3.910497E+04	1.53358E+05
12	11	0	11	10	0	1.880376E+04	6.06947E+07
12	11	0	12	10	0	2.016739E+08	3.99885E-14
12	11	1	11	10	1	1.959845E+04	6.06947E+07
12	11	1	12	10	1	7.551205E+06	3.99885E-14
13	10	0	12	11	0	2.405942E+04	3.98645E+04
13	10	1	12	11	1	2.522472E+04	3.98645E+04
13	11	0	11	10	0	1.055421E+04	1.35691E+07
13	11	0	12	10	0	2.405407E+04	3.42392E+07
13	11	0	13	10	0	2.331165E+08	4.76555E-14
13	11	1	11	10	1	1.101562E+04	1.35691E+07
13	11	1	12	10	1	2.507012E+04	3.42392E+07
13	11	1	13	10	1	8.925750E+06	4.76555E-14
13	12	0	12	11	0	2.405484E+04	4.03997E+07
13	12	0	13	11	0	2.756264E+08	5.60708E-15
13	12	1	12	11	1	2.509366E+04	4.03997E+07
13	12	1	13	11	1	1.052386E+07	5.60708E-15
14	10	0	12	11	0	1.339021E+04	1.12800E+04
14	10	0	13	11	0	3.019926E+04	7.15634E+04
14	10	1	12	11	1	1.401805E+04	1.12800E+04
14	10	1	13	11	1	3.166470E+04	7.15634E+04
14	11	0	11	10	0	7.820683E+03	4.91000E+06
14	11	0	12	10	0	1.338864E+04	1.30526E+07
14	11	0	13	10	0	3.019192E+04	2.03830E+07
14	11	0	13	12	0	3.019914E+04	2.30789E+04
14	11	0	14	10	0	2.656678E+08	4.43242E-14
14	11	1	11	10	1	8.166146E+03	4.91000E+06
14	11	1	12	10	1	1.397336E+04	1.30526E+07
14	11	1	13	10	1	3.145774E+04	2.03830E+07
14	11	1	13	12	1	3.166398E+04	2.30789E+04
14	11	1	14	10	1	1.044535E+07	4.43242E-14
14	12	0	12	11	0	1.338896E+04	8.58732E+06
14	12	0	13	11	0	3.019293E+04	2.38000E+07
14	12	0	14	11	0	3.140408E+08	6.94237E-15
14	12	1	12	11	1	1.398336E+04	8.58732E+06
14	12	1	13	11	1	3.148826E+04	2.38000E+07
14	12	1	14	11	1	1.231118E+07	6.94237E-15
14	13	0	13	12	0	3.019375E+04	2.77286E+07
14	13	0	14	12	0	3.664614E+08	9.22599E-16
14	13	1	13	12	1	3.151330E+04	2.77286E+07
14	13	1	14	12	1	1.432925E+07	9.22599E-16
15	10	0	12	11	0	9.852393E+03	4.39988E+03
15	10	0	13	11	0	1.668610E+04	2.43964E+04
15	10	0	14	11	0	3.729538E+04	8.88213E+04
15	10	1	12	11	1	1.030848E+04	4.39988E+03
15	10	1	13	11	1	1.746670E+04	2.43964E+04
15	10	1	14	11	1	3.910043E+04	8.88213E+04
15	11	0	11	10	0	6.464860E+03	2.28226E+06
15	11	0	12	10	0	9.851588E+03	6.14997E+06
15	11	0	13	10	0	1.668397E+04	1.01126E+07
15	11	0	13	12	0	1.668618E+04	6.22190E+03
15	11	0	14	10	0	3.728550E+04	1.26911E+07
15	11	0	14	12	0	3.729516E+04	4.29843E+04
15	11	0	15	10	0	2.995267E+08	3.79202E-14
15	11	1	11	10	1	6.751534E+03	2.28226E+06
15	11	1	12	10	1	1.028569E+04	6.14997E+06
15	11	1	13	10	1	1.740754E+04	1.01126E+07
15	11	1	13	12	1	1.747051E+04	6.22190E+03
15	11	1	14	10	1	3.882976E+04	1.26911E+07
15	11	1	14	12	1	3.909842E+04	4.29843E+04
15	11	1	15	10	1	1.211516E+07	3.79202E-14
15	12	0	12	11	0	9.851795E+03	2.98180E+06
15	12	0	13	11	0	1.668438E+04	8.70642E+06
15	12	0	14	11	0	3.728681E+04	1.46847E+07
15	12	0	14	13	0	3.729503E+04	1.39027E+04
15	12	0	15	11	0	3.540074E+08	6.67185E-15
15	12	1	12	11	1	1.029229E+04	2.98180E+06
15	12	1	13	11	1	1.742027E+04	8.70642E+06
15	12	1	14	11	1	3.886852E+04	1.46847E+07
15	12	1	14	13	1	3.909801E+04	1.39027E+04
15	12	1	15	11	1	1.427456E+07	6.67185E-15
15	13	0	13	12	0	1.668472E+04	5.61426E+06
15	13	0	14	12	0	3.728787E+04	1.69551E+07
15	13	0	15	12	0	4.130525E+08	1.18058E-15
15	13	1	13	12	1	1.743084E+04	5.61426E+06
15	13	1	14	12	1	3.890031E+04	1.69551E+07
15	13	1	15	12	1	1.660983E+07	1.18058E-15
15	14	0	14	13	0	3.728874E+04	1.95403E+07
15	14	0	15	13	0	4.766217E+08	1.73877E-16
15	14	1	14	13	1	3.892679E+04	1.95403E+07
15	14	1	15	13	1	1.912086E+07	1.73877E-16
100	0	0	0	0	0	1.0	1.0
