  3   0   2    2   1    2   12.4029179665       2.443e+12 
  3   1   2    3   0    2   556.961871821    1199000000.0 
  3   2   2    2   1    2   11.9136541167       1.839e+13 
  3   2   2    3   1    2   659.778579191     577900000.0 
  4   0   2    2   1    2   9.17653153473        9.52e+11 
  4   0   2    3   1    2   37.6619579595       6.339e+11 
  4   1   2    3   0    2   34.4002648233       6.913e+11 
  4   1   2    3   2    2   38.8222439694       1.176e+11 
  4   1   2    4   0    2   1384.85590929     266300000.0 
  4   2   2    2   1    2   9.06707444008       6.088e+12 
  4   2   2    3   1    2   35.8840763407       1.673e+12 
  4   2   2    4   1    2   1685.13180304     149000000.0 
  4   3   2    3   2    2   37.4735768418       3.361e+12 
  4   3   2    4   2    2   2997.46076648      17010000.0 
  5   0   2    2   1    2   8.21230646152       4.598e+11 
  5   0   2    3   1    2   25.4150096553       2.979e+11 
  5   0   2    4   1    2   82.8312458432       2.142e+11 
  5   1   2    3   0    2   24.0938263874       3.826e+11 
  5   1   2    3   2    2   26.1826075516   48920000000.0 
  5   1   2    4   0    2     76.00539305        1.57e+11 
  5   1   2    4   2    2   84.4491962672   61100000000.0 
  5   1   2    5   0    2   2761.47384945      85010000.0 
  5   2   2    2   1    2   8.16827744177       2.811e+12 
  5   2   2    3   1    2   24.9980067806        8.43e+11 
  5   2   2    4   1    2   78.5601446945        3.34e+11 
  5   2   2    4   3    2   84.7309729175   14810000000.0 
  5   2   2    5   1    2   3398.62692445      49800000.0 
  5   3   2    3   2    2   25.8736657317       1.152e+12 
  5   3   2    4   2    2    81.317460105       6.058e+11 
  5   3   2    5   2    2   6180.21851623       6898000.0 
  5   4   2    4   3    2   83.3852735713       1.001e+12 
  5   4   2    5   3    2   34893.0555981         22250.0 
  6   0   2    2   1    2   7.77465128174       2.529e+11 
  6   0   2    3   1    2   21.6443241247       1.624e+11 
  6   0   2    4   1    2   52.8334576769       1.143e+11 
  6   0   2    5   1    2     154.0230213   86940000000.0 
  6   1   2    3   0    2   20.7451580625       2.249e+11 
  6   1   2    3   2    2   22.2752351634   24950000000.0 
  6   1   2    4   0    2   50.3611588846   98600000000.0 
  6   1   2    4   2    2   53.9343772506   29800000000.0 
  6   1   2    5   0    2   141.608222867   50110000000.0 
  6   1   2    5   2    2   156.118887642   30240000000.0 
  6   1   2    6   0    2   4829.15851002      33650000.0 
  6   2   2    2   1    2   7.75208485499       1.535e+12 
  6   2   2    3   1    2   21.4703254197       4.736e+11 
  6   2   2    4   1    2   51.8085752576       2.023e+11 
  6   2   2    4   3    2   54.4224117842    6242000000.0 
  6   2   2    5   1    2   145.624854378   97890000000.0 
  6   2   2    5   3    2   155.983935111   11140000000.0 
  6   2   2    6   1    2   5975.56075778      20140000.0 
  6   3   2    3   2    2    22.147717519        5.53e+11 
  6   3   2    4   2    2   53.1928317776       3.116e+11 
  6   3   2    5   2    2   150.063398439       1.661e+11 
  6   3   2    5   4    2   154.478694799    2795000000.0 
  6   3   2    6   2    2   10973.7002204       2988000.0 
  6   4   2    4   3    2   54.1004616546       3.252e+11 
  6   4   2    5   3    2   153.368014754       2.593e+11 
  6   4   2    6   3    2   54882.3801494         18290.0 
  6   5   2    5   4    2   154.016929799       3.856e+11 
  6   5   2    6   4    2   842206.136775           2.838 
  7   0   2    2   1    2   7.53470531998       1.513e+11 
  7   0   2    3   1    2    19.881684752   97830000000.0 
  7   0   2    4   1    2   43.4339587389   67910000000.0 
  7   0   2    5   1    2   94.4412323798   50540000000.0 
  7   0   2    6   1    2   257.136563839   40320000000.0 
  7   1   2    3   0    2   19.1488741492       1.418e+11 
  7   1   2    3   2    2   20.4451830972   14370000000.0 
  7   1   2    4   0    2   41.8849141289   63230000000.0 
  7   1   2    4   2    2   44.3273762021   16830000000.0 
  7   1   2    5   0    2   90.2518208986   34140000000.0 
  7   1   2    5   2    2   95.9347927221   16370000000.0 
  7   1   2    6   0    2    236.66132625   19760000000.0 
  7   1   2    6   2    2   259.671211813   15770000000.0 
  7   1   2    7   0    2   7728.69329217      15410000.0 
  7   2   2    2   1    2   7.52146344101       9.318e+11 
  7   2   2    3   1    2   19.7897511007       2.916e+11 
  7   2   2    4   1    2    42.997589113       1.272e+11 
  7   2   2    4   3    2   44.7826493564    3252000000.0 
  7   2   2    5   1    2   92.4021961956   65910000000.0 
  7   2   2    5   3    2   96.4672669527    5413000000.0 
  7   2   2    6   1    2   242.562885498   36340000000.0 
  7   2   2    6   3    2    258.78798894    7062000000.0 
  7   2   2    7   1    2   9590.46749037       9335000.0 
  7   3   2    3   2    2   20.3782057169       3.133e+11 
  7   3   2    4   2    2   44.0137361827       1.801e+11 
  7   3   2    5   2    2   94.4777347747       1.024e+11 
  7   3   2    5   4    2   96.2089921129    1146000000.0 
  7   3   2    6   2    2   249.265835915   58770000000.0 
  7   3   2    6   4    2   256.250364508    2722000000.0 
  7   3   2    7   2    2   17703.0993686       1433000.0 
  7   4   2    4   3    2   44.6456648241       1.536e+11 
  7   4   2    5   3    2   95.8338620529       1.294e+11 
  7   4   2    6   3    2   254.279429521   87960000000.0 
  7   4   2    6   5    2   255.540545429     789400000.0 
  7   4   2    7   3    2   83144.8029197         11810.0 
  7   5   2    5   4    2   96.0891614823       1.193e+11 
  7   5   2    6   4    2   255.402031014       1.248e+11 
  7   5   2    7   4    2   1069562.25353            4.11 
  7   6   2    6   5    2   255.477643846       1.736e+11 
  8   0   2    2   1    2   7.38766532252   95690000000.0 
  8   0   2    3   1    2   18.8896235004   63070000000.0 
  8   0   2    4   1    2   38.9635250502   43610000000.0 
  8   0   2    5   1    2   75.5848490733   31930000000.0 
  8   0   2    6   1    2   153.126381472   24950000000.0 
  8   0   2    7   1    2   398.060445522   20680000000.0 
  8   1   2    3   0    2   18.2412603127   94530000000.0 
  8   1   2    3   2    2   19.4138347995    8934000000.0 
  8   1   2    4   0    2   37.7738700487   42510000000.0 
  8   1   2    4   2    2   39.7490966164   10470000000.0 
  8   1   2    5   0    2   73.1074795034   23270000000.0 
  8   1   2    5   2    2    76.792358273    9908000000.0 
  8   1   2    6   0    2   146.545277181   14250000000.0 
  8   1   2    6   2    2   155.053042037    9193000000.0 
  8   1   2    7   0    2   366.599807622    9010000000.0 
  8   1   2    7   2    2   400.944314551    8752000000.0 
  8   1   2    8   0    2   11600.8127101       7846000.0 
  8   2   2    2   1    2   7.37918489942       6.071e+11 
  8   2   2    3   1    2   18.8342790324       1.919e+11 
  8   2   2    4   1    2   38.7287813278   84550000000.0 
  8   2   2    4   3    2    40.171049428    1925000000.0 
  8   2   2    5   1    2   74.7064442111   44600000000.0 
  8   2   2    5   3    2   77.3414163539    3072000000.0 
  8   2   2    6   1    2   149.563690866   26200000000.0 
  8   2   2    6   3    2   155.578109763    3786000000.0 
  8   2   2    7   1    2   374.848742876   15840000000.0 
  8   2   2    7   3    2   398.885479002    4403000000.0 
  8   2   2    8   1    2   14417.4135367       4789000.0 
  8   3   2    3   2    2   19.3736569709       1.963e+11 
  8   3   2    4   2    2   39.5810313783       1.139e+11 
  8   3   2    5   2    2   76.1675432283   65880000000.0 
  8   3   2    5   4    2   77.2887945599     588300000.0 
  8   3   2    6   2    2   152.526714063   40160000000.0 
  8   3   2    6   4    2   155.113771803    1286000000.0 
  8   3   2    7   2    2   384.477175668   24700000000.0 
  8   3   2    7   4    2   394.879185479    2072000000.0 
  8   3   2    8   2    2   26693.6270432        750100.0 
  8   4   2    4   3    2   40.0973671274   86790000000.0 
  8   4   2    5   3    2   77.0687543613   74250000000.0 
  8   4   2    6   3    2   154.478720986   53220000000.0 
  8   4   2    6   5    2   154.943263346     307500000.0 
  8   4   2    7   3    2   391.737592951   35800000000.0 
  8   4   2    7   5    2   393.736898366     907600000.0 
  8   4   2    8   3    2   120745.599576          7321.0 
  8   5   2    5   4    2   77.2351249202   54860000000.0 
  8   5   2    6   4    2   154.897752397   60460000000.0 
  8   5   2    7   4    2   393.482216879   49020000000.0 
  8   5   2    7   6    2   393.631449496     278900000.0 
  8   5   2    8   4    2   1410630.09287             3.8 
  8   6   2    6   5    2   154.925587805   50990000000.0 
  8   6   2    7   5    2    393.62277799   65770000000.0 
  8   7   2    7   6    2    393.62719871   87300000000.0 
  9   0   2    2   1    2    7.2905869366   62700000000.0 
  9   0   2    3   1    2    18.267668083   42660000000.0 
  9   0   2    4   1    2   36.4067473935   29590000000.0 
  9   0   2    5   1    2   66.5222177863   21480000000.0 
  9   0   2    6   1    2    120.00537298   16500000000.0 
  9   0   2    7   1    2     231.7718304   13410000000.0 
  9   0   2    8   1    2   582.680619622   11460000000.0 
  9   1   2    3   0    2   17.6686959548   65790000000.0 
  9   1   2    3   2    2   18.7665999443    5840000000.0 
  9   1   2    4   0    2   35.3984485573   29780000000.0 
  9   1   2    4   2    2   37.1273755423    6949000000.0 
  9   1   2    5   0    2   64.7040211173   16390000000.0 
  9   1   2    5   2    2   67.5738315118    6483000000.0 
  9   1   2    6   0    2   116.274626793   10160000000.0 
  9   1   2    6   2    2   121.567172661    5855000000.0 
  9   1   2    7   0    2   222.011600666    6776000000.0 
  9   1   2    7   2    2   234.158534119    5396000000.0 
  9   1   2    8   0    2   536.855139309    4568000000.0 
  9   1   2    8   2    2   585.775571639    5135000000.0 
  9   1   2    9   0    2   16585.6804324       4329000.0 
  9   2   2    2   1    2   7.28481042424       4.162e+11 
  9   2   2    3   1    2   18.2314446877       1.327e+11 
  9   2   2    4   1    2   36.2631546735   58860000000.0 
  9   2   2    4   3    2   37.5246367024    1237000000.0 
  9   2   2    5   1    2   66.0443722912   31290000000.0 
  9   2   2    5   3    2   68.0953411104    1929000000.0 
  9   2   2    6   1    2    118.45921277   18670000000.0 
  9   2   2    6   3    2   122.200853546    2287000000.0 
  9   2   2    7   1    2   226.072890243   11980000000.0 
  9   2   2    7   3    2   234.598896807    2536000000.0 
  9   2   2    8   1    2   547.954216237    7753000000.0 
  9   2   2    8   3    2   582.022276426    2794000000.0 
  9   2   2    9   1    2   20630.9042336       2656000.0 
  9   3   2    3   2    2   18.7403626981       1.316e+11 
  9   3   2    4   2    2   37.0248240658   76810000000.0 
  9   3   2    5   2    2   67.2348875584   44780000000.0 
  9   3   2    5   4    2   68.1070619256     346500000.0 
  9   3   2    6   2    2   120.474559752   27720000000.0 
  9   3   2    6   4    2   122.082832842     718900000.0 
  9   3   2    7   2    2   230.138279898   18040000000.0 
  9   3   2    7   4    2   233.825190553    1080000000.0 
  9   3   2    8   2    2   561.248748185   11750000000.0 
  9   3   2    8   4    2   576.037806337    1480000000.0 
  9   3   2    9   2    2   38267.6286062        421500.0 
  9   4   2    4   3    2   37.4795599865   54590000000.0 
  9   4   2    5   3    2   67.9470451697   47000000000.0 
  9   4   2    6   3    2   121.724102003   34150000000.0 
  9   4   2    6   5    2   122.012348691     153100000.0 
  9   4   2    7   3    2   232.848083169   24170000000.0 
  9   4   2    7   5    2   233.552996765     409900000.0 
  9   4   2    8   3    2   571.363836433   16600000000.0 
  9   4   2    8   5    2   574.314091151     783100000.0 
  9   4   2    9   3    2   168940.867631          4580.0 
  9   5   2    5   4    2   68.0771240936   30560000000.0 
  9   5   2    6   4    2   121.986672946   34150000000.0 
  9   5   2    7   4    2    233.47269439   29130000000.0 
  9   5   2    7   6    2   233.525225762     102900000.0 
  9   5   2    8   4    2   573.903205674   22120000000.0 
  9   5   2    8   6    2   574.145831889     362100000.0 
  9   5   2    9   4    2   1859728.65306            3.02 
  9   6   2    6   5    2   122.004001255   22670000000.0 
  9   6   2    7   5    2    233.52241312   30810000000.0 
  9   6   2    8   5    2   574.129192246   28850000000.0 
  9   6   2    8   7    2   574.138235411     113300000.0 
  9   7   2    7   6    2   233.523909198   24260000000.0 
  9   7   2    8   6    2   574.137873679   37240000000.0 
  9   8   2    8   7    2   574.137873679   47710000000.0 
 10   0   2    2   1    2   7.22294793823   41500000000.0 
 10   0   2    3   1    2   17.8488611964   29770000000.0 
 10   0   2    4   1    2   34.7803165524   20880000000.0 
 10   0   2    5   1    2    61.285661367   15120000000.0 
 10   0   2    6   1    2   103.978000093   11500000000.0 
 10   0   2    7   1    2   178.601822302    9188000000.0 
 10   0   2    8   1    2   333.259474541    7707000000.0 
 10   0   2    9   1    2   816.882770886    6754000000.0 
 10   1   2    3   0    2   17.2815287703   47230000000.0 
 10   1   2    3   2    2   18.3304158763    3922000000.0 
 10   1   2    4   0    2   33.8778587824   21540000000.0 
 10   1   2    4   2    2   35.4581236204    4826000000.0 
 10   1   2    5   0    2   59.7979958121   11910000000.0 
 10   1   2    5   2    2   62.2408967603    4479000000.0 
 10   1   2    6   0    2   101.334503472    7411000000.0 
 10   1   2    6   2    2   105.330975813    3976000000.0 
 10   1   2    7   0    2   173.242741194    4994000000.0 
 10   1   2    7   2    2   180.551386193    3578000000.0 
 10   1   2    8   0    2   319.419590842    3546000000.0 
 10   1   2    8   2    2   336.121242613    3307000000.0 
 10   1   2    9   0    2   752.858155501    2511000000.0 
 10   1   2    9   2    2   820.003149473    3160000000.0 
 10   1   2   10   0    2   22824.4718848       2545000.0 
 10   2   2    2   1    2   7.21882781484       2.955e+11 
 10   2   2    3   1    2   17.8237227759   95220000000.0 
 10   2   2    4   1    2   34.6849921293   42490000000.0 
 10   2   2    4   3    2    35.837320132     841300000.0 
 10   2   2    5   1    2   60.9903033757   22700000000.0 
 10   2   2    5   3    2   62.7352339683    1297000000.0 
 10   2   2    6   1    2   103.130658924   13630000000.0 
 10   2   2    6   3    2   105.955074261    1502000000.0 
 10   2   2    7   1    2   176.116317894    8865000000.0 
 10   2   2    7   3    2   181.247808907    1608000000.0 
 10   2   2    8   1    2   324.708699429    6073000000.0 
 10   2   2    8   3    2   336.376335791    1700000000.0 
 10   2   2    9   1    2   767.351107196    4143000000.0 
 10   2   2    9   3    2   813.946690057    1820000000.0 
 10   2   2   10   1    2   28404.3089583       1567000.0 
 10   3   2    3   2    2   18.3122352864   92580000000.0 
 10   3   2    4   2    2   35.3901574909   54340000000.0 
 10   3   2    5   2    2   62.0317821423   31820000000.0 
 10   3   2    5   4    2   62.7734453142     223000000.0 
 10   3   2    6   2    2   104.733478538   19820000000.0 
 10   3   2    6   4    2   105.946820748     448700000.0 
 10   3   2    7   2    2   178.802870211   13080000000.0 
 10   3   2    7   4    2   181.020477528     642100000.0 
 10   3   2    8   2    2   330.111567473    8988000000.0 
 10   3   2    8   4    2   335.172887126     830400000.0 
 10   3   2    9   2    2   785.133058718    6139000000.0 
 10   3   2    9   4    2   805.400381459    1044000000.0 
 10   3   2   10   2    2   52753.6783605        251000.0 
 10   4   2    4   3    2   35.8073903736   36870000000.0 
 10   4   2    5   3    2   62.6435732917   31860000000.0 
 10   4   2    6   3    2   105.693878209   23280000000.0 
 10   4   2    6   5    2    105.91113603      88630000.0 
 10   4   2    7   3    2   180.484837081   16680000000.0 
 10   4   2    7   5    2   180.908067068     222600000.0 
 10   4   2    8   3    2   333.757839729   12020000000.0 
 10   4   2    8   5    2   334.762375507     392200000.0 
 10   4   2    9   3    2   798.782489788    8495000000.0 
 10   4   2    9   5    2   802.923724333     617300000.0 
 10   4   2   10   3    2   228961.567838          2933.0 
 10   5   2    5   4    2    62.754614728   19070000000.0 
 10   5   2    6   4    2   105.893191936   21440000000.0 
 10   5   2    7   4    2   180.863974773   18520000000.0 
 10   5   2    7   6    2   180.895497856      49350000.0 
 10   5   2    8   4    2   334.636739104   14770000000.0 
 10   5   2    8   6    2   334.719215774     156000000.0 
 10   5   2    9   4    2    802.31152965   11070000000.0 
 10   5   2    9   6    2   802.672653972     343600000.0 
 10   5   2   10   4    2   2423582.55326           2.264 
 10   6   2    6   5    2    105.90628634   12350000000.0 
 10   6   2    7   5    2    180.89391785   17020000000.0 
 10   6   2    8   5    2   334.713929165   16770000000.0 
 10   6   2    8   7    2   334.717002755      39560000.0 
 10   6   2    9   5    2   802.645081166   14120000000.0 
 10   6   2    9   7    2   802.660634823     161600000.0 
 10   7   2    7   6    2   180.894851486   10380000000.0 
 10   7   2    8   6    2   334.717002755   16790000000.0 
 10   7   2    9   6    2   802.659927826   17820000000.0 
 10   7   2    9   8    2   802.660634823      51060000.0 
 10   8   2    8   7    2    334.71687981   12540000000.0 
 10   8   2    9   7    2   802.659927826   22330000000.0 
 10   9   2    9   8    2   802.660634823   27840000000.0 
 11   0   2    2   1    2   7.17378289868   25680000000.0 
 11   0   2    3   1    2   17.5516116556   19810000000.0 
 11   0   2    4   1    2   33.6691990357   14270000000.0 
 11   0   2    5   1    2   57.9177237314   10470000000.0 
 11   0   2    6   1    2   94.6408611352    8016000000.0 
 11   0   2    7   1    2   152.720987116    6403000000.0 
 11   0   2    8   1    2   253.196197335    5332000000.0 
 11   0   2    9   1    2   460.191718976    4631000000.0 
 11   0   2   10   1    2   1104.93710009    4183000000.0 
 11   1   2    3   0    2   17.0059664119   32130000000.0 
 11   1   2    3   2    2   18.0206881344    2520000000.0 
 11   1   2    4   0    2    32.834851299   14990000000.0 
 11   1   2    4   2    2   34.3171810796    3257000000.0 
 11   1   2    5   0    2   56.6231885346    8431000000.0 
 11   1   2    5   2    2   58.8088369395    3066000000.0 
 11   1   2    6   0    2   92.5416284829    5321000000.0 
 11   1   2    6   2    2   95.8632698163    2729000000.0 
 11   1   2    7   0    2   149.033778723    3635000000.0 
 11   1   2    7   2    2    154.41082084    2443000000.0 
 11   1   2    8   0    2   245.801768121    2629000000.0 
 11   1   2    8   2    2   255.574229849    2225000000.0 
 11   1   2    9   0    2   441.323388467    1975000000.0 
 11   1   2    9   2    2   463.575023732    2087000000.0 
 11   1   2   10   0    2   1018.89722999    1467000000.0 
 11   1   2   10   2    2   1108.11341519    2023000000.0 
 11   1   2   11   0    2   30663.8077933       1548000.0 
 11   2   2    2   1    2   7.17076121607       1.985e+11 
 11   2   2    3   1    2   17.5335348438   65540000000.0 
 11   2   2    4   1    2   33.6027417112   29780000000.0 
 11   2   2    4   3    2   34.6831611178     564800000.0 
 11   2   2    5   1    2    57.721350033   16160000000.0 
 11   2   2    5   3    2   59.2818511283     878500000.0 
 11   2   2    6   1    2   94.1176402544    9838000000.0 
 11   2   2    6   3    2   96.4643361742    1012000000.0 
 11   2   2    7   1    2   151.363129678    6493000000.0 
 11   2   2    7   3    2   155.138066467    1069000000.0 
 11   2   2    8   1    2   249.485648923    4541000000.0 
 11   2   2    8   3    2   256.316675194    1103000000.0 
 11   2   2    9   1    2   448.079350234    3298000000.0 
 11   2   2    9   3    2   463.575731215    1147000000.0 
 11   2   2   10   1    2   1037.59294325    2366000000.0 
 11   2   2   10   3    2    1099.3757231    1217000000.0 
 11   2   2   11   1    2    38272.450231        948500.0 
 11   3   2    3   2    2   18.0078548942   66730000000.0 
 11   3   2    4   2    2   34.2706720589   39360000000.0 
 11   3   2    5   2    2   58.6723851293   23180000000.0 
 11   3   2    5   4    2   59.3354630541     151300000.0 
 11   3   2    6   2    2   95.5012234932   14520000000.0 
 11   3   2    6   4    2   96.5090524593     299600000.0 
 11   3   2    7   2    2   153.473659107    9653000000.0 
 11   3   2    7   4    2   155.104610465     416300000.0 
 11   3   2    8   2    2   253.017000203    6729000000.0 
 11   3   2    8   4    2   255.979711898     516400000.0 
 11   3   2    9   2    2   455.229503815    4844000000.0 
 11   3   2    9   4    2   461.969899137     619000000.0 
 11   3   2   10   2    2   1061.59283128    3446000000.0 
 11   3   2   10   4    2   1088.54536029     739900000.0 
 11   3   2   11   2    2   74529.0782693        132700.0 
 11   4   2    4   3    2   34.6631448175   26180000000.0 
 11   4   2    5   3    2   59.2233973961   22670000000.0 
 11   4   2    6   3    2   96.3096563091   16620000000.0 
 11   4   2    6   5    2   96.4900146217      56550000.0 
 11   4   2    7   3    2   154.738385371   11970000000.0 
 11   4   2    7   5    2   155.049374965     136300000.0 
 11   4   2    8   3    2   255.227490617    8726000000.0 
 11   4   2    8   5    2    255.81450658     227200000.0 
 11   4   2    9   3    2   460.025150095    6456000000.0 
 11   4   2    9   5    2   461.395659696     333900000.0 
 11   4   2   10   3    2   1079.61458036    4691000000.0 
 11   4   2   10   5    2   1085.21507995     471300000.0 
 11   4   2   11   3    2   309428.536503          1798.0 
 11   5   2    5   4    2   59.3229594797   12840000000.0 
 11   5   2    6   4    2   96.4759786451   14470000000.0 
 11   5   2    7   4    2   155.019200757   12570000000.0 
 11   5   2    7   6    2   155.042357886      27810000.0 
 11   5   2    8   4    2    255.74716347   10140000000.0 
 11   5   2    8   6    2   255.795333875      81990000.0 
 11   5   2    9   4    2    461.21304481    7967000000.0 
 11   5   2    9   6    2   461.332358626     165000000.0 
 11   5   2   10   4    2   1084.35246478    6004000000.0 
 11   5   2   10   6    2   1084.86108681     292400000.0 
 11   5   2   11   4    2   3120777.53423           1.637 
 11   6   2    6   5    2   96.4868781358    7597000000.0 
 11   6   2    7   5    2   155.041276363   10520000000.0 
 11   6   2    8   5    2   255.792461807   10500000000.0 
 11   6   2    8   7    2   255.794256842      18220000.0 
 11   6   2    9   5    2   461.323950935    9290000000.0 
 11   6   2    9   7    2   461.329088932      66340000.0 
 11   6   2   10   5    2   1084.81846818    7514000000.0 
 11   6   2   10   7    2   1084.84171429     165400000.0 
 11   7   2    7   6    2   155.041962205    5502000000.0 
 11   7   2    8   6    2   255.794256842    9019000000.0 
 11   7   2    9   6    2   461.328855384   10080000000.0 
 11   7   2    9   8    2   461.329088932      16880000.0 
 11   7   2   10   6    2   1084.84171429    9311000000.0 
 11   7   2   10   8    2   1084.84300577      78480000.0 
 11   8   2    8   7    2   255.794256842    5148000000.0 
 11   8   2    9   7    2   461.329088932    9661000000.0 
 11   8   2   10   7    2   1084.84171429   11460000000.0 
 11   8   2   10   9    2   1084.84171429      24980000.0 
 11   9   2    9   8    2   461.329088932    6921000000.0 
 11   9   2   10   8    2   1084.84300577   14040000000.0 
 11  10   2   10   9    2   1084.84171429   17120000000.0 
 12   0   2    2   1    2   7.13698898333   16510000000.0 
 12   0   2    3   1    2   17.3329849999   14220000000.0 
 12   0   2    4   1    2   32.8737814336   10520000000.0 
 12   0   2    5   1    2   55.6033924605    7768000000.0 
 12   0   2    6   1    2   88.6139663696    5939000000.0 
 12   0   2    7   1    2   137.617252237    4719000000.0 
 12   0   2    8   1    2   214.217685764    3890000000.0 
 12   0   2    9   1    2   345.823362991    3328000000.0 
 12   0   2   10   1    2   615.888261541    2962000000.0 
 12   0   2   11   1    2   1457.66109953    2669000000.0 
 12   1   2    3   0    2   16.8027723862   23900000000.0 
 12   1   2    3   2    2   17.7926846284    1702000000.0 
 12   1   2    4   0    2   32.0856903771   11280000000.0 
 12   1   2    4   2    2   33.4996935915    2370000000.0 
 12   1   2    5   0    2   54.4315268676    6379000000.0 
 12   1   2    5   2    2   56.4482408889    2250000000.0 
 12   1   2    6   0    2   86.8278319898    4038000000.0 
 12   1   2    6   2    2   89.7454939248    1992000000.0 
 12   1   2    7   0    2   134.753001812    2764000000.0 
 12   1   2    7   2    2   139.133787938    1770000000.0 
 12   1   2    8   0    2   209.230596851    2004000000.0 
 12   1   2    8   2    2   216.269791431    1590000000.0 
 12   1   2    9   0    2   335.907639567    1519000000.0 
 12   1   2    9   2    2   348.645269207    1461000000.0 
 12   1   2   10   0    2   590.824506521    1187000000.0 
 12   1   2   10   2    2   619.758616609    1386000000.0 
 12   1   2   11   0    2   1344.61292841     896900000.0 
 12   1   2   11   2    2   1459.92165834    1326000000.0 
 12   1   2   12   0    2   39894.3630155        998300.0 
 12   2   2    2   1    2   7.13469036665       1.464e+11 
 12   2   2    3   1    2   17.3194336224   49090000000.0 
 12   2   2    4   1    2   32.8250699093   22480000000.0 
 12   2   2    4   3    2   33.8552928682     407100000.0 
 12   2   2    5   1    2   55.4641761075   12250000000.0 
 12   2   2    5   3    2   56.9034960979     636700000.0 
 12   2   2    6   1    2   88.2609076335    7480000000.0 
 12   2   2    6   3    2   90.3214342211     728800000.0 
 12   2   2    7   1    2   136.767616916    4952000000.0 
 12   2   2    7   3    2   139.842247084     759300000.0 
 12   2   2    8   1    2    212.16601561    3480000000.0 
 12   2   2    8   3    2   217.086086215     768100000.0 
 12   2   2    9   1    2   340.507697292    2557000000.0 
 12   2   2    9   3    2   349.383004028     776600000.0 
 12   2   2   10   1    2   599.228425221    1936000000.0 
 12   2   2   10   3    2   619.328982763     799700000.0 
 12   2   2   11   1    2   1367.66713743    1422000000.0 
 12   2   2   11   3    2    1445.8680917     824500000.0 
 12   2   2   12   1    2   49812.3450312        612600.0 
 12   3   2    3   2    2   17.7830816067   49920000000.0 
 12   3   2    4   2    2   33.4656684652   29650000000.0 
 12   3   2    5   2    2   56.3516987687   17510000000.0 
 12   3   2    5   4    2   56.9630869221     107700000.0 
 12   3   2    6   2    2   89.5017109362   10990000000.0 
 12   3   2    6   4    2    90.386304586     211900000.0 
 12   3   2    7   2    2   138.548735783    7330000000.0 
 12   3   2    7   4    2   139.876527216     288200000.0 
 12   3   2    8   2    2   214.859496895    5133000000.0 
 12   3   2    8   4    2      216.992212     347500000.0 
 12   3   2    9   2    2   344.994741413    3737000000.0 
 12   3   2    9   4    2   348.852145731     400800000.0 
 12   3   2   10   2    2   608.316365323    2792000000.0 
 12   3   2   10   4    2   617.071442163     459500000.0 
 12   3   2   11   2    2   1397.97903186    2053000000.0 
 12   3   2   11   4    2   1431.29300081     530000000.0 
 12   3   2   12   2    2    97326.395386         85390.0 
 12   4   2    4   3    2   33.8406560297   19330000000.0 
 12   4   2    5   3    2   56.8621585963   16770000000.0 
 12   4   2    6   3    2   90.2173313435   12320000000.0 
 12   4   2    6   5    2    90.375574525      38630000.0 
 12   4   2    7   3    2   139.592854511    8888000000.0 
 12   4   2    7   5    2   139.845895391      90540000.0 
 12   4   2    8   3    2   216.485682873    6508000000.0 
 12   4   2    8   5    2   216.907866878     145400000.0 
 12   4   2    9   3    2   347.830433687    4864000000.0 
 12   4   2    9   5    2   348.613392013     203400000.0 
 12   4   2   10   3    2   614.467127888    3693000000.0 
 12   4   2   10   5    2   616.277288147     270700000.0 
 12   4   2   11   3    2   1419.64461643    2753000000.0 
 12   4   2   11   5    2   1426.83996674     356600000.0 
 12   4   2   12   3    2   399853.900833          1209.0 
 12   5   2    5   4    2    56.954150844    9118000000.0 
 12   5   2    6   4    2   90.3638075547   10300000000.0 
 12   5   2    7   4    2   139.822656785    8965000000.0 
 12   5   2    7   6    2   139.841495985      17410000.0 
 12   5   2    8   4    2   216.862596524    7268000000.0 
 12   5   2    8   6    2   216.897231551      49060000.0 
 12   5   2    9   4    2    348.51726223    5772000000.0 
 12   5   2    9   6    2   348.585387574      92810000.0 
 12   5   2   10   4    2   616.024406617    4549000000.0 
 12   5   2   10   6    2   616.188526835     152200000.0 
 12   5   2   11   4    2   1425.67248242    3471000000.0 
 12   5   2   11   6    2   1426.35756178     237800000.0 
 12   5   2   12   4    2   3944878.96105           1.197 
 12   6   2    6   5    2    90.373396553    5063000000.0 
 12   6   2    7   5    2   139.840680516    7033000000.0 
 12   6   2    8   5    2   216.895321432    7056000000.0 
 12   6   2    8   7    2   216.896612049       9960000.0 
 12   6   2    9   5    2   348.580987285    6317000000.0 
 12   6   2    9   7    2   348.583920799      33680000.0 
 12   6   2   10   5    2   616.176027296    5358000000.0 
 12   6   2   10   7    2   616.183526958      76050000.0 
 12   6   2   11   5    2    1426.2972841    4276000000.0 
 12   6   2   11   7    2   1426.33077107     149800000.0 
 12   7   2    7   6    2   139.841238468    3317000000.0 
 12   7   2    8   6    2   216.896612049    5467000000.0 
 12   7   2    9   6    2   348.583787456    6187000000.0 
 12   7   2    9   8    2   348.583920799       7456000.0 
 12   7   2   10   6    2   616.183526958    6010000000.0 
 12   7   2   10   8    2   616.183943612      30710000.0 
 12   7   2   11   6    2   1426.33077107    5218000000.0 
 12   7   2   11   8    2   1426.33077107      85430000.0 
 12   8   2    8   7    2   216.896612049    2646000000.0 
 12   8   2    9   7    2   348.583920799    5033000000.0 
 12   8   2   10   7    2   616.183526958    6286000000.0 
 12   8   2   10   9    2   616.183526958       7827000.0 
 12   8   2   11   7    2   1426.33077107    6328000000.0 
 12   8   2   11   9    2   1426.33077107      40820000.0 
 12   9   2    9   8    2   348.583920799    2725000000.0 
 12   9   2   10   8    2   616.183943612    5821000000.0 
 12   9   2   11   8    2   1426.33077107    7635000000.0 
 12   9   2   11  10    2   1426.33077107      13060000.0 
 12  10   2   10   9    2   616.183526958    4032000000.0 
 12  10   2   11   9    2   1426.33077107    9175000000.0 
 12  11   2   11  10    2   1426.33077107   10990000000.0 
 13   0   2    2   1    2   7.10867088969    9829000000.0 
 13   0   2    3   1    2   17.1669017397   10130000000.0 
 13   0   2    4   1    2   32.2814520143    7813000000.0 
 13   0   2    5   1    2   53.9296468732    5841000000.0 
 13   0   2    6   1    2   84.4375995801    4478000000.0 
 13   0   2    7   1    2    127.80053812    3551000000.0 
 13   0   2    8   1    2   191.339549172    2911000000.0 
 13   0   2    9   1    2   289.870865541    2466000000.0 
 13   0   2   10   1    2   458.330105174    2164000000.0 
 13   0   2   11   1    2   803.733877113    1886000000.0 
 13   0   2   12   1    2   1875.83402807    1785000000.0 
 13   1   2    3   0    2   16.6481424035   17870000000.0 
 13   1   2    3   2    2   17.6193922801    1101000000.0 
 13   1   2    4   0    2   31.5265323373    8575000000.0 
 13   1   2    4   2    2   32.8906336229    1733000000.0 
 13   1   2    5   0    2   52.8416131186    4885000000.0 
 13   1   2    5   2    2   54.7401789846    1675000000.0 
 13   1   2    6   0    2   82.8512931424    3104000000.0 
 13   1   2    6   2    2   85.5037467534    1482000000.0 
 13   1   2    7   0    2   125.411378098    2130000000.0 
 13   1   2    7   2    2   129.197297491    1313000000.0 
 13   1   2    8   0    2   187.540242451    1547000000.0 
 13   1   2    8   2    2   193.175963318    1172000000.0 
 13   1   2    9   0    2   283.303614342    1175000000.0 
 13   1   2    9   2    2   292.310646388    1063000000.0 
 13   1   2   10   0    2   445.370186732     926300000.0 
 13   1   2   10   2    2   461.615596515     988900000.0 
 13   1   2   11   0    2   771.318279965     722900000.0 
 13   1   2   11   2    2   807.923164287     906000000.0 
 13   1   2   12   0    2   1730.58465605     576600000.0 
 13   1   2   12   2    2   1877.23675916     906200000.0 
 13   1   2   13   0    2   50820.7595785        667300.0 
 13   2   2    2   1    2   7.10688090433       1.083e+11 
 13   2   2    3   1    2   17.1564665151   37180000000.0 
 13   2   2    4   1    2   32.2445719468   17210000000.0 
 13   2   2    4   3    2    33.238127499     295900000.0 
 13   2   2    5   1    2   53.8267959635    9424000000.0 
 13   2   2    5   3    2   55.1813511412     470700000.0 
 13   2   2    6   1    2   84.1857411745    5775000000.0 
 13   2   2    6   3    2   86.0583654155     538400000.0 
 13   2   2    7   1    2   127.224454784    3833000000.0 
 13   2   2    7   3    2   129.880814044     556800000.0 
 13   2   2    8   1    2   190.051129837    2700000000.0 
 13   2   2    8   3    2   193.989459943     556200000.0 
 13   2   2    9   1    2   286.924045974    1992000000.0 
 13   2   2    9   3    2   293.200085972     552000000.0 
 13   2   2   10   1    2   451.006196425    1525000000.0 
 13   2   2   10   3    2   462.298946206     554200000.0 
 13   2   2   11   1    2   781.479676763    1167000000.0 
 13   2   2   11   3    2   806.401036422     550800000.0 
 13   2   2   12   1    2   1758.93113033     899600000.0 
 13   2   2   12   3    2   1858.12459856     579700000.0 
 13   2   2   13   1    2   63476.3889662        409900.0 
 13   3   2    3   2    2   17.6120136948   38060000000.0 
 13   3   2    4   2    2   32.8649309595   22820000000.0 
 13   3   2    5   2    2   54.6690214851   13520000000.0 
 13   3   2    5   4    2   55.2442559779      78890000.0 
 13   3   2    6   2    2   85.3302619695    8501000000.0 
 13   3   2    6   4    2   86.1339496108     155700000.0 
 13   3   2    7   2    2   128.801614029    5681000000.0 
 13   3   2    7   4    2   129.948379551     208700000.0 
 13   3   2    8   2    2    192.29270232    3988000000.0 
 13   3   2    8   4    2   193.999165047     246800000.0 
 13   3   2    9   2    2   290.292957059    2915000000.0 
 13   3   2    9   4    2   293.019259004     277400000.0 
 13   3   2   10   2    2   456.603803082    2200000000.0 
 13   3   2   10   4    2   461.518807838     307000000.0 
 13   3   2   11   2    2   792.694938417    1684000000.0 
 13   3   2   11   4    2   803.296729839     341000000.0 
 13   3   2   12   2    2   1797.02353391    1282000000.0 
 13   3   2   12   4    2   1839.24917652     385700000.0 
 13   3   2   13   2    2   124626.236324         56590.0 
 13   4   2    4   3    2   33.2270878855   14700000000.0 
 13   4   2    5   3    2   55.1509303705   12770000000.0 
 13   4   2    6   3    2   85.9843984521    9393000000.0 
 13   4   2    6   5    2     86.12812885      27730000.0 
 13   4   2    7   3    2   129.712410367    6789000000.0 
 13   4   2    7   5    2   129.930870228      63710000.0 
 13   4   2    8   3    2   193.614020431    4981000000.0 
 13   4   2    8   5    2   193.951639954      99740000.0 
 13   4   2    9   3    2   292.343280465    3735000000.0 
 13   4   2    9   5    2   292.896164185     134900000.0 
 13   4   2   10   3    2   460.172430771    2862000000.0 
 13   4   2   10   5    2   461.186902081     171700000.0 
 13   4   2   11   3    2   799.952806959    2223000000.0 
 13   4   2   11   5    2   802.232422525     214800000.0 
 13   4   2   12   3    2   1824.24157011    1698000000.0 
 13   4   2   12   5    2   1833.45413282     270300000.0 
 13   4   2   13   3    2   507104.641065           832.0 
 13   5   2    5   4    2   55.2376155036    6740000000.0 
 13   5   2    6   4    2   86.1178080926    7623000000.0 
 13   5   2    7   4    2   129.911643202    6647000000.0 
 13   5   2    7   6    2   129.927906153      11720000.0 
 13   5   2    8   4    2   193.917300951    5400000000.0 
 13   5   2    8   6    2   193.944994078      32040000.0 
 13   5   2    9   4    2   292.832538268    4305000000.0 
 13   5   2    9   6    2    292.88063164      58190000.0 
 13   5   2   10   4    2    461.05576634    3428000000.0 
 13   5   2   10   6    2   461.147693546      90280000.0 
 13   5   2   11   4    2   801.894979901    2730000000.0 
 13   5   2   11   6    2   802.111672982     131800000.0 
 13   5   2   12   4    2   1831.91715969    2113000000.0 
 13   5   2   12   6    2   1832.81249246     189700000.0 
 13   5   2   13   4    2   4899285.16168          0.8802 
 13   6   2    6   5    2   86.1265333662    3572000000.0 
 13   6   2    7   5    2   129.927239255    4970000000.0 
 13   6   2    8   5    2   193.943549383    4999000000.0 
 13   6   2    8   7    2   193.944581306       6093000.0 
 13   6   2    9   5    2   292.877713588    4497000000.0 
 13   6   2    9   7    2   292.879784457      19640000.0 
 13   6   2   10   5    2   461.141159438    3858000000.0 
 13   6   2   10   7    2   461.145359914      41490000.0 
 13   6   2   11   5    2   802.094022586    3224000000.0 
 13   6   2   11   7    2    802.10461273      74960000.0 
 13   6   2   12   5    2    1832.7313975    2569000000.0 
 13   6   2   12   7    2   1832.77563022     128300000.0 
 13   7   2    7   6    2   129.927720903    2178000000.0 
 13   7   2    8   6    2   193.944581306    3599000000.0 
 13   7   2    9   6    2   292.879690326    4095000000.0 
 13   7   2    9   8    2   292.879784457       3947000.0 
 13   7   2   10   6    2   461.145359914    4028000000.0 
 13   7   2   10   8    2   461.145593276      15040000.0 
 13   7   2   11   6    2    802.10461273    3671000000.0 
 13   7   2   11   8    2    802.10461273      37640000.0 
 13   7   2   12   6    2   1832.77563022    3095000000.0 
 13   7   2   12   8    2   1832.77563022      81450000.0 
 13   8   2    8   7    2   193.944581306    1558000000.0 
 13   8   2    9   7    2   292.879784457    2980000000.0 
 13   8   2   10   7    2   461.145359914    3771000000.0 
 13   8   2   10   9    2   461.145359914       3316000.0 
 13   8   2   11   7    2    802.10461273    3991000000.0 
 13   8   2   11   9    2    802.10461273      15240000.0 
 13   8   2   12   7    2   1832.77563022    3705000000.0 
 13   8   2   12   9    2   1832.77563022      46760000.0 
 13   9   2    9   8    2   292.879784457    1355000000.0 
 13   9   2   10   8    2   461.145593276    2935000000.0 
 13   9   2   11   8    2    802.10461273    4053000000.0 
 13   9   2   11  10    2    802.10461273       3886000.0 
 13   9   2   12   8    2   1832.77563022    4415000000.0 
 13   9   2   12  10    2   1832.77563022      22460000.0 
 13  10   2   10   9    2   461.145359914    1521000000.0 
 13  10   2   11   9    2    802.10461273    3647000000.0 
 13  10   2   12   9    2   1832.77563022    5240000000.0 
 13  10   2   12  11    2   1832.77563022       7218000.0 
 13  11   2   11  10    2    802.10461273    2457000000.0 
 13  11   2   12  10    2   1832.77563022    6199000000.0 
 13  12   2   12  11    2   1832.77563022    7314000000.0 
 14   0   2    2   1    2   7.08639817726    4364000000.0 
 14   0   2    3   1    2   17.0375837114    6828000000.0 
 14   0   2    4   1    2   31.8271857865    5715000000.0 
 14   0   2    5   1    2   52.6736737768    4383000000.0 
 14   0   2    6   1    2   81.3987259786    3393000000.0 
 14   0   2    7   1    2   120.965315031    2698000000.0 
 14   0   2    8   1    2    176.41505752    2209000000.0 
 14   0   2    9   1    2   256.940518078    1862000000.0 
 14   0   2   10   1    2   381.101499703    1621000000.0 
 14   0   2   11   1    2   593.002949829    1342000000.0 
 14   0   2   12   1    2   1025.39331608    1269000000.0 
 14   0   2   13   1    2   2367.07493454    1223000000.0 
 14   1   2    3   0    2   16.5275735712   13060000000.0 
 14   1   2    3   2    2   17.4844021903     604400000.0 
 14   1   2    4   0    2   31.0969424318    6474000000.0 
 14   1   2    4   2    2   32.4233396714    1236000000.0 
 14   1   2    5   0    2   51.6457786423    3740000000.0 
 14   1   2    5   2    2   53.4579122361    1243000000.0 
 14   1   2    6   0    2   79.9487986322    2395000000.0 
 14   1   2    6   2    2   82.4158959813    1106000000.0 
 14   1   2    7   0    2   118.878558805    1650000000.0 
 14   1   2    7   2    2    122.27498469     985100000.0 
 14   1   2    8   0    2   173.298914451    1202000000.0 
 14   1   2    8   2    2    178.10025259     877600000.0 
 14   1   2    9   0    2   252.018053696     915100000.0 
 14   1   2    9   2    2   259.120675325     791000000.0 
 14   1   2   10   0    2    372.64615328     723200000.0 
 14   1   2   10   2    2   383.951987623     727800000.0 
 14   1   2   11   0    2   576.478740747     549600000.0 
 14   1   2   11   2    2   596.683933346     625600000.0 
 14   1   2   12   0    2   984.225724506     465600000.0 
 14   1   2   12   2    2    1029.9875217     624900000.0 
 14   1   2   13   0    2   2184.05136649     381500000.0 
 14   1   2   13   2    2   2367.23480972     632200000.0 
 14   1   2   14   0    2   63591.5589672        460400.0 
 14   2   2    2   1    2   7.08497681637   77930000000.0 
 14   2   2    3   1    2   17.0293698578   27970000000.0 
 14   2   2    4   1    2    31.798534395   13190000000.0 
 14   2   2    4   3    2   32.7643807774     210900000.0 
 14   2   2    5   1    2   52.5952440936    7290000000.0 
 14   2   2    5   3    2   53.8877799762     348900000.0 
 14   2   2    6   1    2   81.2115819587    4490000000.0 
 14   2   2    6   3    2   82.9528608985     402700000.0 
 14   2   2    7   1    2   120.552479201    2991000000.0 
 14   2   2    7   3    2   122.934922808     416000000.0 
 14   2   2    8   1    2   175.538363445    2113000000.0 
 14   2   2    8   3    2   178.892869665     412800000.0 
 14   2   2    9   1    2   255.085030953    1563000000.0 
 14   2   2    9   3    2   260.033477703     405100000.0 
 14   2   2   10   1    2    377.03368477    1201000000.0 
 14   2   2   10   3    2   384.893549622     400000000.0 
 14   2   2   11   1    2   583.212025367     906100000.0 
 14   2   2   11   3    2   596.980621831     380900000.0 
 14   2   2   12   1    2   996.466957828     740900000.0 
 14   2   2   12   3    2   1027.54275005     394700000.0 
 14   2   2   13   1    2   2218.41460268     587800000.0 
 14   2   2   13   3    2   2341.95062528     414700000.0 
 14   2   2   14   1    2   79461.7230556        282800.0 
 14   3   2    3   2    2   17.4786098423   29170000000.0 
 14   3   2    4   2    2   32.4034262609   17790000000.0 
 14   3   2    5   2    2   53.4038017873   10590000000.0 
 14   3   2    5   4    2   53.9525851346      58410000.0 
 14   3   2    6   2    2   82.2873551645    6673000000.0 
 14   3   2    6   4    2   83.0344943214     117500000.0 
 14   3   2    7   2    2   121.992257971    4470000000.0 
 14   3   2    7   4    2   123.020492502     156100000.0 
 14   3   2    8   2    2   177.501065473    3145000000.0 
 14   3   2    8   4    2   178.954102789     182100000.0 
 14   3   2    9   2    2   257.854268162    2304000000.0 
 14   3   2    9   4    2   260.003058634     201100000.0 
 14   3   2   10   2    2   381.178017786    1745000000.0 
 14   3   2   10   4    2   384.597253489     217300000.0 
 14   3   2   11   2    2   590.011233474    1328000000.0 
 14   3   2   11   4    2    595.86459071     233100000.0 
 14   3   2   12   2    2   1010.26492005    1063000000.0 
 14   3   2   12   4    2   1023.47466098     255700000.0 
 14   3   2   13   2    2   2265.58229038     831300000.0 
 14   3   2   13   4    2   2318.07912738     284700000.0 
 14   3   2   14   2    2   157006.726395         38410.0 
 14   4   2    4   3    2    32.755848135   11420000000.0 
 14   4   2    5   3    2   53.8647025545    9952000000.0 
 14   4   2    6   3    2    82.898188373    7330000000.0 
 14   4   2    6   5    2   83.0317781844      20680000.0 
 14   4   2    7   3    2   122.814884737    5304000000.0 
 14   4   2    7   5    2    123.01071135      46790000.0 
 14   4   2    8   3    2   178.638794896    3896000000.0 
 14   4   2    8   5    2    178.92616854      71920000.0 
 14   4   2    9   3    2   259.496996725    2927000000.0 
 14   4   2    9   5    2   259.932528625      95040000.0 
 14   4   2   10   3    2   383.719336187    2249000000.0 
 14   4   2   10   5    2    384.42446248     117300000.0 
 14   4   2   11   3    2   594.160571948    1756000000.0 
 14   4   2   11   5    2   595.417244921     141000000.0 
 14   4   2   12   3    2     1019.216317    1398000000.0 
 14   4   2   12   5    2   1022.08565506     169400000.0 
 14   4   2   13   3    2    2299.1415185    1091000000.0 
 14   4   2   13   5    2   2310.70228822     206100000.0 
 14   4   2   14   3    2   632385.176961           584.7 
 14   5   2    5   4    2   53.9475002513    5137000000.0 
 14   5   2    6   4    2   83.0224508553    5820000000.0 
 14   5   2    7   4    2   122.994058739    5080000000.0 
 14   5   2    7   6    2   123.008635753       8331000.0 
 14   5   2    8   4    2    178.89817277    4132000000.0 
 14   5   2    8   6    2   178.921742026      22260000.0 
 14   5   2    9   4    2   259.885011054    3300000000.0 
 14   5   2    9   6    2   259.922890271      39320000.0 
 14   5   2   10   4    2   384.339016735    2637000000.0 
 14   5   2   10   6    2    384.40289479      58780000.0 
 14   5   2   11   4    2   595.244948923    2119000000.0 
 14   5   2   11   6    2   595.364339829      81560000.0 
 14   5   2   12   4    2   1021.64792513    1710000000.0 
 14   5   2   12   6    2   1021.92633297     110700000.0 
 14   5   2   13   4    2   2308.72940551    1344000000.0 
 14   5   2   13   6    2   2309.87642867     150400000.0 
 14   5   2   14   4    2   6034881.06007          0.6527 
 14   6   2    6   5    2   83.0305752724    2630000000.0 
 14   6   2    7   5    2   123.008071203    3663000000.0 
 14   6   2    8   5    2   178.920582737    3689000000.0 
 14   6   2    8   7    2   178.921460985       4031000.0 
 14   6   2    9   5    2   259.920740275    3326000000.0 
 14   6   2    9   7    2   259.922371303      12570000.0 
 14   6   2   10   5    2   384.398678832    2866000000.0 
 14   6   2   10   7    2   384.401597562      25420000.0 
 14   6   2   11   5    2   595.355393574    2421000000.0 
 14   6   2   11   7    2   595.361228058      43250000.0 
 14   6   2   12   5    2   1021.90341301    2017000000.0 
 14   6   2   12   7    2   1021.91716486      68610000.0 
 14   6   2   13   5    2   2309.77104229    1615000000.0 
 14   6   2   13   7    2   2309.82958909     107000000.0 
 14   7   2    7   6    2   123.008502918    1519000000.0 
 14   7   2    8   6    2   178.921460985    2516000000.0 
 14   7   2    9   6    2   259.922297165    2869000000.0 
 14   7   2    9   8    2   259.922371303       2354000.0 
 14   7   2   10   6    2   384.401597562    2836000000.0 
 14   7   2   10   8    2   384.401759715       8528000.0 
 14   7   2   11   6    2   595.361228058    2615000000.0 
 14   7   2   11   8    2   595.361228058      19890000.0 
 14   7   2   12   6    2   1021.91716486    2311000000.0 
 14   7   2   12   8    2   1021.91716486      39210000.0 
 14   7   2   13   6    2   2309.82958909    1924000000.0 
 14   7   2   13   8    2   2309.82958909      72910000.0 
 14   8   2    8   7    2   178.921460985    1004000000.0 
 14   8   2    9   7    2   259.922371303    1926000000.0 
 14   8   2   10   7    2   384.401597562    2451000000.0 
 14   8   2   10   9    2   384.401597562       1698000.0 
 14   8   2   11   7    2   595.361228058    2627000000.0 
 14   8   2   11   9    2   595.361228058       7195000.0 
 14   8   2   12   7    2   1021.91716486    2562000000.0 
 14   8   2   12   9    2   1021.91716486      19750000.0 
 14   8   2   13   7    2   2309.82958909    2278000000.0 
 14   8   2   13   9    2   2309.82958909      46570000.0 
 14   9   2    9   8    2   259.922371303     777600000.0 
 14   9   2   10   8    2   384.401759715    1693000000.0 
 14   9   2   11   8    2   595.361228058    2369000000.0 
 14   9   2   11  10    2   595.361228058       1579000.0 
 14   9   2   12   8    2   1021.91716486    2715000000.0 
 14   9   2   12  10    2   1021.91716486       8007000.0 
 14   9   2   13   8    2   2309.82958909    2684000000.0 
 14   9   2   13  10    2   2309.82958909      26860000.0 
 14  10   2   10   9    2   384.401597562     731700000.0 
 14  10   2   11   9    2   595.361228058    1778000000.0 
 14  10   2   12   9    2   1021.91716486    2689000000.0 
 14  10   2   12  11    2   1021.91716486       2042000.0 
 14  10   2   13   9    2   2309.82958909    3152000000.0 
 14  10   2   13  11    2   2309.82958909      12960000.0 
 14  11   2   11  10    2   595.361228058     888900000.0 
 14  11   2   12  10    2   1021.91716486    2363000000.0 
 14  11   2   13  10    2   2309.82958909    3690000000.0 
 14  11   2   13  12    2   2309.82958909       4179000.0 
 14  12   2   12  11    2   1021.91716486    1555000000.0 
 14  12   2   13  11    2   2309.82958909    4309000000.0 
 14  13   2   13  12    2   2309.82958909    5020000000.0 
 15   0   2    2   1    2   7.06855559349      65700000.0 
 15   0   2    3   1    2   16.9348081639    3397000000.0 
 15   0   2    4   1    2     31.47040449    3724000000.0 
 15   0   2    5   1    2    51.703575568    3091000000.0 
 15   0   2    6   1    2   79.1050948284    2475000000.0 
 15   0   2    7   1    2   115.968399154    2000000000.0 
 15   0   2    8   1    2    165.98456377    1651000000.0 
 15   0   2    9   1    2   235.396163366    1395000000.0 
 15   0   2   10   1    2    335.55030141    1212000000.0 
 15   0   2   11   1    2   489.586858203     893000000.0 
 15   0   2   12   1    2   751.065516414     863200000.0 
 15   0   2   13   1    2    1284.2434415     844700000.0 
 15   0   2   14   1    2   2937.02251917     842700000.0 
 15   1   2    3   0    2   16.4316423462    8137000000.0 
 15   1   2    3   2    2   17.3770780404     115300000.0 
 15   1   2    4   0    2   30.7590638051    4490000000.0 
 15   1   2    4   2    2   32.0561929894     751700000.0 
 15   1   2    5   0    2   50.7204670749    2712000000.0 
 15   1   2    5   2    2   52.4671501327     857500000.0 
 15   1   2    6   0    2   77.7529680174    1778000000.0 
 15   1   2    6   2    2   80.0844304805     783600000.0 
 15   1   2    7   0    2   114.087711622    1243000000.0 
 15   1   2    7   2    2   117.212301756     716600000.0 
 15   1   2    8   0    2    163.30218897     914100000.0 
 15   1   2    8   2    2   167.558771807     646300000.0 
 15   1   2    9   0    2    231.41667784     700400000.0 
 15   1   2    9   2    2   237.391779377     584700000.0 
 15   1   2   10   0    2   329.299318359     556300000.0 
 15   1   2   10   2    2   338.096853615     536900000.0 
 15   1   2   11   0    2   478.947989717     377700000.0 
 15   1   2   11   2    2   492.812529237     398500000.0 
 15   1   2   12   0    2   730.317687262     333700000.0 
 15   1   2   12   2    2   755.215376353     409700000.0 
 15   1   2   13   0    2   1232.88642234     295500000.0 
 15   1   2   13   2    2   1289.20166486     422700000.0 
 15   1   2   14   0    2   2710.28129889     253500000.0 
 15   1   2   14   2    2   2935.51818779     441900000.0 
 15   1   2   15   0    2   78375.0786961        329400.0 
 15   2   2    2   1    2   7.06740841386   46000000000.0 
 15   2   2    3   1    2   16.9282250364   19220000000.0 
 15   2   2    4   1    2    31.447678047    9628000000.0 
 15   2   2    4   3    2   32.3920117621     129000000.0 
 15   2   2    5   1    2   51.6422606176    5463000000.0 
 15   2   2    5   3    2   52.8878267993     243500000.0 
 15   2   2    6   1    2   78.9616578025    3414000000.0 
 15   2   2    6   3    2   80.6068135522     292600000.0 
 15   2   2    7   1    2   115.660389117    2295000000.0 
 15   2   2    7   3    2   117.851636843     306700000.0 
 15   2   2    8   1    2   165.354297961    1632000000.0 
 15   2   2    8   3    2   168.327567356     305400000.0 
 15   2   2    9   1    2   234.130558779    1213000000.0 
 15   2   2    9   3    2   238.292765266     298800000.0 
 15   2   2   10   1    2   332.984504863     936400000.0 
 15   2   2   10   3    2    339.10020768     292700000.0 
 15   2   2   11   1    2   484.143778849     653800000.0 
 15   2   2   11   3    2   493.594115872     260600000.0 
 15   2   2   12   1    2   738.331373939     552100000.0 
 15   2   2   12   3    2   755.255435251     268900000.0 
 15   2   2   13   1    2    1247.4548837     469800000.0 
 15   2   2   13   3    2   1285.58777596     281000000.0 
 15   2   2   14   1    2   2751.45168254     388500000.0 
 15   2   2   14   3    2    2902.8361732     298600000.0 
 15   2   2   15   1    2    97996.240456        201900.0 
 15   3   2    3   2    2   17.3724560527   21330000000.0 
 15   3   2    4   2    2   32.0404675933   13710000000.0 
 15   3   2    5   2    2   52.4250370506    8277000000.0 
 15   3   2    5   4    2   52.9537893633      41350000.0 
 15   3   2    6   2    2   79.9863562724    5230000000.0 
 15   3   2    6   4    2   80.6921159897      89620000.0 
 15   3   2    7   2    2   117.002331144    3524000000.0 
 15   3   2    7   4    2   117.947842983     118700000.0 
 15   3   2    8   2    2   167.130013623    2490000000.0 
 15   3   2    8   4    2   168.417599084     137500000.0 
 15   3   2    9   2    2   236.532080159    1830000000.0 
 15   3   2    9   4    2   238.338947871     150100000.0 
 15   3   2   10   2    2   336.355725378    1390000000.0 
 15   3   2   10   4    2   339.015305906     159600000.0 
 15   3   2   11   2    2   489.121990782    1009000000.0 
 15   3   2   11   4    2   493.137889328     166500000.0 
 15   3   2   12   2    2   746.582816095     825400000.0 
 15   3   2   12   4    2   753.772339781     177600000.0 
 15   3   2   13   2    2   1264.24745907     682600000.0 
 15   3   2   13   4    2   1280.42872659     192700000.0 
 15   3   2   14   2    2   2809.25778408     551500000.0 
 15   3   2   14   4    2   2873.43572926     212600000.0 
 15   3   2   15   2    2   195845.054803         26440.0 
 15   4   2    4   3    2   32.3853084863    8968000000.0 
 15   4   2    5   3    2   52.8699592156    7861000000.0 
 15   4   2    6   3    2   80.5653161417    5808000000.0 
 15   4   2    6   5    2   80.6914872139      15880000.0 
 15   4   2    7   3    2    117.76295281    4211000000.0 
 15   4   2    7   5    2   117.942988493      35520000.0 
 15   4   2    8   3    2   168.146706434    3098000000.0 
 15   4   2    8   5    2   168.401290415      53850000.0 
 15   4   2    9   3    2    237.93047051    2330000000.0 
 15   4   2    9   5    2   238.296566397      69950000.0 
 15   4   2   10   3    2   338.367016544    1793000000.0 
 15   4   2   10   5    2   338.915194126      84470000.0 
 15   4   2   11   3    2   492.042181198    1390000000.0 
 15   4   2   11   5    2   492.903693423      98680000.0 
 15   4   2   12   3    2   751.628014395    1118000000.0 
 15   4   2   12   5    2   753.187329994     114300000.0 
 15   4   2   13   3    2   1275.11283751     909400000.0 
 15   4   2   13   5    2   1278.66081639     133500000.0 
 15   4   2   14   3    2   2849.97166501     724900000.0 
 15   4   2   14   5    2   2864.23254147     158400000.0 
 15   4   2   15   3    2   778860.717947           417.3 
 15   5   2    5   4    2   52.9498078328    4004000000.0 
 15   5   2    6   4    2   80.6828711143    4553000000.0 
 15   5   2    7   4    2   117.928091674    3977000000.0 
 15   5   2    7   6    2   117.941492536       6165000.0 
 15   5   2    8   4    2   168.377331116    3238000000.0 
 15   5   2    8   6    2   168.398209552      16200000.0 
 15   5   2    9   4    2   238.258311366    2589000000.0 
 15   5   2    9   6    2   238.290148165      28030000.0 
 15   5   2   10   4    2   338.852181777    2071000000.0 
 15   5   2   10   6    2    338.90183355      40840000.0 
 15   5   2   11   4    2    492.79280809    1668000000.0 
 15   5   2   11   6    2   492.874634509      54770000.0 
 15   5   2   12   4    2   752.966396637    1358000000.0 
 15   5   2   12   6    2   753.117613077      70910000.0 
 15   5   2   13   4    2   1278.10486365    1111000000.0 
 15   5   2   13   6    2   1278.45631304      91470000.0 
 15   5   2   14   4    2   2861.75894783     885800000.0 
 15   5   2   14   6    2   2863.18861344     119200000.0 
 15   5   2   15   4    2   7348927.74196          0.4889 
 15   6   2    6   5    2   80.6905512135    2001000000.0 
 15   6   2    7   5    2   117.940988804    2789000000.0 
 15   6   2    8   5    2   168.397213741    2812000000.0 
 15   6   2    8   7    2   168.397991717       2825000.0 
 15   6   2    9   5    2   238.288403462    2538000000.0 
 15   6   2    9   7    2   238.289774298       8599000.0 
 15   6   2   10   5    2   338.898682625    2191000000.0 
 15   6   2   10   7    2   338.900951285      16870000.0 
 15   6   2   11   5    2   492.868769823    1858000000.0 
 15   6   2   11   7    2   492.872768457      27580000.0 
 15   6   2   12   5    2   753.105787381    1564000000.0 
 15   6   2   12   7    2   753.113256198      41410000.0 
 15   6   2   13   5    2   1278.42582253    1307000000.0 
 15   6   2   13   7    2   1278.44375794      60360000.0 
 15   6   2   14   5    2   2863.05367831    1054000000.0 
 15   6   2   14   7    2   2863.12564213      88130000.0 
 15   7   2    7   6    2   117.941385683    1109000000.0 
 15   7   2    8   6    2   168.397991717    1838000000.0 
 15   7   2    9   6    2   238.289711987    2100000000.0 
 15   7   2    9   8    2   238.289774298       1527000.0 
 15   7   2   10   6    2   338.900951285    2080000000.0 
 15   7   2   10   8    2   338.901077323       5340000.0 
 15   7   2   11   6    2   492.872768457    1927000000.0 
 15   7   2   11   8    2   492.872768457      11890000.0 
 15   7   2   12   6    2   753.113256198    1722000000.0 
 15   7   2   12   8    2   753.113256198      21980000.0 
 15   7   2   13   6    2   1278.44375794    1500000000.0 
 15   7   2   13   8    2   1278.44375794      37620000.0 
 15   7   2   14   6    2   2863.12564213    1243000000.0 
 15   7   2   14   8    2   2863.12564213      63150000.0 
 15   8   2    8   7    2   168.397991717     690900000.0 
 15   8   2    9   7    2   238.289774298    1327000000.0 
 15   8   2   10   7    2   338.900951285    1693000000.0 
 15   8   2   10   9    2   338.900951285        985700.0 
 15   8   2   11   7    2   492.872768457    1824000000.0 
 15   8   2   11   9    2   492.872768457       3963000.0 
 15   8   2   12   7    2   753.113256198    1800000000.0 
 15   8   2   12   9    2   753.113256198      10100000.0 
 15   8   2   13   7    2   1278.44375794    1679000000.0 
 15   8   2   13   9    2   1278.44375794      21570000.0 
 15   8   2   14   7    2   2863.12564213    1458000000.0 
 15   8   2   14   9    2   2863.12564213      43270000.0 
 15   9   2    9   8    2   238.289774298     491200000.0 
 15   9   2   10   8    2   338.901077323    1073000000.0 
 15   9   2   11   8    2   492.872768457    1509000000.0 
 15   9   2   11  10    2   492.872768457        781700.0 
 15   9   2   12   8    2   753.113256198    1751000000.0 
 15   9   2   12  10    2   753.113256198       3645000.0 
 15   9   2   13   8    2   1278.44375794    1819000000.0 
 15   9   2   13  10    2   1278.44375794      10880000.0 
 15   9   2   14   8    2   2863.12564213    1703000000.0 
 15   9   2   14  10    2   2863.12564213      27770000.0 
 15  10   2   10   9    2   338.900951285     408600000.0 
 15  10   2   11   9    2   492.872768457     998400000.0 
 15  10   2   12   9    2   753.113256198    1530000000.0 
 15  10   2   12  11    2   753.113256198        796600.0 
 15  10   2   13   9    2   1278.44375794    1887000000.0 
 15  10   2   13  11    2   1278.44375794       4417000.0 
 15  10   2   14   9    2   2863.12564213    1981000000.0 
 15  10   2   14  11    2   2863.12564213      16080000.0 
 15  11   2   11  10    2   492.872768457     413200000.0 
 15  11   2   12  10    2   753.113256198    1113000000.0 
 15  11   2   13  10    2   1278.44375794    1831000000.0 
 15  11   2   13  12    2   1278.44375794       1127000.0 
 15  11   2   14  10    2   2863.12564213    2298000000.0 
 15  11   2   14  12    2   2863.12564213       7782000.0 
 15  12   2   12  11    2   753.113256198     539900000.0 
 15  12   2   13  11    2   1278.44375794    1576000000.0 
 15  12   2   14  11    2   2863.12564213    2659000000.0 
 15  12   2   14  13    2   2863.12564213       2517000.0 
 15  13   2   13  12    2   1278.44375794    1016000000.0 
 15  13   2   14  12    2   2863.12564213    3070000000.0 
 15  14   2   14  13    2   2863.12564213    3538000000.0 
100	0	0	0	0	0	1.0	1.0
# upper n l s  lower  n l s   Energy (Angstrom) Einstein A (s-1)
# File computed on 15/11/19 using the RAP package (Witthoeft, 2011) using AUTOSTRUCTURE data 