  3   0   0   2   1   2   1   1   2   1   12.4029179856       2.443e+12 
  3   1   1   2   1   3   0   0   2   1   556.961828487    1199000000.0 
  3   2   2   2   1   2   1   1   2   1   11.8701672226        1.84e+13 
  4   0   0   2   1   2   1   1   2   1   9.11435473275         7.4e+11 
  4   0   0   2   1   3   1   1   2   1   37.6619581275       6.339e+11 
  4   1   1   2   1   3   0   0   2   1   34.4002647369       6.913e+11 
  4   1   1   2   1   3   2   2   2   1   38.8222439302       1.176e+11 
  4   2   2   2   1   2   1   1   2   1   9.04200532002       5.532e+12 
  4   2   2   2   1   3   1   1   2   1   35.8840757917       1.673e+12 
  4   3   3   2   1   3   2   2   2   1   37.4735774119       3.361e+12 
  5   0   0   2   1   2   1   1   2   1   8.21230645002       4.598e+11 
  5   0   0   2   1   3   1   1   2   1   25.4150095553       2.979e+11 
  5   0   0   2   1   4   1   1   2   1   82.8312443231       2.142e+11 
  5   1   1   2   1   3   0   0   2   1   24.0938262483       3.826e+11 
  5   1   1   2   1   3   2   2   2   1   26.1826074195   48920000000.0 
  5   1   1   2   1   4   0   0   2   1   76.0053917885        1.57e+11 
  5   1   1   2   1   4   2   2   2   1   84.4491985947   61100000000.0 
  5   2   2   2   1   2   1   1   2   1    8.1682774284       2.811e+12 
  5   2   2   2   1   3   1   1   2   1   24.9980066651        8.43e+11 
  5   2   2   2   1   4   1   1   2   1   78.5601431422        3.34e+11 
  5   2   2   2   1   4   3   3   2   1   84.7309680108   14810000000.0 
  5   3   3   2   1   3   2   2   2   1    25.873665769       1.152e+12 
  5   3   3   2   1   4   2   2   2   1   81.3174639059       6.058e+11 
  5   4   4   2   1   4   3   3   2   1   83.3852666615       1.001e+12 
  6   0   0   2   1   2   1   1   2   1   7.77465129344       2.529e+11 
  6   0   0   2   1   3   1   1   2   1   21.6443242227       1.624e+11 
  6   0   0   2   1   4   1   1   2   1   52.8334580748       1.143e+11 
  6   0   0   2   1   5   1   1   2   1   154.023028636   86940000000.0 
  6   1   1   2   1   3   0   0   2   1   20.7451578418       2.249e+11 
  6   1   1   2   1   3   2   2   2   1   22.2752349322   24950000000.0 
  6   1   1   2   1   4   0   0   2   1   50.3611576377   98600000000.0 
  6   1   1   2   1   4   2   2   2   1   53.9343774051   29800000000.0 
  6   1   1   2   1   5   0   0   2   1   141.608218488   50110000000.0 
  6   1   1   2   1   5   2   2   2   1    156.11888305   30240000000.0 
  6   2   2   2   1   2   1   1   2   1   7.75208488491       1.535e+12 
  6   2   2   2   1   3   1   1   2   1   21.4703256565       4.736e+11 
  6   2   2   2   1   4   1   1   2   1    51.808576457       2.023e+11 
  6   2   2   2   1   4   3   3   2   1   54.4224118284    6242000000.0 
  6   2   2   2   1   5   1   1   2   1   145.624867389   97890000000.0 
  6   2   2   2   1   5   3   3   2   1   155.983943994   11140000000.0 
  6   3   3   2   1   3   2   2   2   1   22.1477175645        5.53e+11 
  6   3   3   2   1   4   2   2   2   1   53.1928335089       3.116e+11 
  6   3   3   2   1   5   2   2   2   1   150.063406779       1.661e+11 
  6   3   3   2   1   5   4   4   2   1   154.478711043    2795000000.0 
  6   4   4   2   1   4   3   3   2   1   54.1004589605       3.252e+11 
  6   4   4   2   1   5   3   3   2   1   153.368001339       2.593e+11 
  6   5   5   2   1   5   4   4   2   1   154.016932983       3.856e+11 
  7   0   0   2   1   2   1   1   2   1   7.53470531277       1.513e+11 
  7   0   0   2   1   3   1   1   2   1   19.8816847079   97830000000.0 
  7   0   0   2   1   4   1   1   2   1   43.4339584029   67910000000.0 
  7   0   0   2   1   5   1   1   2   1   94.4412322781   50540000000.0 
  7   0   0   2   1   6   1   1   2   1   257.136581152   40320000000.0 
  7   1   1   2   1   3   0   0   2   1   19.1488742559       1.418e+11 
  7   1   1   2   1   3   2   2   2   1   20.4451832385   14370000000.0 
  7   1   1   2   1   4   0   0   2   1   41.8849146768   63230000000.0 
  7   1   1   2   1   4   2   2   2   1   44.3273778861   16830000000.0 
  7   1   1   2   1   5   0   0   2   1   90.2518256682   34140000000.0 
  7   1   1   2   1   5   2   2   2   1    95.934798387   16370000000.0 
  7   1   1   2   1   6   0   0   2   1   236.661338653   19760000000.0 
  7   1   1   2   1   6   2   2   2   1   259.671206227   15770000000.0 
  7   2   2   2   1   2   1   1   2   1   7.52146343489       9.318e+11 
  7   2   2   2   1   3   1   1   2   1   19.7897510645       2.916e+11 
  7   2   2   2   1   4   1   1   2   1   42.9975888187       1.272e+11 
  7   2   2   2   1   4   3   3   2   1   44.7826481708    3252000000.0 
  7   2   2   2   1   5   1   1   2   1   92.4021962593   65910000000.0 
  7   2   2   2   1   5   3   3   2   1   96.4672647101    5413000000.0 
  7   2   2   2   1   6   1   1   2   1   242.562902014   36340000000.0 
  7   2   2   2   1   6   3   3   2   1   258.787970317    7062000000.0 
  7   3   3   2   1   3   2   2   2   1   20.3782058781       3.133e+11 
  7   3   3   2   1   4   2   2   2   1   44.0137379399       1.801e+11 
  7   3   3   2   1   5   2   2   2   1   94.4777407155       1.024e+11 
  7   3   3   2   1   5   4   4   2   1   96.2090011459    1146000000.0 
  7   3   3   2   1   6   2   2   2   1   249.265833876   58770000000.0 
  7   3   3   2   1   6   4   4   2   1   256.250423776    2722000000.0 
  7   4   4   2   1   4   3   3   2   1   44.6456636237       1.536e+11 
  7   4   4   2   1   5   3   3   2   1   95.8338597379       1.294e+11 
  7   4   4   2   1   6   3   3   2   1   254.279410824   87960000000.0 
  7   4   4   2   1   6   5   5   2   1   255.540562233     789400000.0 
  7   5   5   2   1   5   4   4   2   1   96.0891695273       1.193e+11 
  7   5   5   2   1   6   4   4   2   1   255.402083069       1.248e+11 
  7   6   6   2   1   6   5   5   2   1   255.477678269       1.736e+11 
  8   0   0   2   1   2   1   1   2   1   7.38766531286   95690000000.0 
  8   0   0   2   1   3   1   1   2   1   18.8896234429   63070000000.0 
  8   0   0   2   1   4   1   1   2   1   38.9635247041   43610000000.0 
  8   0   0   2   1   5   1   1   2   1   75.5848487228   31930000000.0 
  8   0   0   2   1   6   1   1   2   1   153.126386441   24950000000.0 
  8   0   0   2   1   7   1   1   2   1   398.060351713   20680000000.0 
  8   1   1   2   1   3   0   0   2   1   18.2412601458   94530000000.0 
  8   1   1   2   1   3   2   2   2   1   19.4138346281    8934000000.0 
  8   1   1   2   1   4   0   0   2   1   37.7738693632   42510000000.0 
  8   1   1   2   1   4   2   2   2   1    39.749096718   10470000000.0 
  8   1   1   2   1   5   0   0   2   1   73.1074783961   23270000000.0 
  8   1   1   2   1   5   2   2   2   1   76.7923572279    9908000000.0 
  8   1   1   2   1   6   0   0   2   1   146.545264912   14250000000.0 
  8   1   1   2   1   6   2   2   2   1   155.053020986    9193000000.0 
  8   1   1   2   1   7   0   0   2   1   366.599773937    9010000000.0 
  8   1   1   2   1   7   2   2   2   1   400.944271225    8752000000.0 
  8   2   2   2   1   2   1   1   2   1   7.37918487575       6.071e+11 
  8   2   2   2   1   3   1   1   2   1   18.8342788838       1.919e+11 
  8   2   2   2   1   4   1   1   2   1   38.7287805991   84550000000.0 
  8   2   2   2   1   4   3   3   2   1   40.1710479471    1925000000.0 
  8   2   2   2   1   5   1   1   2   1   74.7064424301   44600000000.0 
  8   2   2   2   1   5   3   3   2   1   77.3414129589    3072000000.0 
  8   2   2   2   1   6   1   1   2   1    149.56368984   26200000000.0 
  8   2   2   2   1   6   3   3   2   1   155.578095127    3786000000.0 
  8   2   2   2   1   7   1   1   2   1   374.848623469   15840000000.0 
  8   2   2   2   1   7   3   3   2   1   398.885335828    4403000000.0 
  8   3   3   2   1   3   2   2   2   1   19.3736567508       1.963e+11 
  8   3   3   2   1   4   2   2   2   1   39.5810312726       1.139e+11 
  8   3   3   2   1   5   2   2   2   1   76.1675414355   65880000000.0 
  8   3   3   2   1   5   4   4   2   1   77.2887945678     588300000.0 
  8   3   3   2   1   6   2   2   2   1   152.526690626   40160000000.0 
  8   3   3   2   1   6   4   4   2   1   155.113770071    1286000000.0 
  8   3   3   2   1   7   2   2   2   1   384.477116345   24700000000.0 
  8   3   3   2   1   7   4   4   2   1   394.879124631    2072000000.0 
  8   4   4   2   1   4   3   3   2   1   40.0973656413   86790000000.0 
  8   4   4   2   1   5   3   3   2   1   77.0687509511   74250000000.0 
  8   4   4   2   1   6   3   3   2   1     154.4787064   53220000000.0 
  8   4   4   2   1   6   5   5   2   1   154.943261792     307500000.0 
  8   4   4   2   1   7   3   3   2   1   391.737453852   35800000000.0 
  8   4   4   2   1   7   5   5   2   1   393.736774056     907600000.0 
  8   5   5   2   1   5   4   4   2   1   77.2351283844   54860000000.0 
  8   5   5   2   1   6   4   4   2   1   154.897764572   60460000000.0 
  8   5   5   2   1   7   4   4   2   1   393.482246171   49020000000.0 
  8   5   5   2   1   7   6   6   2   1   393.631436964     278900000.0 
  8   6   6   2   1   6   5   5   2   1    154.92560394   50990000000.0 
  8   6   6   2   1   7   5   5   2   1   393.622767941   65770000000.0 
  8   7   7   2   1   7   6   6   2   1   393.627147667   87300000000.0 
  9   0   0   2   1   2   1   1   2   1   7.29058691004   62700000000.0 
  9   0   0   2   1   3   1   1   2   1   18.2676679215   42660000000.0 
  9   0   0   2   1   4   1   1   2   1   36.4067466636   29590000000.0 
  9   0   0   2   1   5   1   1   2   1   66.5222160871   21480000000.0 
  9   0   0   2   1   6   1   1   2   1   120.005371385   16500000000.0 
  9   0   0   2   1   7   1   1   2   1   231.771781266   13410000000.0 
  9   0   0   2   1   8   1   1   2   1   582.680578228   11460000000.0 
  9   1   1   2   1   3   0   0   2   1   17.6686959399   65790000000.0 
  9   1   1   2   1   3   2   2   2   1    18.766599944    5840000000.0 
  9   1   1   2   1   4   0   0   2   1   35.3984485241   29780000000.0 
  9   1   1   2   1   4   2   2   2   1   37.1273762567    6949000000.0 
  9   1   1   2   1   5   0   0   2   1   64.7040221505   16390000000.0 
  9   1   1   2   1   5   2   2   2   1   67.5738327755    6483000000.0 
  9   1   1   2   1   6   0   0   2   1   116.274625207   10160000000.0 
  9   1   1   2   1   6   2   2   2   1    121.56716643    5855000000.0 
  9   1   1   2   1   7   0   0   2   1   222.011610688    6776000000.0 
  9   1   1   2   1   7   2   2   2   1   234.158544234    5396000000.0 
  9   1   1   2   1   8   0   0   2   1   536.855212306    4568000000.0 
  9   1   1   2   1   8   2   2   2   1   585.775746996    5135000000.0 
  9   2   2   2   1   2   1   1   2   1   7.28481041049       4.162e+11 
  9   2   2   2   1   3   1   1   2   1   18.2314446068       1.327e+11 
  9   2   2   2   1   4   1   1   2   1   36.2631542658   58860000000.0 
  9   2   2   2   1   4   3   3   2   1   37.5246356577    1237000000.0 
  9   2   2   2   1   5   1   1   2   1   66.0443716661   31290000000.0 
  9   2   2   2   1   5   3   3   2   1   68.0953392938    1929000000.0 
  9   2   2   2   1   6   1   1   2   1   118.459214593   18670000000.0 
  9   2   2   2   1   6   3   3   2   1   122.200847142    2287000000.0 
  9   2   2   2   1   7   1   1   2   1   226.072855795   11980000000.0 
  9   2   2   2   1   7   3   3   2   1   234.598856958    2536000000.0 
  9   2   2   2   1   8   1   1   2   1   547.954251888    7753000000.0 
  9   2   2   2   1   8   3   3   2   1   582.022361293    2794000000.0 
  9   3   3   2   1   3   2   2   2   1   18.7403627393       1.316e+11 
  9   3   3   2   1   4   2   2   2   1   37.0248249385   76810000000.0 
  9   3   3   2   1   5   2   2   2   1   67.2348893443   44780000000.0 
  9   3   3   2   1   5   4   4   2   1   68.1070651976     346500000.0 
  9   3   3   2   1   6   2   2   2   1    120.47455535   27720000000.0 
  9   3   3   2   1   6   4   4   2   1   122.082842263     718900000.0 
  9   3   3   2   1   7   2   2   2   1   230.138295934   18040000000.0 
  9   3   3   2   1   7   4   4   2   1   233.825207712    1080000000.0 
  9   3   3   2   1   8   2   2   2   1   561.248946428   11750000000.0 
  9   3   3   2   1   8   4   4   2   1   576.038017351    1480000000.0 
  9   4   4   2   1   4   3   3   2   1   37.4795595425   54590000000.0 
  9   4   4   2   1   5   3   3   2   1   67.9470453272   47000000000.0 
  9   4   4   2   1   6   3   3   2   1    121.72410196   34150000000.0 
  9   4   4   2   1   7   3   3   2   1   232.848067004   24170000000.0 
  9   4   4   2   1   7   5   5   2   1   233.552986206     409900000.0 
  9   4   4   2   1   8   3   3   2   1   571.364057256   16600000000.0 
  9   4   4   2   1   8   5   5   2   1   574.314123148     783100000.0 
  9   5   5   2   1   5   4   4   2   1   68.0771272564   30560000000.0 
  9   5   5   2   1   6   4   4   2   1    121.98668201   34150000000.0 
  9   5   5   2   1   7   4   4   2   1   233.472710247   29130000000.0 
  9   5   5   2   1   8   4   4   2   1   573.903407572   22120000000.0 
  9   5   5   2   1   8   6   6   2   1   574.145791013     362100000.0 
  9   6   6   2   1   6   5   5   2   1   122.004006028   22670000000.0 
  9   6   6   2   1   7   5   5   2   1   233.522390409   30810000000.0 
  9   6   6   2   1   8   5   5   2   1   574.129150757   28850000000.0 
  9   6   6   2   1   8   7   7   2   1   574.138275853     113300000.0 
  9   7   7   2   1   7   6   6   2   1   233.523912681   24260000000.0 
  9   7   7   2   1   8   6   6   2   1   574.137846983   37240000000.0 
  9   8   8   2   1   8   7   7   2   1   574.138104862   47710000000.0 
 10   0   0   2   1   2   1   1   2   1   7.22294793969   41500000000.0 
 10   0   0   2   1   3   1   1   2   1   17.8488612103   29770000000.0 
 10   0   0   2   1   4   1   1   2   1   34.7803165247   20880000000.0 
 10   0   0   2   1   5   1   1   2   1    61.285661907   15120000000.0 
 10   0   0   2   1   6   1   1   2   1   103.978004601   11500000000.0 
 10   0   0   2   1   7   1   1   2   1    178.60180996    9188000000.0 
 10   0   0   2   1   8   1   1   2   1    333.25951961    7707000000.0 
 10   0   0   2   1   9   1   1   2   1   816.882738739    6754000000.0 
 10   1   1   2   1   3   0   0   2   1     17.28152869   47230000000.0 
 10   1   1   2   1   3   2   2   2   1   18.3304158018    3922000000.0 
 10   1   1   2   1   4   0   0   2   1   33.8778584983   21540000000.0 
 10   1   1   2   1   4   2   2   2   1    35.458123994    4826000000.0 
 10   1   1   2   1   5   0   0   2   1   59.7979959039   11910000000.0 
 10   1   1   2   1   5   2   2   2   1   62.2408969758    4479000000.0 
 10   1   1   2   1   6   0   0   2   1   101.334499997    7411000000.0 
 10   1   1   2   1   6   2   2   2   1   105.330968682    3976000000.0 
 10   1   1   2   1   7   0   0   2   1    173.24274066    4994000000.0 
 10   1   1   2   1   7   2   2   2   1   180.551384998    3578000000.0 
 10   1   1   2   1   8   0   0   2   1   319.419594123    3546000000.0 
 10   1   1   2   1   8   2   2   2   1   336.121275368    3307000000.0 
 10   1   1   2   1   9   0   0   2   1   752.858356589    2511000000.0 
 10   1   1   2   1   9   2   2   2   1   820.003226213    3160000000.0 
 10   2   2   2   1   2   1   1   2   1   7.21882783504       2.955e+11 
 10   2   2   2   1   3   1   1   2   1   17.8237229041   95220000000.0 
 10   2   2   2   1   4   1   1   2   1   34.6849925343   42490000000.0 
 10   2   2   2   1   4   3   3   2   1   35.8373200096     841300000.0 
 10   2   2   2   1   5   1   1   2   1   60.9903052481   22700000000.0 
 10   2   2   2   1   5   3   3   2   1   62.7352349716    1297000000.0 
 10   2   2   2   1   6   1   1   2   1   103.130667184   13630000000.0 
 10   2   2   2   1   6   3   3   2   1   105.955076706    1502000000.0 
 10   2   2   2   1   7   1   1   2   1   176.116317046    8865000000.0 
 10   2   2   2   1   7   3   3   2   1   181.247806365    1608000000.0 
 10   2   2   2   1   8   1   1   2   1   324.708780132    6073000000.0 
 10   2   2   2   1   8   3   3   2   1   336.376437309    1700000000.0 
 10   2   2   2   1   9   1   1   2   1   767.351290578    4143000000.0 
 10   2   2   2   1   9   3   3   2   1   813.946818012    1820000000.0 
 10   3   3   2   1   3   2   2   2   1   18.3122351298   92580000000.0 
 10   3   3   2   1   4   2   2   2   1   35.3901575561   54340000000.0 
 10   3   3   2   1   5   2   2   2   1   62.0317814131   31820000000.0 
 10   3   3   2   1   6   2   2   2   1   104.733468799   19820000000.0 
 10   3   3   2   1   6   4   4   2   1   105.946821281     448700000.0 
 10   3   3   2   1   7   2   2   2   1   178.802861201   13080000000.0 
 10   3   3   2   1   7   4   4   2   1   181.020468656     642100000.0 
 10   3   3   2   1   8   2   2   2   1   330.111572352    8988000000.0 
 10   3   3   2   1   8   4   4   2   1   335.172892896     830400000.0 
 10   3   3   2   1   9   2   2   2   1   785.132977949    6139000000.0 
 10   3   3   2   1   9   4   4   2   1   805.400020204    1044000000.0 
 10   4   4   2   1   4   3   3   2   1   35.8073901459   36870000000.0 
 10   4   4   2   1   5   3   3   2   1   62.6435739691   31860000000.0 
 10   4   4   2   1   6   3   3   2   1   105.693879723   23280000000.0 
 10   4   4   2   1   7   3   3   2   1    180.48483188   16680000000.0 
 10   4   4   2   1   7   5   5   2   1   180.908065266     222600000.0 
 10   4   4   2   1   8   3   3   2   1   333.757930505   12020000000.0 
 10   4   4   2   1   8   5   5   2   1   334.762401898     392200000.0 
 10   4   4   2   1   9   3   3   2   1   798.782560507    8495000000.0 
 10   4   4   2   1   9   5   5   2   1   802.923810573     617300000.0 
 10   5   5   2   1   5   4   4   2   1    62.754616164   19070000000.0 
 10   5   5   2   1   6   4   4   2   1   105.893195203   21440000000.0 
 10   5   5   2   1   7   4   4   2   1   180.863973894   18520000000.0 
 10   5   5   2   1   8   4   4   2   1    334.63677216   14770000000.0 
 10   5   5   2   1   8   6   6   2   1   334.719166276     156000000.0 
 10   5   5   2   1   9   4   4   2   1   802.311328119   11070000000.0 
 10   5   5   2   1   9   6   6   2   1   802.672595855     343600000.0 
 10   6   6   2   1   6   5   5   2   1   105.906291849   12350000000.0 
 10   6   6   2   1   7   5   5   2   1   180.893909803   17020000000.0 
 10   6   6   2   1   8   5   5   2   1   334.713934169   16770000000.0 
 10   6   6   2   1   9   5   5   2   1   802.645044403   14120000000.0 
 10   6   6   2   1   9   7   7   2   1   802.660570345     161600000.0 
 10   7   7   2   1   7   6   6   2   1   180.894840854   10380000000.0 
 10   7   7   2   1   8   6   6   2   1   334.716950122   16790000000.0 
 10   7   7   2   1   9   6   6   2   1   802.659851682   17820000000.0 
 10   7   7   2   1   9   8   8   2   1    802.66018588      51060000.0 
 10   8   8   2   1   8   7   7   2   1   334.716942942   12540000000.0 
 10   8   8   2   1   9   7   7   2   1   802.660037481   22330000000.0 
 10   9   9   2   1   9   8   8   2   1   802.660180931   27840000000.0 
 11   0   0   2   1   2   1   1   2   1   7.17378287656   25680000000.0 
 11   0   0   2   1   3   1   1   2   1   17.5516115281   19810000000.0 
 11   0   0   2   1   4   1   1   2   1   33.6691984907   14270000000.0 
 11   0   0   2   1   5   1   1   2   1   57.9177226779   10470000000.0 
 11   0   0   2   1   6   1   1   2   1   94.6408607696    8016000000.0 
 11   0   0   2   1   7   1   1   2   1   152.720967413    6403000000.0 
 11   0   0   2   1   8   1   1   2   1   253.196194001    5332000000.0 
 11   0   0   2   1   9   1   1   2   1   460.191611818    4631000000.0 
 11   0   0   2   1  10   1   1   2   1   1104.93675229    4183000000.0 
 11   1   1   2   1   3   0   0   2   1   17.0059664989   32130000000.0 
 11   1   1   2   1   3   2   2   2   1   18.0206882473    2520000000.0 
 11   1   1   2   1   4   0   0   2   1   32.8348516463   14990000000.0 
 11   1   1   2   1   4   2   2   2   1   34.3171821004    3257000000.0 
 11   1   1   2   1   5   0   0   2   1   56.6231904433    8431000000.0 
 11   1   1   2   1   5   2   2   2   1    58.808839102    3066000000.0 
 11   1   1   2   1   6   0   0   2   1    92.541630463    5321000000.0 
 11   1   1   2   1   6   2   2   2   1   95.8632691447    2729000000.0 
 11   1   1   2   1   7   0   0   2   1    149.03379098    3635000000.0 
 11   1   1   2   1   7   2   2   2   1   154.410833548    2443000000.0 
 11   1   1   2   1   8   0   0   2   1   245.801804481    2629000000.0 
 11   1   1   2   1   8   2   2   2   1   255.574285995    2225000000.0 
 11   1   1   2   1   9   0   0   2   1   441.323568515    1975000000.0 
 11   1   1   2   1   9   2   2   2   1   463.575170676    2087000000.0 
 11   1   1   2   1  10   0   0   2   1   1018.89764183    1467000000.0 
 11   1   1   2   1  10   2   2   2   1   1108.11346073    2023000000.0 
 11   2   2   2   1   2   1   1   2   1    7.1707612395       1.985e+11 
 11   2   2   2   1   3   1   1   2   1   17.5335349887   65540000000.0 
 11   2   2   2   1   4   1   1   2   1   33.6027421681   29780000000.0 
 11   2   2   2   1   4   3   3   2   1   34.6831610849     564800000.0 
 11   2   2   2   1   5   1   1   2   1   57.7213519364   16160000000.0 
 11   2   2   2   1   5   3   3   2   1   59.2818522629     878500000.0 
 11   2   2   2   1   6   1   1   2   1   94.1176477354    9838000000.0 
 11   2   2   2   1   6   3   3   2   1   96.4643388333    1012000000.0 
 11   2   2   2   1   7   1   1   2   1   151.363130608    6493000000.0 
 11   2   2   2   1   7   3   3   2   1    155.13806624    1069000000.0 
 11   2   2   2   1   8   1   1   2   1   249.485700793    4541000000.0 
 11   2   2   2   1   8   3   3   2   1   256.316738602    1103000000.0 
 11   2   2   2   1   9   1   1   2   1   448.079426401    3298000000.0 
 11   2   2   2   1   9   3   3   2   1   463.575787319    1147000000.0 
 11   2   2   2   1  10   1   1   2   1   1037.59358973    2366000000.0 
 11   2   2   2   1  10   3   3   2   1   1099.37674516    1217000000.0 
 11   3   3   2   1   3   2   2   2   1   18.0078547148   66730000000.0 
 11   3   3   2   1   4   2   2   2   1   34.2706720187   39360000000.0 
 11   3   3   2   1   5   2   2   2   1     58.67238418   23180000000.0 
 11   3   3   2   1   6   2   2   2   1   95.5012146086   14520000000.0 
 11   3   3   2   1   6   4   4   2   1   96.5090520985     299600000.0 
 11   3   3   2   1   7   2   2   2   1   153.473650438    9653000000.0 
 11   3   3   2   1   7   4   4   2   1   155.104601877     416300000.0 
 11   3   3   2   1   8   2   2   2   1   253.016997548    6729000000.0 
 11   3   3   2   1   8   4   4   2   1   255.979709611     516400000.0 
 11   3   3   2   1   9   2   2   2   1   455.229458788    4844000000.0 
 11   3   3   2   1   9   4   4   2   1   461.969761874     619000000.0 
 11   3   3   2   1  10   2   2   2   1   1061.59185761    3446000000.0 
 11   3   3   2   1  10   4   4   2   1   1088.54443407     739900000.0 
 11   4   4   2   1   4   3   3   2   1   34.6631438598   26180000000.0 
 11   4   4   2   1   5   3   3   2   1   59.2233958284   22670000000.0 
 11   4   4   2   1   6   3   3   2   1   96.3096518193   16620000000.0 
 11   4   4   2   1   7   3   3   2   1   154.738366713   11970000000.0 
 11   4   4   2   1   7   5   5   2   1   155.049358746     136300000.0 
 11   4   4   2   1   8   3   3   2   1   255.227503341    8726000000.0 
 11   4   4   2   1   8   5   5   2   1   255.814481445     227200000.0 
 11   4   4   2   1   9   3   3   2   1   460.025042434    6456000000.0 
 11   4   4   2   1   9   5   5   2   1   461.395556275     333900000.0 
 11   4   4   2   1  10   3   3   2   1   1079.61466874    4691000000.0 
 11   4   4   2   1  10   5   5   2   1   1085.21488209     471300000.0 
 11   5   5   2   1   5   4   4   2   1   59.3229600478   12840000000.0 
 11   5   5   2   1   6   4   4   2   1   96.4759794653   14470000000.0 
 11   5   5   2   1   7   4   4   2   1   155.019195227   12570000000.0 
 11   5   5   2   1   8   4   4   2   1   255.747169484   10140000000.0 
 11   5   5   2   1   8   6   6   2   1    255.79529167      81990000.0 
 11   5   5   2   1   9   4   4   2   1   461.212934981    7967000000.0 
 11   5   5   2   1   9   6   6   2   1   461.332296175     165000000.0 
 11   5   5   2   1  10   4   4   2   1   1084.35169485    6004000000.0 
 11   5   5   2   1  10   6   6   2   1   1084.86054075     292400000.0 
 11   6   6   2   1   6   5   5   2   1   96.4868840807    7597000000.0 
 11   6   6   2   1   7   5   5   2   1   155.041273994   10520000000.0 
 11   6   6   2   1   8   5   5   2   1   255.792474372   10500000000.0 
 11   6   6   2   1   9   5   5   2   1   461.323970155    9290000000.0 
 11   6   6   2   1   9   7   7   2   1   461.329098998      66340000.0 
 11   6   6   2   1  10   5   5   2   1   1084.81894846    7514000000.0 
 11   6   6   2   1  10   7   7   2   1   1084.84222752     165400000.0 
 11   7   7   2   1   7   6   6   2   1   155.041954051    5502000000.0 
 11   7   7   2   1   8   6   6   2   1    255.79422517    9019000000.0 
 11   7   7   2   1   9   6   6   2   1   461.328827195   10080000000.0 
 11   7   7   2   1  10   6   6   2   1   1084.84135771    9311000000.0 
 11   7   7   2   1  10   8   8   2   1    1084.8423311      78480000.0 
 11   8   8   2   1   8   7   7   2   1   255.794256634    5148000000.0 
 11   8   8   2   1   9   7   7   2   1   461.329004551    9661000000.0 
 11   8   8   2   1  10   7   7   2   1   1084.84170525   11460000000.0 
 11   9   9   2   1   9   8   8   2   1   461.328938924    6921000000.0 
 11   9   9   2   1  10   8   8   2   1   1084.84233846   14040000000.0 
 11  10  10   2   1  10   9   9   2   1   1084.84171416   17120000000.0 
 12   0   0   2   1   2   1   1   2   1   7.13698897015   16510000000.0 
 12   0   0   2   1   3   1   1   2   1    17.332984927   14220000000.0 
 12   0   0   2   1   4   1   1   2   1    32.873781099   10520000000.0 
 12   0   0   2   1   5   1   1   2   1   55.6033920184    7768000000.0 
 12   0   0   2   1   6   1   1   2   1   88.6139673925    5939000000.0 
 12   0   0   2   1   7   1   1   2   1   137.617239479    4719000000.0 
 12   0   0   2   1   8   1   1   2   1   214.217691227    3890000000.0 
 12   0   0   2   1   9   1   1   2   1   345.823322937    3328000000.0 
 12   0   0   2   1  10   1   1   2   1   615.888218376    2962000000.0 
 12   0   0   2   1  11   1   1   2   1   1457.65964737    2669000000.0 
 12   1   1   2   1   3   0   0   2   1   16.8027723404   23900000000.0 
 12   1   1   2   1   3   2   2   2   1   17.7926845919    1702000000.0 
 12   1   1   2   1   4   0   0   2   1    32.085690232   11280000000.0 
 12   1   1   2   1   4   2   2   2   1   33.4996940446    2370000000.0 
 12   1   1   2   1   5   0   0   2   1   54.4315272594    6379000000.0 
 12   1   1   2   1   5   2   2   2   1   56.4482414057    2250000000.0 
 12   1   1   2   1   6   0   0   2   1   86.8278302417    4038000000.0 
 12   1   1   2   1   6   2   2   2   1   89.7454896063    1992000000.0 
 12   1   1   2   1   7   0   0   2   1   134.753003424    2764000000.0 
 12   1   1   2   1   7   2   2   2   1   139.133789291    1770000000.0 
 12   1   1   2   1   8   0   0   2   1   209.230602923    2004000000.0 
 12   1   1   2   1   8   2   2   2   1   216.269809975    1590000000.0 
 12   1   1   2   1   9   0   0   2   1   335.907691622    1519000000.0 
 12   1   1   2   1   9   2   2   2   1   348.645296031    1461000000.0 
 12   1   1   2   1  10   0   0   2   1   590.824483345    1187000000.0 
 12   1   1   2   1  10   2   2   2   1   619.758452982    1386000000.0 
 12   1   1   2   1  11   0   0   2   1   1344.61363611     896900000.0 
 12   1   1   2   1  11   2   2   2   1    1459.9206056    1326000000.0 
 12   2   2   2   1   2   1   1   2   1   7.13469034241       1.464e+11 
 12   2   2   2   1   3   1   1   2   1   17.3194334843   49090000000.0 
 12   2   2   2   1   4   1   1   2   1   32.8250693413   22480000000.0 
 12   2   2   2   1   4   3   3   2   1   33.8552917689     407100000.0 
 12   2   2   2   1   5   1   1   2   1   55.4641749985   12250000000.0 
 12   2   2   2   1   5   3   3   2   1   56.9034941262     636700000.0 
 12   2   2   2   1   6   1   1   2   1   88.2609069539    7480000000.0 
 12   2   2   2   1   6   3   3   2   1   90.3214289508     728800000.0 
 12   2   2   2   1   7   1   1   2   1   136.767600246    4952000000.0 
 12   2   2   2   1   7   3   3   2   1   139.842228677     759300000.0 
 12   2   2   2   1   8   1   1   2   1   212.166011179    3480000000.0 
 12   2   2   2   1   8   3   3   2   1   217.086087787     768100000.0 
 12   2   2   2   1   9   1   1   2   1   340.507633241    2557000000.0 
 12   2   2   2   1   9   3   3   2   1   349.382922155     776600000.0 
 12   2   2   2   1  10   1   1   2   1   599.228306261    1936000000.0 
 12   2   2   2   1  10   3   3   2   1   619.328949721     799700000.0 
 12   2   2   2   1  11   1   1   2   1   1367.66545221    1422000000.0 
 12   2   2   2   1  11   3   3   2   1   1445.86809193     824500000.0 
 12   3   3   2   1   3   2   2   2   1   17.7830816601   49920000000.0 
 12   3   3   2   1   4   2   2   2   1   33.4656692355   29650000000.0 
 12   3   3   2   1   5   2   2   2   1   56.3517001859   17510000000.0 
 12   3   3   2   1   6   2   2   2   1    89.501708917   10990000000.0 
 12   3   3   2   1   6   4   4   2   1   90.3863101686     211900000.0 
 12   3   3   2   1   7   2   2   2   1   138.548742578    7330000000.0 
 12   3   3   2   1   7   4   4   2   1   139.876534359     288200000.0 
 12   3   3   2   1   8   2   2   2   1   214.859528314    5133000000.0 
 12   3   3   2   1   8   4   4   2   1   216.992244357     347500000.0 
 12   3   3   2   1   9   2   2   2   1   344.994801494    3737000000.0 
 12   3   3   2   1   9   4   4   2   1   348.852155333     400800000.0 
 12   3   3   2   1  10   2   2   2   1   608.316312817    2792000000.0 
 12   3   3   2   1  10   4   4   2   1   617.071419473     459500000.0 
 12   3   3   2   1  11   2   2   2   1    1397.9786218    2053000000.0 
 12   3   3   2   1  11   4   4   2   1   1431.29414801     530000000.0 
 12   4   4   2   1   4   3   3   2   1   33.8406558768   19330000000.0 
 12   4   4   2   1   5   3   3   2   1   56.8621592971   16770000000.0 
 12   4   4   2   1   6   3   3   2   1   90.2173328056   12320000000.0 
 12   4   4   2   1   7   3   3   2   1    139.59285226    8888000000.0 
 12   4   4   2   1   7   5   5   2   1   139.845895176      90540000.0 
 12   4   4   2   1   8   3   3   2   1   216.485723132    6508000000.0 
 12   4   4   2   1   8   5   5   2   1   216.907880033     145400000.0 
 12   4   4   2   1   9   3   3   2   1   347.830452434    4864000000.0 
 12   4   4   2   1   9   5   5   2   1   348.613413631     203400000.0 
 12   4   4   2   1  10   3   3   2   1   614.467407108    3693000000.0 
 12   4   4   2   1  10   5   5   2   1   616.277476406     270700000.0 
 12   4   4   2   1  11   3   3   2   1   1419.64628069    2753000000.0 
 12   4   4   2   1  11   5   5   2   1   1426.84138965     356600000.0 
 12   5   5   2   1   5   4   4   2   1   56.9541531407    9118000000.0 
 12   5   5   2   1   6   4   4   2   1   90.3638127376   10300000000.0 
 12   5   5   2   1   7   4   4   2   1   139.822662972    8965000000.0 
 12   5   5   2   1   8   4   4   2   1   216.862626556    7268000000.0 
 12   5   5   2   1   9   4   4   2   1   348.517265908    5772000000.0 
 12   5   5   2   1   9   6   6   2   1   348.585418336      92810000.0 
 12   5   5   2   1  10   4   4   2   1   616.024365556    4549000000.0 
 12   5   5   2   1  10   6   6   2   1   616.188558209     152200000.0 
 12   5   5   2   1  11   4   4   2   1   1425.67352181    3471000000.0 
 12   5   5   2   1  11   6   6   2   1   1426.35743006     237800000.0 
 12   6   6   2   1   6   5   5   2   1   90.3734023402    5063000000.0 
 12   6   6   2   1   7   5   5   2   1   139.840679958    7033000000.0 
 12   6   6   2   1   8   5   5   2   1    216.89533376    7056000000.0 
 12   6   6   2   1   9   5   5   2   1   348.581006766    6317000000.0 
 12   6   6   2   1  10   5   5   2   1   616.176208827    5358000000.0 
 12   6   6   2   1  10   7   7   2   1   616.183719119      76050000.0 
 12   6   6   2   1  11   5   5   2   1   1426.29867021    4276000000.0 
 12   6   6   2   1  11   7   7   2   1   1426.33182973     149800000.0 
 12   7   7   2   1   7   6   6   2   1   139.841234468    3317000000.0 
 12   7   7   2   1   8   6   6   2   1   216.896595612    5467000000.0 
 12   7   7   2   1   9   6   6   2   1   348.583787723    6187000000.0 
 12   7   7   2   1  10   6   6   2   1   616.183463044    6010000000.0 
 12   7   7   2   1  10   8   8   2   1   616.183777075      30710000.0 
 12   7   7   2   1  11   6   6   2   1   1426.33012878    5218000000.0 
 12   7   7   2   1  11   8   8   2   1   1426.33103161      85430000.0 
 12   8   8   2   1   8   7   7   2   1   216.896617299    2646000000.0 
 12   8   8   2   1   9   7   7   2   1    348.58388657    5033000000.0 
 12   8   8   2   1  10   7   7   2   1   616.183567624    6286000000.0 
 12   8   8   2   1  11   7   7   2   1   1426.33101799    6328000000.0 
 12   8   8   2   1  11   9   9   2   1   1426.33100526      40820000.0 
 12   9   9   2   1   9   8   8   2   1   348.583850034    2725000000.0 
 12   9   9   2   1  10   8   8   2   1   616.183774825    5821000000.0 
 12   9   9   2   1  11   8   8   2   1   1426.33101955    7635000000.0 
 12  10  10   2   1  10   9   9   2   1   616.183488793    4032000000.0 
 12  10  10   2   1  11   9   9   2   1   1426.33056724    9175000000.0 
 12  11  11   2   1  11  10  10   2   1   1426.33101911   10990000000.0 
 13   0   0   2   1   2   1   1   2   1   7.10867088328    9829000000.0 
 13   0   0   2   1   3   1   1   2   1    17.166901707   10130000000.0 
 13   0   0   2   1   4   1   1   2   1    32.281451829    7813000000.0 
 13   0   0   2   1   5   1   1   2   1   53.9296468406    5841000000.0 
 13   0   0   2   1   6   1   1   2   1   84.4376014484    4478000000.0 
 13   0   0   2   1   7   1   1   2   1   127.800529269    3551000000.0 
 13   0   0   2   1   8   1   1   2   1   191.339558356    2911000000.0 
 13   0   0   2   1   9   1   1   2   1   289.870848473    2466000000.0 
 13   0   0   2   1  10   1   1   2   1   458.330108954    2164000000.0 
 13   0   0   2   1  11   1   1   2   1   803.733520754    1886000000.0 
 13   0   0   2   1  12   1   1   2   1   1875.83371646    1785000000.0 
 13   1   1   2   1   3   0   0   2   1   16.6481424452   17870000000.0 
 13   1   1   2   1   3   2   2   2   1   17.6193923414    1101000000.0 
 13   1   1   2   1   4   0   0   2   1   31.5265325081    8575000000.0 
 13   1   1   2   1   4   2   2   2   1   32.8906343981    1733000000.0 
 13   1   1   2   1   5   0   0   2   1   52.8416143614    4885000000.0 
 13   1   1   2   1   5   2   2   2   1   54.7401804081    1675000000.0 
 13   1   1   2   1   6   0   0   2   1   82.8512936984    3104000000.0 
 13   1   1   2   1   6   2   2   2   1   85.5037451207    1482000000.0 
 13   1   1   2   1   7   0   0   2   1   125.411384415    2130000000.0 
 13   1   1   2   1   7   2   2   2   1    129.19730388    1313000000.0 
 13   1   1   2   1   8   0   0   2   1   187.540258333    1547000000.0 
 13   1   1   2   1   8   2   2   2   1   193.175989788    1172000000.0 
 13   1   1   2   1   9   0   0   2   1    283.30367648    1175000000.0 
 13   1   1   2   1   9   2   2   2   1   292.310691977    1063000000.0 
 13   1   1   2   1  10   0   0   2   1    445.37023562     926300000.0 
 13   1   1   2   1  10   2   2   2   1   461.615572407     988900000.0 
 13   1   1   2   1  11   0   0   2   1   771.318698972     722900000.0 
 13   1   1   2   1  11   2   2   2   1   807.923046097     906000000.0 
 13   1   1   2   1  12   0   0   2   1   1730.58625299     576600000.0 
 13   1   1   2   1  12   2   2   2   1   1877.23940469     906200000.0 
 13   2   2   2   1   2   1   1   2   1   7.10688092779       1.083e+11 
 13   2   2   2   1   3   1   1   2   1   17.1564666565   37180000000.0 
 13   2   2   2   1   4   1   1   2   1   32.2445723767   17210000000.0 
 13   2   2   2   1   4   3   3   2   1   33.2381274787     295900000.0 
 13   2   2   2   1   5   1   1   2   1   53.8267976445    9424000000.0 
 13   2   2   2   1   5   3   3   2   1   55.1813521513     470700000.0 
 13   2   2   2   1   6   1   1   2   1   84.1857472229    5775000000.0 
 13   2   2   2   1   6   3   3   2   1   86.0583675977     538400000.0 
 13   2   2   2   1   7   1   1   2   1   127.224455586    3833000000.0 
 13   2   2   2   1   7   3   3   2   1   129.880814035     556800000.0 
 13   2   2   2   1   8   1   1   2   1   190.051160258    2700000000.0 
 13   2   2   2   1   8   3   3   2   1   193.989496598     556200000.0 
 13   2   2   2   1   9   1   1   2   1   286.924077937    1992000000.0 
 13   2   2   2   1   9   3   3   2   1   293.200109179     552000000.0 
 13   2   2   2   1  10   1   1   2   1   451.006320375    1525000000.0 
 13   2   2   2   1  10   3   3   2   1   462.299128836     554200000.0 
 13   2   2   2   1  11   1   1   2   1   781.479701023    1167000000.0 
 13   2   2   2   1  11   3   3   2   1   806.401648194     550800000.0 
 13   2   2   2   1  12   1   1   2   1   1758.93268596     899600000.0 
 13   2   2   2   1  12   3   3   2   1   1858.12535367     579700000.0 
 13   3   3   2   1   3   2   2   2   1   17.6120137803   38060000000.0 
 13   3   3   2   1   4   2   2   2   1    32.864931818   22820000000.0 
 13   3   3   2   1   5   2   2   2   1   54.6690231387   13520000000.0 
 13   3   3   2   1   6   2   2   2   1   85.3302609132    8501000000.0 
 13   3   3   2   1   6   4   4   2   1   86.1339554743     155700000.0 
 13   3   3   2   1   7   2   2   2   1   128.801621677    5681000000.0 
 13   3   3   2   1   7   4   4   2   1   129.948387523     208700000.0 
 13   3   3   2   1   8   2   2   2   1   192.292731442    3988000000.0 
 13   3   3   2   1   8   4   4   2   1   193.999194937     246800000.0 
 13   3   3   2   1   9   2   2   2   1   290.293008614    2915000000.0 
 13   3   3   2   1   9   4   4   2   1   293.019274965     277400000.0 
 13   3   3   2   1  10   2   2   2   1   456.603795806    2200000000.0 
 13   3   3   2   1  10   4   4   2   1   461.518817935     307000000.0 
 13   3   3   2   1  11   2   2   2   1   792.694873806    1684000000.0 
 13   3   3   2   1  11   4   4   2   1   803.297160234     341000000.0 
 13   3   3   2   1  12   2   2   2   1   1797.02621086    1282000000.0 
 13   3   3   2   1  12   4   4   2   1   1839.24918765     385700000.0 
 13   4   4   2   1   4   3   3   2   1   33.2270871901   14700000000.0 
 13   4   4   2   1   5   3   3   2   1   55.1509295197   12770000000.0 
 13   4   4   2   1   6   3   3   2   1   85.9843961098    9393000000.0 
 13   4   4   2   1   7   3   3   2   1   129.712400069    6789000000.0 
 13   4   4   2   1   7   5   5   2   1   129.930861661      63710000.0 
 13   4   4   2   1   8   3   3   2   1   193.614034023    4981000000.0 
 13   4   4   2   1   8   5   5   2   1   193.951631797      99740000.0 
 13   4   4   2   1   9   3   3   2   1   292.343251279    3735000000.0 
 13   4   4   2   1   9   5   5   2   1   292.896136855     134900000.0 
 13   4   4   2   1  10   3   3   2   1   460.172482243    2862000000.0 
 13   4   4   2   1  10   5   5   2   1   461.186901918     171700000.0 
 13   4   4   2   1  11   3   3   2   1     799.9530177    2223000000.0 
 13   4   4   2   1  11   5   5   2   1   802.232552827     214800000.0 
 13   4   4   2   1  12   3   3   2   1    1824.2402631    1698000000.0 
 13   4   4   2   1  12   5   5   2   1   1833.45297598     270300000.0 
 13   5   5   2   1   5   4   4   2   1   55.2376180161    6740000000.0 
 13   5   5   2   1   6   4   4   2   1    86.117813656    7623000000.0 
 13   5   5   2   1   7   4   4   2   1   129.911650491    6647000000.0 
 13   5   5   2   1   8   4   4   2   1   193.917329305    5400000000.0 
 13   5   5   2   1   9   4   4   2   1   292.832550765    4305000000.0 
 13   5   5   2   1   9   6   6   2   1   292.880663259      58190000.0 
 13   5   5   2   1  10   4   4   2   1    461.05576788    3428000000.0 
 13   5   5   2   1  10   6   6   2   1   461.147735668      90280000.0 
 13   5   5   2   1  11   4   4   2   1   801.895382969    2730000000.0 
 13   5   5   2   1  11   6   6   2   1   802.111705601     131800000.0 
 13   5   5   2   1  12   4   4   2   1   1831.91703595    2113000000.0 
 13   5   5   2   1  12   6   6   2   1   1832.81242758     189700000.0 
 13   6   6   2   1   6   5   5   2   1   86.1265399866    3572000000.0 
 13   6   6   2   1   7   5   5   2   1   129.927241878    4970000000.0 
 13   6   6   2   1   8   5   5   2   1   193.943566157    4999000000.0 
 13   6   6   2   1   9   5   5   2   1   292.877743116    4497000000.0 
 13   6   6   2   1  10   5   5   2   1   461.141300222    3858000000.0 
 13   6   6   2   1  10   7   7   2   1   461.145506652      41490000.0 
 13   6   6   2   1  11   5   5   2   1   802.094579267    3224000000.0 
 13   6   6   2   1  11   7   7   2   1   802.105065854      74960000.0 
 13   6   6   2   1  12   5   5   2   1    1832.7324679    2569000000.0 
 13   6   6   2   1  12   7   7   2   1    1832.7775437     128300000.0 
 13   7   7   2   1   7   6   6   2   1   129.927721442    2178000000.0 
 13   7   7   2   1   8   6   6   2   1   193.944577058    3599000000.0 
 13   7   7   2   1   9   6   6   2   1     292.8797108    4095000000.0 
 13   7   7   2   1  10   6   6   2   1   461.145374406    4028000000.0 
 13   7   7   2   1  11   6   6   2   1   802.104561756    3671000000.0 
 13   7   7   2   1  11   8   8   2   1    802.10484727      37640000.0 
 13   7   7   2   1  12   6   6   2   1   1832.77512891    3095000000.0 
 13   7   7   2   1  12   8   8   2   1   1832.77646919      81450000.0 
 13   8   8   2   1   8   7   7   2   1   193.944594609    1558000000.0 
 13   8   8   2   1   9   7   7   2   1   292.879781059    2980000000.0 
 13   8   8   2   1  10   7   7   2   1    461.14543417    3771000000.0 
 13   8   8   2   1  11   7   7   2   1   802.104846564    3991000000.0 
 13   8   8   2   1  12   7   7   2   1   1832.77639878    3705000000.0 
 13   8   8   2   1  12   9   9   2   1   1832.77641869      46760000.0 
 13   9   9   2   1   9   8   8   2   1   292.879754335    1355000000.0 
 13   9   9   2   1  10   8   8   2   1   461.145547911    2935000000.0 
 13   9   9   2   1  11   8   8   2   1   802.104840069    4053000000.0 
 13   9   9   2   1  12   8   8   2   1   1832.77643159    4415000000.0 
 13   9   9   2   1  12  10  10   2   1   1832.77715481      22460000.0 
 13  10  10   2   1  10   9   9   2   1    461.14543585    1521000000.0 
 13  10  10   2   1  11   9   9   2   1   802.104842681    3647000000.0 
 13  10  10   2   1  12   9   9   2   1   1832.77641943    5240000000.0 
 13  11  11   2   1  11  10  10   2   1   802.104678743    2457000000.0 
 13  11  11   2   1  12  10  10   2   1   1832.77631216    6199000000.0 
 13  12  12   2   1  12  11  11   2   1   1832.77642053    7314000000.0 
 14   0   0   2   1   2   1   1   2   1   7.08639815929    4364000000.0 
 14   0   0   2   1   3   1   1   2   1   17.0375836121    6828000000.0 
 14   0   0   2   1   4   1   1   2   1   31.8271853724    5715000000.0 
 14   0   0   2   1   5   1   1   2   1   52.6736731052    4383000000.0 
 14   0   0   2   1   6   1   1   2   1   81.3987261851    3393000000.0 
 14   0   0   2   1   7   1   1   2   1   120.965303723    2698000000.0 
 14   0   0   2   1   8   1   1   2   1   176.415058142    2209000000.0 
 14   0   0   2   1   9   1   1   2   1   256.940489426    1862000000.0 
 14   0   0   2   1  10   1   1   2   1   381.101468783    1621000000.0 
 14   0   0   2   1  11   1   1   2   1   593.002674649    1342000000.0 
 14   0   0   2   1  12   1   1   2   1    1025.3929802    1269000000.0 
 14   0   0   2   1  13   1   1   2   1   2367.07139171    1223000000.0 
 14   1   1   2   1   3   0   0   2   1    16.527573505   13060000000.0 
 14   1   1   2   1   3   2   2   2   1   17.4844021305     604400000.0 
 14   1   1   2   1   4   0   0   2   1   31.0969422179    6474000000.0 
 14   1   1   2   1   4   2   2   2   1   32.4233400116    1236000000.0 
 14   1   1   2   1   5   0   0   2   1   51.6457787813    3740000000.0 
 14   1   1   2   1   5   2   2   2   1   53.4579124707    1243000000.0 
 14   1   1   2   1   6   0   0   2   1   79.9487966381    2395000000.0 
 14   1   1   2   1   6   2   2   2   1   82.4158917952    1106000000.0 
 14   1   1   2   1   7   0   0   2   1   118.878558928    1650000000.0 
 14   1   1   2   1   7   2   2   2   1   122.274984537     985100000.0 
 14   1   1   2   1   8   0   0   2   1   173.298916211    1202000000.0 
 14   1   1   2   1   8   2   2   2   1   178.100262625     877600000.0 
 14   1   1   2   1   9   0   0   2   1   252.018077909     915100000.0 
 14   1   1   2   1   9   2   2   2   1   259.120684763     791000000.0 
 14   1   1   2   1  10   0   0   2   1   372.646132936     723200000.0 
 14   1   1   2   1  10   2   2   2   1   383.951913013     727800000.0 
 14   1   1   2   1  11   0   0   2   1   576.478844209     549600000.0 
 14   1   1   2   1  11   2   2   2   1   596.683728971     625600000.0 
 14   1   1   2   1  12   0   0   2   1   984.225860361     465600000.0 
 14   1   1   2   1  12   2   2   2   1   1029.98790122     624900000.0 
 14   1   1   2   1  13   0   0   2   1    2184.0514068     381500000.0 
 14   1   1   2   1  13   2   2   2   1   2367.23154313     632200000.0 
 14   2   2   2   1   2   1   1   2   1   7.08497679892   77930000000.0 
 14   2   2   2   1   3   1   1   2   1   17.0293697616   27970000000.0 
 14   2   2   2   1   4   1   1   2   1    31.798533992   13190000000.0 
 14   2   2   2   1   4   3   3   2   1   32.7643798858     210900000.0 
 14   2   2   2   1   5   1   1   2   1   52.5952434522    7290000000.0 
 14   2   2   2   1   5   3   3   2   1   53.8877785814     348900000.0 
 14   2   2   2   1   6   1   1   2   1   81.2115822315    4490000000.0 
 14   2   2   2   1   6   3   3   2   1   82.9528573381     402700000.0 
 14   2   2   2   1   7   1   1   2   1   120.552468118    2991000000.0 
 14   2   2   2   1   7   3   3   2   1   122.934910527     416000000.0 
 14   2   2   2   1   8   1   1   2   1   175.538364375    2113000000.0 
 14   2   2   2   1   8   3   3   2   1   178.892874848     412800000.0 
 14   2   2   2   1   9   1   1   2   1   255.085003376    1563000000.0 
 14   2   2   2   1   9   3   3   2   1   260.033441048     405100000.0 
 14   2   2   2   1  10   1   1   2   1   377.033655957    1201000000.0 
 14   2   2   2   1  10   3   3   2   1   384.893555913     400000000.0 
 14   2   2   2   1  11   1   1   2   1   583.211762669     906100000.0 
 14   2   2   2   1  11   3   3   2   1   596.980667706     380900000.0 
 14   2   2   2   1  12   1   1   2   1    996.46665077     740900000.0 
 14   2   2   2   1  12   3   3   2   1   1027.54212357     394700000.0 
 14   2   2   2   1  13   1   1   2   1    2218.4115411     587800000.0 
 14   2   2   2   1  13   3   3   2   1   2341.94678409     414700000.0 
 14   3   3   2   1   3   2   2   2   1   17.4786097137   29170000000.0 
 14   3   3   2   1   4   2   2   2   1    32.403426364   17790000000.0 
 14   3   3   2   1   5   2   2   2   1   53.4038013786   10590000000.0 
 14   3   3   2   1   6   2   2   2   1   82.2873494653    6673000000.0 
 14   3   3   2   1   6   4   4   2   1   83.0344949676     117500000.0 
 14   3   3   2   1   7   2   2   2   1   121.992254464    4470000000.0 
 14   3   3   2   1   7   4   4   2   1   123.020489104     156100000.0 
 14   3   3   2   1   8   2   2   2   1    177.50106834    3145000000.0 
 14   3   3   2   1   8   4   4   2   1   178.954105913     182100000.0 
 14   3   3   2   1   9   2   2   2   1   257.854262522    2304000000.0 
 14   3   3   2   1   9   4   4   2   1   260.003024109     201100000.0 
 14   3   3   2   1  10   2   2   2   1     381.1779115    1745000000.0 
 14   3   3   2   1  10   4   4   2   1   384.597157462     217300000.0 
 14   3   3   2   1  11   2   2   2   1    590.01095518    1328000000.0 
 14   3   3   2   1  11   4   4   2   1    595.86458019     233100000.0 
 14   3   3   2   1  12   2   2   2   1   1010.26505512    1063000000.0 
 14   3   3   2   1  12   4   4   2   1   1023.47393473     255700000.0 
 14   3   3   2   1  13   2   2   2   1   2265.57814136     831300000.0 
 14   3   3   2   1  13   4   4   2   1    2318.0780695     284700000.0 
 14   4   4   2   1   4   3   3   2   1   32.7558476123   11420000000.0 
 14   4   4   2   1   5   3   3   2   1   53.8647021568    9952000000.0 
 14   4   4   2   1   6   3   3   2   1   82.8981871762    7330000000.0 
 14   4   4   2   1   7   3   3   2   1   122.814877658    5304000000.0 
 14   4   4   2   1   8   3   3   2   1   178.638811019    3896000000.0 
 14   4   4   2   1   8   5   5   2   1   178.926166165      71920000.0 
 14   4   4   2   1   9   3   3   2   1   259.496983336    2927000000.0 
 14   4   4   2   1   9   5   5   2   1    259.93251674      95040000.0 
 14   4   4   2   1  10   3   3   2   1   383.719392982    2249000000.0 
 14   4   4   2   1  10   5   5   2   1   384.424483449     117300000.0 
 14   4   4   2   1  11   3   3   2   1    594.16073857    1756000000.0 
 14   4   4   2   1  11   5   5   2   1   595.417367275     141000000.0 
 14   4   4   2   1  12   3   3   2   1    1019.2160572    1398000000.0 
 14   4   4   2   1  12   5   5   2   1   1022.08544459     169400000.0 
 14   4   4   2   1  13   3   3   2   1   2299.13963093    1091000000.0 
 14   4   4   2   1  13   5   5   2   1   2310.70059607     206100000.0 
 14   5   5   2   1   5   4   4   2   1   53.9475018092    5137000000.0 
 14   5   5   2   1   6   4   4   2   1   83.0224540397    5820000000.0 
 14   5   5   2   1   7   4   4   2   1   122.994060914    5080000000.0 
 14   5   5   2   1   8   4   4   2   1   178.898187679    4132000000.0 
 14   5   5   2   1   9   4   4   2   1   259.885001434    3300000000.0 
 14   5   5   2   1   9   6   6   2   1   259.922895706      39320000.0 
 14   5   5   2   1  10   4   4   2   1   384.338975237    2637000000.0 
 14   5   5   2   1  10   6   6   2   1   384.402881477      58780000.0 
 14   5   5   2   1  11   4   4   2   1   595.245068912    2119000000.0 
 14   5   5   2   1  11   6   6   2   1   595.364255655      81560000.0 
 14   5   5   2   1  12   4   4   2   1   1021.64758586    1710000000.0 
 14   5   5   2   1  12   6   6   2   1   1021.92601185     110700000.0 
 14   5   5   2   1  13   4   4   2   1   2308.73031916    1344000000.0 
 14   5   5   2   1  13   6   6   2   1   2309.87380678     150400000.0 
 14   6   6   2   1   6   5   5   2   1   83.0305767946    2630000000.0 
 14   6   6   2   1   7   5   5   2   1   123.008063391    3663000000.0 
 14   6   6   2   1   8   5   5   2   1   178.920575511    3689000000.0 
 14   6   6   2   1   9   5   5   2   1   259.920718152    3326000000.0 
 14   6   6   2   1  10   5   5   2   1   384.398677405    2866000000.0 
 14   6   6   2   1  10   7   7   2   1    384.40160027      25420000.0 
 14   6   6   2   1  11   5   5   2   1   595.355462187    2421000000.0 
 14   6   6   2   1  11   7   7   2   1    595.36123961      43250000.0 
 14   6   6   2   1  12   5   5   2   1   1021.90304435    2017000000.0 
 14   6   6   2   1  12   7   7   2   1   1021.91705828      68610000.0 
 14   6   6   2   1  13   5   5   2   1   2309.76854299    1615000000.0 
 14   6   6   2   1  13   7   7   2   1   2309.82778288     107000000.0 
 14   7   7   2   1   7   6   6   2   1   123.008493941    1519000000.0 
 14   7   7   2   1   8   6   6   2   1   178.921437356    2516000000.0 
 14   7   7   2   1   9   6   6   2   1   259.922271054    2869000000.0 
 14   7   7   2   1  10   6   6   2   1   384.401515253    2836000000.0 
 14   7   7   2   1  11   6   6   2   1   595.360978378    2615000000.0 
 14   7   7   2   1  11   8   8   2   1   595.361135678      19890000.0 
 14   7   7   2   1  12   6   6   2   1   1021.91635613    2311000000.0 
 14   7   7   2   1  12   8   8   2   1   1021.91677281      39210000.0 
 14   7   7   2   1  13   6   6   2   1   2309.82447608    1924000000.0 
 14   7   7   2   1  13   8   8   2   1   2309.82629458      72910000.0 
 14   8   8   2   1   8   7   7   2   1   178.921452318    1004000000.0 
 14   8   8   2   1   9   7   7   2   1   259.922326442    1926000000.0 
 14   8   8   2   1  10   7   7   2   1   384.401556894    2451000000.0 
 14   8   8   2   1  11   7   7   2   1   595.361135561    2627000000.0 
 14   8   8   2   1  12   7   7   2   1   1021.91675173    2562000000.0 
 14   8   8   2   1  12   9   9   2   1   1021.91675791      19750000.0 
 14   8   8   2   1  13   7   7   2   1   2309.82621672    2278000000.0 
 14   8   8   2   1  13   9   9   2   1   2309.82627644      46570000.0 
 14   9   9   2   1   9   8   8   2   1   259.922305521     777600000.0 
 14   9   9   2   1  10   8   8   2   1   384.401636203    1693000000.0 
 14   9   9   2   1  11   8   8   2   1   595.361132644    2369000000.0 
 14   9   9   2   1  12   8   8   2   1   1021.91676387    2715000000.0 
 14   9   9   2   1  13   8   8   2   1   2309.82624892    2684000000.0 
 14   9   9   2   1  13  10  10   2   1   2309.82624775      26860000.0 
 14  10  10   2   1  10   9   9   2   1   384.401557429     731700000.0 
 14  10  10   2   1  11   9   9   2   1   595.361131905    1778000000.0 
 14  10  10   2   1  12   9   9   2   1   1021.91675367    2689000000.0 
 14  10  10   2   1  13   9   9   2   1   2309.82625477    3152000000.0 
 14  10  10   2   1  13  11  11   2   1   2309.82759318      12960000.0 
 14  11  11   2   1  11  10  10   2   1   595.361128987     888900000.0 
 14  11  11   2   1  12  10  10   2   1   1021.91697783    2363000000.0 
 14  11  11   2   1  13  10  10   2   1   2309.82619213    3690000000.0 
 14  12  12   2   1  12  11  11   2   1     1021.916757    1555000000.0 
 14  12  12   2   1  13  11  11   2   1   2309.82760841    4309000000.0 
 14  13  13   2   1  13  12  12   2   1   2309.82625009    5020000000.0 
 15   0   0   2   1   2   1   1   2   1   7.06855560079      65700000.0 
 15   0   0   2   1   3   1   1   2   1   16.9348082103    3397000000.0 
 15   0   0   2   1   4   1   1   2   1   31.4704045843    3724000000.0 
 15   0   0   2   1   5   1   1   2   1   51.7035762683    3091000000.0 
 15   0   0   2   1   6   1   1   2   1   79.1050981774    2475000000.0 
 15   0   0   2   1   7   1   1   2   1    115.96839554    2000000000.0 
 15   0   0   2   1   8   1   1   2   1   165.984578206    1651000000.0 
 15   0   0   2   1   9   1   1   2   1   235.396167246    1395000000.0 
 15   0   0   2   1  10   1   1   2   1    335.55033419    1212000000.0 
 15   0   0   2   1  11   1   1   2   1   489.586791445     893000000.0 
 15   0   0   2   1  12   1   1   2   1   751.065620535     863200000.0 
 15   0   0   2   1  13   1   1   2   1   1284.24322992     844700000.0 
 15   0   0   2   1  14   1   1   2   1   2937.02480238     842700000.0 
 15   1   1   2   1   3   0   0   2   1   16.4316422584    8137000000.0 
 15   1   1   2   1   3   2   2   2   1   17.3770779563     115300000.0 
 15   1   1   2   1   4   0   0   2   1   30.7590635174    4490000000.0 
 15   1   1   2   1   4   2   2   2   1   32.0561932367     751700000.0 
 15   1   1   2   1   5   0   0   2   1   50.7204669955    2712000000.0 
 15   1   1   2   1   5   2   2   2   1   52.4671501303     857500000.0 
 15   1   1   2   1   6   0   0   2   1   77.7529656298    1778000000.0 
 15   1   1   2   1   6   2   2   2   1   80.0844259959     783600000.0 
 15   1   1   2   1   7   0   0   2   1   114.087710655    1243000000.0 
 15   1   1   2   1   7   2   2   2   1   117.212300476     716600000.0 
 15   1   1   2   1   8   0   0   2   1    163.30218832     914100000.0 
 15   1   1   2   1   8   2   2   2   1    167.55877836     646300000.0 
 15   1   1   2   1   9   0   0   2   1   231.416693814     700400000.0 
 15   1   1   2   1   9   2   2   2   1   237.391782624     584700000.0 
 15   1   1   2   1  10   0   0   2   1   329.299293476     556300000.0 
 15   1   1   2   1  10   2   2   2   1   338.096786279     536900000.0 
 15   1   1   2   1  11   0   0   2   1   478.948042102     377700000.0 
 15   1   1   2   1  11   2   2   2   1   492.812369676     398500000.0 
 15   1   1   2   1  12   0   0   2   1   730.317717815     333700000.0 
 15   1   1   2   1  12   2   2   2   1   755.215533076     409700000.0 
 15   1   1   2   1  13   0   0   2   1   1232.88630908     295500000.0 
 15   1   1   2   1  13   2   2   2   1   1289.20055813     422700000.0 
 15   1   1   2   1  14   0   0   2   1   2710.28244757     253500000.0 
 15   1   1   2   1  14   2   2   2   1   2935.51944738     441900000.0 
 15   2   2   2   1   2   1   1   2   1   7.06740839544   46000000000.0 
 15   2   2   2   1   3   1   1   2   1   16.9282249352   19220000000.0 
 15   2   2   2   1   4   1   1   2   1   31.4476776318    9628000000.0 
 15   2   2   2   1   4   3   3   2   1   32.3920108685     129000000.0 
 15   2   2   2   1   5   1   1   2   1   51.6422599427    5463000000.0 
 15   2   2   2   1   5   3   3   2   1   52.8878253966     243500000.0 
 15   2   2   2   1   6   1   1   2   1   78.9616579284    3414000000.0 
 15   2   2   2   1   6   3   3   2   1   80.6068100527     292600000.0 
 15   2   2   2   1   7   1   1   2   1   115.660378632    2295000000.0 
 15   2   2   2   1   7   3   3   2   1   117.851625263     306700000.0 
 15   2   2   2   1   8   1   1   2   1   165.354298207    1632000000.0 
 15   2   2   2   1   8   3   3   2   1   168.327571345     305400000.0 
 15   2   2   2   1   9   1   1   2   1   234.130534386    1213000000.0 
 15   2   2   2   1   9   3   3   2   1   238.292733281     298800000.0 
 15   2   2   2   1  10   1   1   2   1   332.984480041     936400000.0 
 15   2   2   2   1  10   3   3   2   1   339.100210128     292700000.0 
 15   2   2   2   1  11   1   1   2   1   484.143592854     653800000.0 
 15   2   2   2   1  11   3   3   2   1   493.594142073     260600000.0 
 15   2   2   2   1  12   1   1   2   1   738.331193817     552100000.0 
 15   2   2   2   1  12   3   3   2   1   755.255084717     268900000.0 
 15   2   2   2   1  13   1   1   2   1   1247.45388267     469800000.0 
 15   2   2   2   1  13   3   3   2   1   1285.58658348     281000000.0 
 15   2   2   2   1  14   1   1   2   1   2751.44978757     388500000.0 
 15   2   2   2   1  14   3   3   2   1    2902.8359633     298600000.0 
 15   3   3   2   1   3   2   2   2   1    17.372455884   21330000000.0 
 15   3   3   2   1   4   2   2   2   1   32.0404675521   13710000000.0 
 15   3   3   2   1   5   2   2   2   1   52.4250362767    8277000000.0 
 15   3   3   2   1   6   2   2   2   1   79.9863500029    5230000000.0 
 15   3   3   2   1   6   4   4   2   1   80.6921156997      89620000.0 
 15   3   3   2   1   7   2   2   2   1   117.002326025    3524000000.0 
 15   3   3   2   1   7   4   4   2   1   117.947837936     118700000.0 
 15   3   3   2   1   8   2   2   2   1   167.130012302    2490000000.0 
 15   3   3   2   1   8   4   4   2   1   168.417597929     137500000.0 
 15   3   3   2   1   9   2   2   2   1   236.532067677    1830000000.0 
 15   3   3   2   1   9   4   4   2   1   238.338911005     150100000.0 
 15   3   3   2   1  10   2   2   2   1   336.355626975    1390000000.0 
 15   3   3   2   1  10   4   4   2   1   339.015215401     159600000.0 
 15   3   3   2   1  11   2   2   2   1   489.121766445    1009000000.0 
 15   3   3   2   1  11   4   4   2   1   493.137848498     166500000.0 
 15   3   3   2   1  12   2   2   2   1   746.582812792     825400000.0 
 15   3   3   2   1  12   4   4   2   1   753.771867295     177600000.0 
 15   3   3   2   1  13   2   2   2   1   1264.24594611     682600000.0 
 15   3   3   2   1  13   4   4   2   1   1280.42817714     192700000.0 
 15   3   3   2   1  14   2   2   2   1   2809.25672232     551500000.0 
 15   3   3   2   1  14   4   4   2   1   2873.43178428     212600000.0 
 15   4   4   2   1   4   3   3   2   1   32.3853083204    8968000000.0 
 15   4   4   2   1   5   3   3   2   1   52.8699597524    7861000000.0 
 15   4   4   2   1   6   3   3   2   1   80.5653171474    5808000000.0 
 15   4   4   2   1   7   3   3   2   1   117.762950865    4211000000.0 
 15   4   4   2   1   8   3   3   2   1   168.146730024    3098000000.0 
 15   4   4   2   1   8   5   5   2   1   168.401297644      53850000.0 
 15   4   4   2   1   9   3   3   2   1   237.930477884    2330000000.0 
 15   4   4   2   1   9   5   5   2   1   238.296575096      69950000.0 
 15   4   4   2   1  10   3   3   2   1   338.367098387    1793000000.0 
 15   4   4   2   1  10   5   5   2   1   338.915248225      84470000.0 
 15   4   4   2   1  11   3   3   2   1   492.042375144    1390000000.0 
 15   4   4   2   1  11   5   5   2   1   492.903857229      98680000.0 
 15   4   4   2   1  12   3   3   2   1   751.628059031    1118000000.0 
 15   4   4   2   1  12   5   5   2   1   753.187402394     114300000.0 
 15   4   4   2   1  13   3   3   2   1   1275.11279201     909400000.0 
 15   4   4   2   1  13   5   5   2   1   1278.66083631     133500000.0 
 15   4   4   2   1  14   3   3   2   1   2849.97709585     724900000.0 
 15   4   4   2   1  14   5   5   2   1    2864.2350055     158400000.0 
 15   5   5   2   1   5   4   4   2   1    52.949809325    4004000000.0 
 15   5   5   2   1   6   4   4   2   1   80.6828741018    4553000000.0 
 15   5   5   2   1   7   4   4   2   1    117.92809363    3977000000.0 
 15   5   5   2   1   8   4   4   2   1   168.377344236    3238000000.0 
 15   5   5   2   1   9   4   4   2   1   238.258303106    2589000000.0 
 15   5   5   2   1   9   6   6   2   1   238.290152558      28030000.0 
 15   5   5   2   1  10   4   4   2   1   338.852149168    2071000000.0 
 15   5   5   2   1  10   6   6   2   1    338.90182285      40840000.0 
 15   5   5   2   1  11   4   4   2   1   492.792889584    1668000000.0 
 15   5   5   2   1  11   6   6   2   1   492.874576075      54770000.0 
 15   5   5   2   1  12   4   4   2   1   752.966210609    1358000000.0 
 15   5   5   2   1  12   6   6   2   1   753.117436934      70910000.0 
 15   5   5   2   1  13   4   4   2   1   1278.10513864    1111000000.0 
 15   5   5   2   1  13   6   6   2   1   1278.45550484      91470000.0 
 15   5   5   2   1  14   4   4   2   1   2861.75915813     885800000.0 
 15   5   5   2   1  14   6   6   2   1   2863.19006631     119200000.0 
 15   6   6   2   1   6   5   5   2   1   80.6905549375    2001000000.0 
 15   6   6   2   1   7   5   5   2   1   117.940986507    2789000000.0 
 15   6   6   2   1   8   5   5   2   1   168.397217298    2812000000.0 
 15   6   6   2   1   9   5   5   2   1   238.288404808    2538000000.0 
 15   6   6   2   1  10   5   5   2   1   338.898721847    2191000000.0 
 15   6   6   2   1  11   5   5   2   1    492.86890215    1858000000.0 
 15   6   6   2   1  11   7   7   2   1   492.872861679      27580000.0 
 15   6   6   2   1  12   5   5   2   1   753.105786323    1564000000.0 
 15   6   6   2   1  12   7   7   2   1   753.113397485      41410000.0 
 15   6   6   2   1  13   5   5   2   1    1278.4256308    1307000000.0 
 15   6   6   2   1  13   7   7   2   1   1278.44377857      60360000.0 
 15   6   6   2   1  14   5   5   2   1   2863.05507887    1054000000.0 
 15   6   6   2   1  14   7   7   2   1   2863.13087044      88130000.0 
 15   7   7   2   1   7   6   6   2   1   117.941382872    1109000000.0 
 15   7   7   2   1   8   6   6   2   1   168.397981877    1838000000.0 
 15   7   7   2   1   9   6   6   2   1   238.289712248    2100000000.0 
 15   7   7   2   1  10   6   6   2   1   338.900932228    2080000000.0 
 15   7   7   2   1  11   6   6   2   1   492.872692349    1927000000.0 
 15   7   7   2   1  12   6   6   2   1   753.113038791    1722000000.0 
 15   7   7   2   1  12   8   8   2   1   753.113265099      21980000.0 
 15   7   7   2   1  13   6   6   2   1   1278.44283085    1500000000.0 
 15   7   7   2   1  13   8   8   2   1   1278.44338793      37620000.0 
 15   7   7   2   1  14   6   6   2   1   2863.12649852    1243000000.0 
 15   7   7   2   1  14   8   8   2   1   2863.12890487      63150000.0 
 15   8   8   2   1   8   7   7   2   1   168.397995134     690900000.0 
 15   8   8   2   1   9   7   7   2   1   238.289758807    1327000000.0 
 15   8   8   2   1  10   7   7   2   1   338.900964607    1693000000.0 
 15   8   8   2   1  11   7   7   2   1     492.8728001    1824000000.0 
 15   8   8   2   1  12   7   7   2   1   753.113253709    1800000000.0 
 15   8   8   2   1  13   7   7   2   1   1278.44336426    1679000000.0 
 15   8   8   2   1  13   9   9   2   1   1278.44338255      21570000.0 
 15   8   8   2   1  14   7   7   2   1   2863.12879243    1458000000.0 
 15   8   8   2   1  14   9   9   2   1   2863.12886259      43270000.0 
 15   9   9   2   1   9   8   8   2   1   238.289741229     491200000.0 
 15   9   9   2   1  10   8   8   2   1   338.901026265    1073000000.0 
 15   9   9   2   1  11   8   8   2   1   492.872798127    1509000000.0 
 15   9   9   2   1  12   8   8   2   1   753.113260368    1751000000.0 
 15   9   9   2   1  13   8   8   2   1    1278.4433743    1819000000.0 
 15   9   9   2   1  13  10  10   2   1   1278.44337394      10880000.0 
 15   9   9   2   1  14   8   8   2   1   2863.12883651    1703000000.0 
 15   9   9   2   1  14  10  10   2   1   2863.12886979      27770000.0 
 15  10  10   2   1  10   9   9   2   1   338.900965237     408600000.0 
 15  10  10   2   1  11   9   9   2   1   492.872798047     998400000.0 
 15  10  10   2   1  12   9   9   2   1   753.113255825    1530000000.0 
 15  10  10   2   1  13   9   9   2   1   1278.44337896    1887000000.0 
 15  10  10   2   1  14   9   9   2   1    2863.1288446    1981000000.0 
 15  10  10   2   1  14  11  11   2   1   2863.12893006      16080000.0 
 15  11  11   2   1  11  10  10   2   1   492.872797621     413200000.0 
 15  11  11   2   1  12  10  10   2   1    753.11338124    1113000000.0 
 15  11  11   2   1  13  10  10   2   1   1278.44337035    1831000000.0 
 15  11  11   2   1  14  10  10   2   1    2863.1288518    2298000000.0 
 15  11  11   2   1  14  12  12   2   1   2863.12882841       7782000.0 
 15  12  12   2   1  12  11  11   2   1   753.113255389     539900000.0 
 15  12  12   2   1  13  11  11   2   1   1278.44378718    1576000000.0 
 15  12  12   2   1  14  11  11   2   1   2863.12892107    2659000000.0 
 15  13  13   2   1  13  12  12   2   1   1278.44337376    1016000000.0 
 15  13  13   2   1  14  12  12   2   1    2863.1288455    3070000000.0 
 15  14  14   2   1  14  13  13   2   1    2863.1288446    3538000000.0 
100	0	0	0	0	0	0	0	0	0	1.0	1.0
# upper n l L (2S+1) Counter  lower  n l L (2S+1) Counter  Energy (Angstrom) Einstein A (s-1)
# File computed  using the RAP package (Witthoeft, 2011) using Autostructure and Nist data 
# For the final state of B-like Fe