2	0	1	1	0	0	6.740386E+00	3.41390E+05
2	1	0	1	0	0	6.648034E+00	3.76000E+13
2	1	0	2	0	0	1.200668E+03	6.25000E+07
2	1	0	2	0	1	4.852131E+02	3.85395E+06
2	1	1	1	0	0	6.686585E+00	1.53130E+11
2	1	1	2	0	1	8.377197E+02	5.54488E+08
3	0	0	2	1	0	3.941468E+01	2.13000E+11
3	0	0	2	1	1	3.811194E+01	2.27061E+09
3	0	1	2	0	1	3.688963E+01	1.78496E+02
3	0	1	2	1	1	3.858892E+01	2.30011E+11
3	1	0	1	0	0	5.680714E+00	1.04000E+13
3	1	0	2	0	0	3.781192E+01	6.27000E+11
3	1	0	2	1	0	3.904142E+01	1.15131E+08
3	1	0	3	0	0	4.122691E+03	9.26000E+06
3	1	0	3	2	0	2.619859E+04	4.49000E+04
3	1	1	1	0	0	5.688384E+00	4.88458E+10
3	1	1	2	0	0	3.815435E+01	3.22115E+09
3	1	1	2	0	1	3.644658E+01	6.51000E+11
3	1	1	2	1	1	3.810439E+01	1.20999E+08
3	1	1	3	0	1	3.034676E+03	2.48000E+07
3	2	0	2	1	0	3.909969E+01	1.84000E+12
3	2	1	2	1	1	3.783450E+01	1.87022E+12
3	2	1	3	1	1	5.341741E+03	2.16000E+06
4	0	0	2	1	0	2.898137E+01	8.67000E+10
4	0	0	2	1	1	2.827083E+01	9.27808E+08
4	0	0	3	1	0	1.124720E+02	6.01000E+10
4	0	0	3	1	1	1.095476E+02	2.39418E+08
4	0	1	2	1	1	2.837626E+01	9.18778E+10
4	0	1	3	1	1	1.111478E+02	7.10000E+09
4	1	0	1	0	0	5.404606E+00	4.29000E+12
4	1	0	2	0	0	2.821684E+01	2.74000E+11
4	1	0	2	1	0	2.889592E+01	4.96064E+07
4	1	0	3	0	0	1.082755E+02	8.40000E+10
4	1	0	3	2	0	1.107259E+02	9.52000E+09
4	1	0	4	0	0	9.800078E+03	2.31000E+06
4	1	0	4	2	0	6.706908E+04	1.14000E+04
4	1	1	1	0	0	5.407449E+00	2.13490E+10
4	1	1	2	0	0	2.829451E+01	1.40787E+09
4	1	1	2	0	1	2.734435E+01	2.85000E+11
4	1	1	2	1	1	2.826703E+01	5.19213E+07
4	1	1	3	0	0	1.094282E+02	4.22126E+08
4	1	1	3	0	1	1.056777E+02	8.46000E+10
4	1	1	3	2	1	1.117817E+02	1.14000E+08
4	1	1	4	0	1	7.342923E+03	5.89000E+06
4	2	0	2	1	0	2.890838E+01	5.79000E+11
4	2	0	3	1	0	1.113805E+02	2.03000E+11
4	2	1	2	1	1	2.820513E+01	6.11400E+11
4	2	1	3	1	1	1.085677E+02	1.12000E+11
4	2	1	4	1	1	1.288180E+04	6.63000E+05
4	3	0	3	2	0	1.108836E+02	3.44100E+11
4	3	0	4	2	0	4.830918E+05	2.26954E+03
4	3	1	3	2	1	1.107364E+02	3.93369E+11
4	3	1	4	2	1	1.467232E+05	5.60466E+03
5	0	0	2	1	0	2.582507E+01	4.32000E+10
5	0	0	2	1	1	2.525935E+01	4.63416E+08
5	0	0	3	1	0	7.628789E+01	2.94000E+10
5	0	0	3	1	1	7.493109E+01	1.19583E+08
5	0	0	4	1	0	2.430075E+02	2.08000E+10
5	0	0	4	1	1	2.373952E+02	9.25744E+07
5	0	1	2	1	1	2.530175E+01	4.55355E+10
5	0	1	3	1	1	7.530537E+01	3.44000E+09
5	0	1	4	1	1	2.411932E+02	2.45000E+09
5	1	0	1	0	0	5.285574E+00	2.18000E+12
5	1	0	2	0	0	2.524827E+01	1.41000E+11
5	1	0	2	1	0	2.579060E+01	2.53881E+07
5	1	0	3	0	0	7.461267E+01	4.55000E+10
5	1	0	3	2	0	7.576814E+01	4.11000E+09
5	1	0	4	0	0	2.342529E+02	2.00000E+10
5	1	0	4	2	0	2.391338E+02	5.17000E+09
5	1	0	5	0	0	1.932367E+04	7.44000E+05
5	1	0	5	2	0	1.375516E+05	3.61000E+03
5	1	1	1	0	0	5.286948E+00	1.12349E+10
5	1	1	2	0	0	2.527966E+01	7.40888E+08
5	1	1	2	0	1	2.451847E+01	1.46000E+11
5	1	1	2	1	1	2.525772E+01	2.65260E+07
5	1	1	3	0	0	7.488748E+01	2.22143E+08
5	1	1	3	0	1	7.311177E+01	4.64000E+10
5	1	1	3	2	1	7.598231E+01	4.88000E+07
5	1	1	4	0	0	2.369832E+02	1.08340E+08
5	1	1	4	0	1	2.298249E+02	2.00000E+10
5	1	1	4	2	1	2.417022E+02	9.10000E+08
5	1	1	5	0	1	1.451426E+04	1.91000E+06
5	2	0	2	1	0	2.579544E+01	2.63000E+11
5	2	0	3	1	0	7.602990E+01	9.69000E+10
5	2	0	4	1	0	2.404089E+02	4.31000E+10
5	2	0	4	3	0	2.396691E+02	1.20700E+09
5	2	1	2	1	1	2.523266E+01	2.81022E+11
5	2	1	3	1	1	7.469665E+01	5.47000E+10
5	2	1	4	1	1	2.350580E+02	2.34000E+10
5	2	1	4	3	1	2.398182E+02	1.44010E+09
5	2	1	5	1	1	2.543393E+04	2.35000E+05
5	3	0	3	2	0	7.580375E+01	1.14000E+11
5	3	0	4	2	0	2.394888E+02	6.27600E+10
5	3	0	5	2	0	9.345794E+05	4.42984E+03
5	3	1	3	2	1	7.573497E+01	1.29587E+11
5	3	1	4	2	1	2.392170E+02	7.37330E+10
5	3	1	5	2	1	2.728761E+05	8.06064E+03
5	4	0	4	3	0	2.356007E+02	1.21371E+11
5	4	0	5	3	0	1.408850E+04	1.21687E-03
5	4	1	4	3	1	2.395542E+02	1.21371E+11
5	4	1	5	3	1	1.075269E+06	1.21687E-03
6	0	0	2	1	0	2.438528E+01	2.47000E+10
6	0	0	2	1	1	2.388026E+01	2.62808E+08
6	0	0	3	1	0	6.495814E+01	1.65000E+10
6	0	0	3	1	1	6.397181E+01	6.78168E+07
6	0	0	4	1	0	1.562161E+02	1.15000E+10
6	0	0	4	1	1	1.538775E+02	5.24998E+07
6	0	0	5	1	0	4.475194E+02	8.59000E+09
6	0	0	5	1	1	4.378816E+02	4.06423E+07
6	0	1	2	1	1	2.390190E+01	2.58900E+10
6	0	1	3	1	1	6.412733E+01	1.92000E+09
6	0	1	4	1	1	1.547804E+02	1.34000E+09
6	0	1	5	1	1	4.452732E+02	1.01000E+09
6	1	0	1	0	0	5.223057E+00	1.25000E+12
6	1	0	2	0	0	2.388274E+01	8.19000E+10
6	1	0	2	1	0	2.436744E+01	1.46743E+07
6	1	0	3	0	0	6.382798E+01	2.67000E+10
6	1	0	3	2	0	6.467167E+01	2.14000E+09
6	1	0	4	0	0	1.530585E+02	1.22000E+10
6	1	0	4	2	0	1.551273E+02	2.60000E+09
6	1	0	5	0	0	4.317211E+02	6.55000E+09
6	1	0	5	2	0	4.401738E+02	2.65000E+09
6	1	0	6	0	0	3.331113E+04	3.07000E+05
6	1	0	6	2	0	2.439024E+05	1.43000E+03
6	1	1	1	0	0	5.223827E+00	6.64911E+09
6	1	1	2	0	0	2.389885E+01	4.38478E+08
6	1	1	2	0	1	2.321743E+01	8.46000E+10
6	1	1	2	1	1	2.387924E+01	1.53066E+07
6	1	1	3	0	0	6.394320E+01	1.31470E+08
6	1	1	3	0	1	6.264408E+01	2.71000E+10
6	1	1	3	2	1	6.473971E+01	2.55000E+07
6	1	1	4	0	0	1.537227E+02	6.41188E+07
6	1	1	4	0	1	1.506784E+02	1.23000E+10
6	1	1	4	2	1	1.556945E+02	3.02000E+07
6	1	1	5	0	0	4.370477E+02	3.92803E+07
6	1	1	5	0	1	4.247349E+02	6.53000E+09
6	1	1	5	2	1	4.451974E+02	3.05000E+07
6	1	1	6	0	1	2.518892E+04	7.72000E+05
6	2	0	2	1	0	2.436987E+01	1.43000E+11
6	2	0	3	1	0	6.484895E+01	5.34000E+10
6	2	0	4	1	0	1.555861E+02	2.48000E+10
6	2	0	4	3	0	1.552759E+02	5.10100E+08
6	2	0	5	1	0	4.423878E+02	1.30000E+10
6	2	0	5	3	0	4.411778E+02	9.35100E+08
6	2	1	2	1	1	2.386635E+01	1.54500E+11
6	2	1	3	1	1	6.387205E+01	3.05000E+10
6	2	1	4	1	1	1.533016E+02	1.37000E+10
6	2	1	4	3	1	1.553122E+02	6.11957E+08
6	2	1	5	1	1	4.332497E+02	7.00000E+09
6	2	1	5	3	1	4.414708E+02	1.11494E+09
6	2	1	6	1	1	4.419824E+04	9.83000E+04
6	3	0	3	2	0	6.468623E+01	5.40200E+10
6	3	0	4	2	0	1.552111E+02	3.13800E+10
6	3	0	5	2	0	4.408491E+02	1.74000E+10
6	3	0	5	4	0	4.553112E+02	3.24466E+08
6	3	0	6	2	0	1.612903E+06	3.37595E-01
6	3	1	3	2	1	6.463614E+01	6.12262E+10
6	3	1	4	2	1	1.550968E+02	3.67174E+10
6	3	1	5	2	1	4.403454E+02	2.06344E+10
6	3	1	5	4	1	4.412381E+02	3.24466E+08
6	3	1	6	2	1	4.706620E+05	3.37595E-01
6	4	0	4	3	0	1.552489E+02	3.91653E+10
6	4	0	5	3	0	4.409599E+02	3.15453E+10
6	4	0	6	3	0	2.000000E+06	7.54673E-04
6	4	1	4	3	1	1.552489E+02	3.91653E+10
6	4	1	5	3	1	4.409599E+02	3.15453E+10
6	4	1	6	3	1	2.000000E+06	7.54673E-04
6	5	0	5	4	0	4.551433E+02	4.69269E+10
6	5	0	6	4	0	3.225806E+06	6.09300E-06
6	5	1	5	4	1	4.410805E+02	4.69269E+10
6	5	1	6	4	1	3.225806E+06	6.09300E-06
7	0	0	2	1	0	2.359310E+01	1.54000E+10
7	0	0	2	1	1	2.312005E+01	1.62692E+08
7	0	0	3	1	0	5.962514E+01	1.01000E+10
7	0	0	3	1	1	5.879308E+01	4.19823E+07
7	0	0	4	1	0	1.285626E+02	6.95000E+09
7	0	0	4	1	1	1.269745E+02	3.25002E+07
7	0	0	5	1	0	2.768963E+02	5.14000E+09
7	0	0	5	1	1	2.731761E+02	2.51598E+07
7	0	0	6	1	0	7.424456E+02	4.03000E+09
7	0	0	6	1	1	7.272040E+02	1.94773E+07
7	0	1	2	1	1	2.313274E+01	1.42892E+10
7	0	1	3	1	1	5.887518E+01	1.18000E+09
7	0	1	4	1	1	1.273581E+02	8.09000E+08
7	0	1	5	1	1	2.749578E+02	5.98000E+08
7	0	1	6	1	1	7.399679E+02	4.72000E+08
7	1	0	1	0	0	5.186061E+00	7.86000E+11
7	1	0	2	0	0	2.312832E+01	5.11000E+10
7	1	0	2	1	0	2.358259E+01	9.86539E+06
7	1	0	3	0	0	5.870991E+01	1.70000E+10
7	1	0	3	2	0	5.942297E+01	1.27000E+09
7	1	0	4	0	0	1.265945E+02	7.84000E+09
7	1	0	4	2	0	1.280064E+02	1.49000E+09
7	1	0	5	0	0	2.715842E+02	4.34000E+09
7	1	0	5	2	0	2.749050E+02	1.47000E+09
7	1	0	6	0	0	7.164299E+02	2.63000E+09
7	1	0	6	2	0	7.299856E+02	1.41000E+09
7	1	0	7	0	0	5.293806E+04	1.43000E+05
7	1	1	1	0	0	5.186538E+00	4.26734E+09
7	1	1	2	0	0	2.313780E+01	2.81412E+08
7	1	1	2	0	1	2.249850E+01	5.35000E+10
7	1	1	2	1	1	2.311942E+01	1.02831E+07
7	1	1	3	0	0	5.877100E+01	8.43765E+07
7	1	1	3	0	1	5.767174E+01	1.72000E+10
7	1	1	3	2	1	5.944319E+01	1.51000E+07
7	1	1	4	0	0	1.268788E+02	4.11509E+07
7	1	1	4	0	1	1.247978E+02	7.86000E+09
7	1	1	4	2	1	1.282191E+02	1.72000E+07
7	1	1	5	0	0	2.728964E+02	2.52097E+07
7	1	1	5	0	1	2.680445E+02	4.35000E+09
7	1	1	5	2	1	2.760518E+02	1.69000E+07
7	1	1	6	0	0	7.256344E+02	1.75581E+07
7	1	1	6	0	1	7.062075E+02	2.60000E+09
7	1	1	6	2	1	7.387221E+02	1.62000E+07
7	1	1	7	0	1	4.015348E+04	3.54000E+05
7	2	0	2	1	0	2.357585E+01	5.53227E+10
7	2	0	3	1	0	5.951509E+01	3.11782E+10
7	2	0	4	1	0	1.280521E+02	1.53781E+10
7	2	0	4	3	0	1.278419E+02	3.20654E+08
7	2	0	5	1	0	2.745388E+02	8.48760E+09
7	2	0	5	3	0	2.740723E+02	5.45496E+08
7	2	0	6	1	0	7.257355E+02	4.94864E+09
7	2	0	6	3	0	7.239072E+02	7.20050E+08
7	2	1	2	1	1	2.310957E+01	6.22910E+10
7	2	1	3	1	1	5.872538E+01	3.23851E+10
7	2	1	4	1	1	1.266592E+02	1.53819E+10
7	2	1	4	3	1	1.280286E+02	3.20654E+08
7	2	1	5	1	1	2.717208E+02	8.23509E+09
7	2	1	5	3	1	2.749318E+02	5.45496E+08
7	2	1	6	1	1	7.169815E+02	4.65932E+09
7	2	1	6	3	1	7.299344E+02	7.20050E+08
7	2	1	7	1	1	5.428364E+04	1.70763E+04
7	3	0	3	2	0	5.937482E+01	3.44369E+10
7	3	0	4	2	0	1.277832E+02	2.09407E+10
7	3	0	5	2	0	2.738776E+02	1.23568E+10
7	3	0	5	4	0	2.793908E+02	1.32694E+08
7	3	0	6	2	0	7.227856E+02	7.40100E+09
7	3	0	6	4	0	7.233712E+02	3.16748E+08
7	3	0	7	2	0	6.562967E+05	1.70000E-01
7	3	1	3	2	1	5.936782E+01	3.44369E+10
7	3	1	4	2	1	1.278690E+02	2.09407E+10
7	3	1	5	2	1	2.744339E+02	1.23568E+10
7	3	1	5	4	1	2.747804E+02	1.32694E+08
7	3	1	6	2	1	7.272490E+02	7.40100E+09
7	3	1	6	4	1	7.286398E+02	3.16748E+08
7	3	1	7	2	1	3.408307E+05	1.70000E-01
7	4	0	4	3	0	1.278027E+02	1.84259E+10
7	4	0	5	3	0	2.738921E+02	1.56389E+10
7	4	0	6	3	0	7.226512E+02	1.07376E+10
7	4	0	6	5	0	7.230745E+02	9.56924E+07
7	4	0	7	3	0	1.139909E+06	4.23265E-04
7	4	1	4	3	1	1.279529E+02	1.84259E+10
7	4	1	5	3	1	2.745830E+02	1.56389E+10
7	4	1	6	3	1	7.274814E+02	1.07376E+10
7	4	1	6	5	1	7.279103E+02	9.56924E+07
7	4	1	7	3	1	5.933211E+05	4.23265E-04
7	5	0	5	4	0	2.792778E+02	1.45134E+10
7	5	0	6	4	0	7.226145E+02	1.51858E+10
7	5	0	7	4	0	1.753494E+06	4.51878E-06
7	5	1	5	4	1	2.745706E+02	1.45134E+10
7	5	1	6	4	1	7.271670E+02	1.51858E+10
7	5	1	7	4	1	9.138212E+05	4.51878E-06
7	6	0	6	5	0	7.225673E+02	2.11343E+10
7	6	0	7	5	0	2.497053E+06	8.74777E-08
7	6	1	6	5	1	7.269250E+02	2.11343E+10
7	6	1	7	5	1	1.302339E+06	8.74777E-08
8	0	0	2	1	0	2.310639E+01	1.03000E+10
8	0	0	2	1	1	2.265246E+01	1.07387E+08
8	0	0	3	1	0	5.661149E+01	6.68000E+09
8	0	0	3	1	1	5.586088E+01	2.77110E+07
8	0	0	4	1	0	1.153254E+02	4.53000E+09
8	0	0	4	1	1	1.140458E+02	2.14523E+07
8	0	0	5	1	0	2.220116E+02	3.29000E+09
8	0	0	5	1	1	2.196136E+02	1.66071E+07
8	0	0	6	1	0	4.464864E+02	2.56000E+09
8	0	0	6	1	1	4.409288E+02	1.28563E+07
8	0	0	7	1	0	1.144269E+03	2.09000E+09
8	0	0	7	1	1	1.121547E+03	9.95257E+06
8	0	1	2	1	1	2.266058E+01	8.99536E+09
8	0	1	3	1	1	5.591029E+01	7.77000E+08
8	0	1	4	1	1	1.142520E+02	5.25000E+08
8	0	1	5	1	1	2.203793E+02	3.82000E+08
8	0	1	6	1	1	4.440261E+02	2.97000E+08
8	0	1	7	1	1	1.141806E+03	2.43000E+08
8	1	0	1	0	0	5.162354E+00	5.25000E+11
8	1	0	2	0	0	2.266415E+01	3.45000E+10
8	1	0	2	1	0	2.310020E+01	6.88792E+06
8	1	0	3	0	0	5.580851E+01	1.14000E+10
8	1	0	3	2	0	5.645245E+01	8.16000E+08
8	1	0	4	0	0	1.138336E+02	5.29000E+09
8	1	0	4	2	0	1.149739E+02	9.34000E+08
8	1	0	5	0	0	2.189327E+02	2.95000E+09
8	1	0	5	2	0	2.210857E+02	9.01000E+08
8	1	0	6	0	0	4.383420E+02	1.84000E+09
8	1	0	6	2	0	4.433796E+02	8.43000E+08
8	1	0	7	0	0	1.105701E+03	1.21000E+09
8	1	0	7	2	0	1.144962E+03	7.96052E+08
8	1	0	8	0	0	8.625392E+04	7.33000E+04
8	1	1	1	0	0	5.162641E+00	2.90613E+09
8	1	1	2	0	0	2.266968E+01	1.91646E+08
8	1	1	2	0	1	2.205565E+01	3.58000E+10
8	1	1	2	1	1	2.265204E+01	7.17605E+06
8	1	1	3	0	0	5.584206E+01	5.74618E+07
8	1	1	3	0	1	5.484871E+01	1.15000E+10
8	1	1	3	2	1	5.644857E+01	9.74000E+06
8	1	1	4	0	0	1.139732E+02	2.80244E+07
8	1	1	4	0	1	1.122912E+02	5.30000E+09
8	1	1	4	2	1	1.150535E+02	1.63000E+08
8	1	1	5	0	0	2.194498E+02	1.71682E+07
8	1	1	5	0	1	2.163013E+02	2.95000E+09
8	1	1	5	2	1	2.214857E+02	1.03000E+07
8	1	1	6	0	0	4.404200E+02	1.19574E+07
8	1	1	6	0	1	4.331873E+02	1.84000E+09
8	1	1	6	2	1	4.452073E+02	1.44000E+08
8	1	1	7	0	0	1.119019E+03	9.02701E+06
8	1	1	7	0	1	1.090085E+03	1.20000E+09
8	1	1	7	2	1	1.144121E+03	9.29148E+08
8	1	1	8	0	1	6.006006E+04	1.82000E+05
8	2	0	2	1	0	2.309887E+01	3.24892E+10
8	2	0	3	1	0	5.656637E+01	1.98880E+10
8	2	0	4	1	0	1.151383E+02	1.00332E+10
8	2	0	4	3	0	1.149683E+02	1.91332E+08
8	2	0	5	1	0	2.213192E+02	5.61481E+09
8	2	0	5	3	0	2.210160E+02	3.10517E+08
8	2	0	6	1	0	4.436951E+02	3.41170E+09
8	2	0	6	3	0	4.430111E+02	3.88557E+08
8	2	0	7	1	0	1.126114E+03	2.19040E+09
8	2	0	7	3	0	1.143689E+03	4.54517E+08
8	2	1	2	1	1	2.264931E+01	3.69895E+10
8	2	1	3	1	1	5.584173E+01	2.08042E+10
8	2	1	4	1	1	1.139660E+02	1.01193E+10
8	2	1	4	3	1	1.150735E+02	1.91332E+08
8	2	1	5	1	1	2.193178E+02	5.51969E+09
8	2	1	5	3	1	2.214050E+02	3.10517E+08
8	2	1	6	1	1	4.397382E+02	3.29474E+09
8	2	1	6	3	1	4.445768E+02	3.88557E+08
8	2	1	7	1	1	1.113876E+03	2.04712E+09
8	2	1	7	3	1	1.141019E+03	4.54517E+08
8	2	1	8	1	1	1.883175E+05	8.87632E+03
8	3	0	3	2	0	5.644081E+01	2.15082E+10
8	3	0	4	2	0	1.149257E+02	1.31541E+10
8	3	0	5	2	0	2.209072E+02	7.85592E+09
8	3	0	5	4	0	2.244801E+02	6.81400E+07
8	3	0	6	2	0	4.426625E+02	4.92344E+09
8	3	0	6	4	0	4.428821E+02	1.49406E+08
8	3	0	7	2	0	1.140192E+03	3.14138E+09
8	3	0	7	4	0	1.143322E+03	2.41616E+08
8	3	0	8	2	0	8.637928E+05	9.17899E-02
8	3	1	3	2	1	5.642511E+01	2.15082E+10
8	3	1	4	2	1	1.149561E+02	1.31541E+10
8	3	1	5	2	1	2.211250E+02	7.85592E+09
8	3	1	5	4	1	2.213499E+02	6.81400E+07
8	3	1	6	2	1	4.437524E+02	4.92344E+09
8	3	1	6	4	1	4.442699E+02	1.49406E+08
8	3	1	7	2	1	1.134561E+03	3.14138E+09
8	3	1	7	4	1	1.140539E+03	2.41616E+08
8	3	1	8	2	1	4.868900E+05	9.17899E-02
8	4	0	4	3	0	1.149442E+02	1.03933E+10
8	4	0	5	3	0	2.209268E+02	8.94337E+09
8	4	0	6	3	0	4.426530E+02	6.45408E+09
8	4	0	6	5	0	4.428118E+02	3.72507E+07
8	4	0	7	3	0	1.141305E+03	4.38214E+09
8	4	0	7	5	0	1.143194E+03	1.10002E+08
8	4	0	8	3	0	1.495924E+06	2.41765E-04
8	4	1	4	3	1	1.150306E+02	1.03933E+10
8	4	1	5	3	1	2.212464E+02	8.94337E+09
8	4	1	6	3	1	4.439379E+02	6.45408E+09
8	4	1	6	5	1	4.440976E+02	3.72507E+07
8	4	1	7	3	1	1.136819E+03	4.38214E+09
8	4	1	7	5	1	1.140423E+03	1.10002E+08
8	4	1	8	3	1	8.450735E+05	2.41765E-04
8	5	0	5	4	0	2.244245E+02	6.67104E+09
8	5	0	6	4	0	4.426657E+02	7.35468E+09
8	5	0	7	4	0	1.141881E+03	5.96806E+09
8	5	0	7	6	0	1.143148E+03	3.39497E+07
8	5	0	8	4	0	2.297045E+06	2.88357E-06
8	5	1	5	4	1	2.212543E+02	6.67104E+09
8	5	1	6	4	1	4.438847E+02	7.35468E+09
8	5	1	7	4	1	1.138004E+03	5.96806E+09
8	5	1	7	6	1	1.140421E+03	3.39497E+07
8	5	1	8	4	1	1.299233E+06	2.88357E-06
8	6	0	6	5	0	4.426664E+02	6.20702E+09
8	6	0	7	5	0	1.142226E+03	8.00576E+09
8	6	0	8	5	0	3.267173E+06	7.39892E-08
8	6	1	6	5	1	4.438393E+02	6.20702E+09
8	6	1	7	5	1	1.138722E+03	8.00576E+09
8	6	1	8	5	1	1.849379E+06	7.39892E-08
8	7	0	7	6	0	1.142452E+03	1.06269E+10
8	7	0	8	6	0	4.406296E+06	2.51744E-09
8	7	1	7	6	1	1.139198E+03	1.06269E+10
8	7	1	8	6	1	2.495508E+06	2.51744E-09
9	0	0	2	1	0	2.278437E+01	7.17000E+09
9	0	0	2	1	1	2.234289E+01	7.44420E+07
9	0	0	3	1	0	5.471681E+01	4.64000E+09
9	0	0	3	1	1	5.401529E+01	1.92096E+07
9	0	0	4	1	0	1.077263E+02	3.12000E+09
9	0	0	4	1	1	1.066091E+02	1.48709E+07
9	0	0	5	1	0	1.954679E+02	2.26000E+09
9	0	0	5	1	1	1.936066E+02	1.15122E+07
9	0	0	6	1	0	3.507086E+02	1.71000E+09
9	0	0	6	1	1	3.472705E+02	8.91208E+06
9	0	0	7	1	0	6.731378E+02	1.39000E+09
9	0	0	7	1	1	6.652096E+02	6.89922E+06
9	0	0	8	1	0	1.666482E+03	1.16000E+09
9	0	0	8	1	1	1.637117E+03	5.34098E+06
9	0	1	2	1	1	2.234841E+01	5.95268E+09
9	0	1	3	1	1	5.404761E+01	5.39000E+08
9	0	1	4	1	1	1.067350E+02	3.62000E+08
9	0	1	5	1	1	1.940225E+02	2.60000E+08
9	0	1	6	1	1	3.486106E+02	1.98000E+08
9	0	1	7	1	1	6.701445E+02	1.61000E+08
9	0	1	8	1	1	1.667334E+03	1.36000E+08
9	1	0	1	0	0	5.146177E+00	3.68000E+11
9	1	0	2	0	0	2.235562E+01	2.42000E+10
9	1	0	2	1	0	2.277976E+01	4.97426E+06
9	1	0	3	0	0	5.397423E+01	8.01000E+09
9	1	0	3	2	0	5.457631E+01	5.60000E+08
9	1	0	4	0	0	1.064543E+02	3.71000E+09
9	1	0	4	2	0	1.074510E+02	6.32000E+08
9	1	0	5	0	0	1.931785E+02	2.08000E+09
9	1	0	5	2	0	1.948528E+02	5.97000E+08
9	1	0	6	0	0	3.459884E+02	1.31000E+09
9	1	0	6	2	0	3.491193E+02	5.44000E+08
9	1	0	7	0	0	6.607857E+02	8.86000E+08
9	1	0	7	2	0	6.746102E+02	5.01770E+08
9	1	0	8	0	0	1.611500E+03	6.20000E+08
9	1	0	8	2	0	1.648940E+03	4.72308E+08
9	1	0	9	0	0	1.126126E+05	4.07000E+04
9	1	0	9	2	0	2.119587E+05	9.96971E+01
9	1	1	1	0	0	5.146396E+00	2.07085E+09
9	1	1	2	0	0	2.235975E+01	1.36563E+08
9	1	1	2	0	1	2.176217E+01	2.51000E+10
9	1	1	2	1	1	2.234259E+01	5.18052E+06
9	1	1	3	0	0	5.399836E+01	4.09462E+07
9	1	1	3	0	1	5.306898E+01	8.10000E+09
9	1	1	3	2	1	5.456528E+01	6.66000E+06
9	1	1	4	0	0	1.065482E+02	1.99697E+07
9	1	1	4	0	1	1.050768E+02	3.73000E+09
9	1	1	4	2	1	1.074918E+02	1.10000E+08
9	1	1	5	0	0	1.934880E+02	1.22338E+07
9	1	1	5	0	1	1.910362E+02	2.07000E+09
9	1	1	5	2	1	1.950689E+02	1.02000E+08
9	1	1	6	0	0	3.469825E+02	8.52058E+06
9	1	1	6	0	1	3.424775E+02	1.30000E+09
9	1	1	6	2	1	3.499471E+02	6.11000E+06
9	1	1	7	0	0	6.644209E+02	6.43248E+06
9	1	1	7	0	1	6.541121E+02	8.81000E+08
9	1	1	7	2	1	6.731904E+02	5.79823E+08
9	1	1	8	0	0	1.633293E+03	5.12818E+06
9	1	1	8	0	1	1.592154E+03	6.12000E+08
9	1	1	8	2	1	1.649839E+03	5.48201E+08
9	1	1	9	0	1	8.568980E+04	1.01000E+05
9	2	0	2	1	0	2.278221E+01	2.01766E+10
9	2	0	3	1	0	5.470435E+01	1.33757E+10
9	2	0	4	1	0	1.076781E+02	6.88283E+09
9	2	0	4	3	0	1.075294E+02	1.24354E+08
9	2	0	5	1	0	1.953090E+02	3.88536E+09
9	2	0	5	3	0	1.950728E+02	1.95806E+08
9	2	0	6	1	0	3.501974E+02	2.38571E+09
9	2	0	6	3	0	3.497712E+02	2.35317E+08
9	2	0	7	1	0	6.712571E+02	1.58548E+09
9	2	0	7	3	0	6.774627E+02	2.63687E+08
9	2	0	8	1	0	1.655003E+03	1.08506E+09
9	2	0	8	3	0	1.665072E+03	2.91008E+08
9	2	1	2	1	1	2.234369E+01	2.32162E+10
9	2	1	3	1	1	5.402000E+01	1.40721E+10
9	2	1	4	1	1	1.066274E+02	6.98293E+09
9	2	1	4	3	1	1.075962E+02	1.24354E+08
9	2	1	5	1	1	1.936671E+02	3.84962E+09
9	2	1	5	3	1	1.952928E+02	1.95806E+08
9	2	1	6	1	1	3.474651E+02	2.33006E+09
9	2	1	6	3	1	3.504792E+02	2.35317E+08
9	2	1	7	1	1	6.659243E+02	1.51868E+09
9	2	1	7	3	1	6.755313E+02	2.63687E+08
9	2	1	8	1	1	1.641452E+03	1.00839E+09
9	2	1	8	3	1	1.661537E+03	2.91008E+08
9	3	0	3	2	0	5.458764E+01	1.44165E+10
9	3	0	4	2	0	1.074949E+02	8.84293E+09
9	3	0	5	2	0	1.949974E+02	5.30580E+09
9	3	0	5	4	0	1.977760E+02	4.02394E+07
9	3	0	6	2	0	3.495838E+02	3.35971E+09
9	3	0	6	4	0	3.497207E+02	8.33802E+07
9	3	0	7	2	0	6.763465E+02	2.23626E+09
9	3	0	7	4	0	6.774466E+02	1.25904E+08
9	3	0	8	2	0	1.659353E+03	1.50573E+09
9	3	0	8	4	0	1.664396E+03	1.72942E+08
9	3	0	9	2	0	1.096024E+06	5.26850E-02
9	3	1	3	2	1	5.456737E+01	1.44165E+10
9	3	1	4	2	1	1.074999E+02	8.84293E+09
9	3	1	5	2	1	1.950956E+02	5.30580E+09
9	3	1	5	4	1	1.952706E+02	4.02394E+07
9	3	1	6	2	1	3.500331E+02	3.35971E+09
9	3	1	6	4	1	3.503550E+02	8.33802E+07
9	3	1	7	2	1	6.735087E+02	2.23626E+09
9	3	1	7	4	1	6.756107E+02	1.25904E+08
9	3	1	8	2	1	1.651752E+03	1.50573E+09
9	3	1	8	4	1	1.660631E+03	1.72942E+08
9	3	1	9	2	1	6.616036E+05	5.26850E-02
9	4	0	4	3	0	1.075127E+02	6.53016E+09
9	4	0	5	3	0	1.950180E+02	5.65090E+09
9	4	0	6	3	0	3.495950E+02	4.12923E+09
9	4	0	6	5	0	3.496940E+02	1.85375E+07
9	4	0	7	3	0	6.768022E+02	2.93922E+09
9	4	0	7	5	0	6.774659E+02	4.96630E+07
9	4	0	8	3	0	1.661088E+03	2.03698E+09
9	4	0	8	5	0	1.664139E+03	9.49166E+07
9	4	0	9	3	0	1.893305E+06	1.43548E-04
9	4	1	4	3	1	1.075686E+02	6.53016E+09
9	4	1	5	3	1	1.952019E+02	5.65090E+09
9	4	1	6	3	1	3.501865E+02	4.12923E+09
9	4	1	6	5	1	3.502859E+02	1.85375E+07
9	4	1	7	3	1	6.744449E+02	2.93922E+09
9	4	1	7	5	1	6.757117E+02	4.96630E+07
9	4	1	8	3	1	1.654980E+03	2.03698E+09
9	4	1	8	5	1	1.660346E+03	9.49166E+07
9	4	1	9	3	1	1.145382E+06	1.43548E-04
9	5	0	5	4	0	1.977419E+02	3.71528E+09
9	5	0	6	4	0	3.496140E+02	4.15241E+09
9	5	0	7	4	0	6.770464E+02	3.54378E+09
9	5	0	7	6	0	6.774916E+02	1.25242E+07
9	5	0	8	4	0	1.661982E+03	2.69383E+09
9	5	0	8	6	0	1.664033E+03	4.40721E+07
9	5	0	9	4	0	2.902741E+06	1.81546E-06
9	5	1	5	4	1	1.952157E+02	3.71528E+09
9	5	1	6	4	1	3.501781E+02	4.15241E+09
9	5	1	7	4	1	6.749532E+02	3.54378E+09
9	5	1	7	6	1	6.758026E+02	1.25242E+07
9	5	1	8	4	1	1.656665E+03	2.69383E+09
9	5	1	8	6	1	1.660269E+03	4.40721E+07
9	5	1	9	4	1	1.758198E+06	1.81546E-06
9	6	0	6	5	0	3.496223E+02	2.75975E+09
9	6	0	7	5	0	6.771967E+02	3.75030E+09
9	6	0	8	5	0	1.662515E+03	3.51192E+09
9	6	0	8	7	0	1.663990E+03	1.37911E+07
9	6	0	9	5	0	4.124358E+06	5.21380E-08
9	6	1	6	5	1	3.501670E+02	2.75975E+09
9	6	1	7	5	1	6.752696E+02	3.75030E+09
9	6	1	8	5	1	1.657680E+03	3.51192E+09
9	6	1	8	7	1	1.660271E+03	1.37911E+07
9	6	1	9	5	1	2.500063E+06	5.21380E-08
9	7	0	7	6	0	6.772978E+02	2.95336E+09
9	7	0	8	6	0	1.662864E+03	4.53301E+09
9	7	0	9	6	0	5.558118E+06	2.35478E-09
9	7	1	7	6	1	6.754846E+02	2.95336E+09
9	7	1	8	6	1	1.658351E+03	4.53301E+09
9	7	1	9	6	1	3.370987E+06	2.35478E-09
9	8	0	8	7	0	1.663108E+03	5.80799E+09
9	8	0	9	7	0	7.204092E+06	1.18959E-10
9	8	1	8	7	1	1.658824E+03	5.80799E+09
9	8	1	9	7	1	4.370954E+06	1.18959E-10
10	0	0	2	1	0	2.255961E+01	5.23000E+09
10	0	0	2	1	1	2.212672E+01	5.36373E+07
10	0	0	3	1	0	5.343827E+01	3.37000E+09
10	0	0	3	1	1	5.276896E+01	1.38410E+07
10	0	0	4	1	0	1.028802E+02	2.25000E+09
10	0	0	4	1	1	1.018607E+02	1.07149E+07
10	0	0	5	1	0	1.800767E+02	1.60000E+09
10	0	0	5	1	1	1.784958E+02	8.29482E+06
10	0	0	6	1	0	3.040780E+02	1.21000E+09
10	0	0	6	1	1	3.014900E+02	6.42137E+06
10	0	0	7	1	0	5.200641E+02	9.62000E+08
10	0	0	7	1	1	5.153190E+02	4.97105E+06
10	0	0	8	1	0	9.640168E+02	8.02000E+08
10	0	0	8	1	1	9.541165E+02	3.84830E+06
10	0	0	9	1	0	2.334376E+03	6.90000E+08
10	0	0	9	1	1	2.290111E+03	2.97913E+06
10	0	1	2	1	1	2.213066E+01	4.09440E+09
10	0	1	3	1	1	5.279141E+01	3.90000E+08
10	0	1	4	1	1	1.019444E+02	2.59000E+08
10	0	1	5	1	1	1.787530E+02	1.85000E+08
10	0	1	6	1	1	3.022244E+02	1.40000E+08
10	0	1	7	1	1	5.174683E+02	1.11000E+08
10	0	1	8	1	1	9.615107E+02	9.27000E+07
10	0	1	9	1	1	2.333178E+03	8.03000E+07
10	1	0	1	0	0	5.134686E+00	2.70000E+11
10	1	0	2	0	0	2.214038E+01	1.76000E+10
10	1	0	2	1	0	2.255632E+01	3.69835E+06
10	1	0	3	0	0	5.273647E+01	5.84000E+09
10	1	0	3	2	0	5.331110E+01	3.99000E+08
10	1	0	4	0	0	1.017444E+02	2.71000E+09
10	1	0	4	2	0	1.026544E+02	4.47000E+08
10	1	0	5	0	0	1.782083E+02	1.51000E+09
10	1	0	5	2	0	1.796322E+02	4.13000E+08
10	1	0	6	0	0	3.007410E+02	9.54000E+08
10	1	0	6	2	0	3.031038E+02	3.73000E+08
10	1	0	7	0	0	5.132943E+02	6.49000E+08
10	1	0	7	2	0	5.215974E+02	3.34100E+08
10	1	0	8	0	0	9.475170E+02	4.68000E+08
10	1	0	8	2	0	9.603379E+02	3.11303E+08
10	1	0	9	0	0	2.253623E+03	3.43000E+08
10	1	0	9	2	0	2.274961E+03	2.93301E+08
10	1	1	1	0	0	5.134845E+00	1.52934E+09
10	1	1	2	0	0	2.214334E+01	1.00853E+08
10	1	1	2	0	1	2.155712E+01	1.82000E+10
10	1	1	2	1	1	2.212650E+01	3.85071E+06
10	1	1	3	0	0	5.275324E+01	3.02391E+07
10	1	1	3	0	1	5.186587E+01	5.91000E+09
10	1	1	3	2	1	5.329419E+01	4.75000E+06
10	1	1	4	0	0	1.018069E+02	1.47478E+07
10	1	1	4	0	1	1.004626E+02	2.73000E+09
10	1	1	4	2	1	1.026680E+02	5.17000E+06
10	1	1	5	0	0	1.784000E+02	9.03474E+06
10	1	1	5	0	1	1.763137E+02	1.52000E+09
10	1	1	5	2	1	1.797431E+02	4.73000E+06
10	1	1	6	0	0	3.012874E+02	6.29252E+06
10	1	1	6	0	1	2.978850E+02	9.47000E+08
10	1	1	6	2	1	3.035201E+02	6.32000E+07
10	1	1	7	0	0	5.148880E+02	4.75044E+06
10	1	1	7	0	1	5.086755E+02	6.47000E+08
10	1	1	7	2	1	5.201388E+02	3.85299E+08
10	1	1	8	0	0	9.529618E+02	3.78721E+06
10	1	1	8	0	1	9.388085E+02	4.63000E+08
10	1	1	8	2	1	9.585707E+02	3.57481E+08
10	1	1	9	0	0	2.284670E+03	3.13907E+06
10	1	1	9	0	1	2.228313E+03	3.39000E+08
10	1	1	9	2	1	2.276279E+03	3.38942E+08
10	2	0	2	1	0	2.256048E+01	1.30763E+10
10	2	0	3	1	0	5.344314E+01	9.37213E+09
10	2	0	4	1	0	1.028983E+02	4.91245E+09
10	2	0	4	3	0	1.027625E+02	8.58440E+07
10	2	0	5	1	0	1.801320E+02	2.79274E+09
10	2	0	5	3	0	1.799310E+02	1.32443E+08
10	2	0	6	1	0	3.042357E+02	1.72352E+09
10	2	0	6	3	0	3.039139E+02	1.54962E+08
10	2	0	7	1	0	5.205254E+02	1.15272E+09
10	2	0	7	3	0	5.242493E+02	1.67578E+08
10	2	0	8	1	0	9.656032E+02	8.14084E+08
10	2	0	8	3	0	9.690220E+02	1.78519E+08
10	2	0	9	1	0	2.343700E+03	5.85455E+08
10	2	0	9	3	0	2.322981E+03	1.90867E+08
10	2	1	2	1	1	2.212967E+01	1.52039E+10
10	2	1	3	1	1	5.278578E+01	9.90851E+09
10	2	1	4	1	1	1.019235E+02	5.00674E+09
10	2	1	4	3	1	1.028083E+02	8.58440E+07
10	2	1	5	1	1	1.786885E+02	2.78218E+09
10	2	1	5	3	1	1.800715E+02	1.32443E+08
10	2	1	6	1	1	3.020400E+02	1.69487E+09
10	2	1	6	3	1	3.043149E+02	1.54962E+08
10	2	1	7	1	1	5.169281E+02	1.11624E+09
10	2	1	7	3	1	5.226983E+02	1.67578E+08
10	2	1	8	1	1	9.596473E+02	7.74934E+08
10	2	1	8	3	1	9.664772E+02	1.78519E+08
10	2	1	9	1	1	2.322235E+03	5.41681E+08
10	2	1	9	3	1	2.318456E+03	1.90867E+08
10	3	0	3	2	0	5.333224E+01	1.01707E+10
10	3	0	4	2	0	1.027329E+02	6.24944E+09
10	3	0	5	2	0	1.798725E+02	3.75812E+09
10	3	0	5	4	0	1.822342E+02	2.60282E+07
10	3	0	6	2	0	3.037885E+02	2.38836E+09
10	3	0	6	4	0	3.038919E+02	5.20060E+07
10	3	0	7	2	0	5.236284E+02	1.60378E+09
10	3	0	7	4	0	5.242875E+02	7.47767E+07
10	3	0	8	2	0	9.672451E+02	1.12358E+09
10	3	0	8	4	0	9.689567E+02	9.70473E+07
10	3	0	9	2	0	2.314109E+03	7.91097E+08
10	3	0	9	4	0	2.321849E+03	1.22177E+08
10	3	1	3	2	1	5.330932E+01	1.01707E+10
10	3	1	4	2	1	1.027241E+02	6.24944E+09
10	3	1	5	2	1	1.799154E+02	3.75812E+09
10	3	1	5	4	1	1.800642E+02	2.60282E+07
10	3	1	6	2	1	3.040115E+02	2.38836E+09
10	3	1	6	4	1	3.042543E+02	5.20060E+07
10	3	1	7	2	1	5.215836E+02	1.60378E+09
10	3	1	7	4	1	5.228433E+02	7.47767E+07
10	3	1	8	2	1	9.634893E+02	1.12358E+09
10	3	1	8	4	1	9.665038E+02	9.70473E+07
10	3	1	9	2	1	2.304212E+03	7.91097E+08
10	3	1	9	4	1	2.316942E+03	1.22177E+08
10	4	0	4	3	0	1.027502E+02	4.40878E+09
10	4	0	5	3	0	1.798933E+02	3.82614E+09
10	4	0	6	3	0	3.038062E+02	2.80954E+09
10	4	0	6	5	0	3.038810E+02	1.07251E+07
10	4	0	7	3	0	5.239289E+02	2.02240E+09
10	4	0	7	5	0	5.243265E+02	2.69575E+07
10	4	0	8	3	0	9.679281E+02	1.46581E+09
10	4	0	8	5	0	9.689633E+02	4.75265E+07
10	4	0	9	3	0	2.316704E+03	1.04409E+09
10	4	0	9	5	0	2.321398E+03	7.48214E+07
10	4	1	4	3	1	1.027890E+02	4.40878E+09
10	4	1	5	3	1	1.800124E+02	3.82614E+09
10	4	1	6	3	1	3.041461E+02	2.80954E+09
10	4	1	6	5	1	3.042211E+02	1.07251E+07
10	4	1	7	3	1	5.222006E+02	2.02240E+09
10	4	1	7	5	1	5.229597E+02	2.69575E+07
10	4	1	8	3	1	9.647769E+02	1.46581E+09
10	4	1	8	5	1	9.665982E+02	4.75265E+07
10	4	1	9	3	1	2.308695E+03	1.04409E+09
10	4	1	9	5	1	2.316406E+03	7.48214E+07
10	5	0	5	4	0	1.822107E+02	2.31888E+09
10	5	0	6	4	0	3.038265E+02	2.60621E+09
10	5	0	7	4	0	5.240930E+02	2.25276E+09
10	5	0	7	6	0	5.243598E+02	6.00447E+06
10	5	0	8	4	0	9.682924E+02	1.79743E+09
10	5	0	8	6	0	9.689881E+02	1.89845E+07
10	5	0	9	4	0	2.318039E+03	1.34852E+09
10	5	0	9	6	0	2.321197E+03	4.18203E+07
10	5	1	5	4	1	1.800284E+02	2.31888E+09
10	5	1	6	4	1	3.041520E+02	2.60621E+09
10	5	1	7	4	1	5.225415E+02	2.25276E+09
10	5	1	7	6	1	5.230505E+02	6.00447E+06
10	5	1	8	4	1	9.654729E+02	1.79743E+09
10	5	1	8	6	1	9.666959E+02	1.89845E+07
10	5	1	9	4	1	2.311026E+03	1.34852E+09
10	5	1	9	6	1	2.316212E+03	4.18203E+07
10	6	0	6	5	0	3.038370E+02	1.50358E+09
10	6	0	7	5	0	5.241955E+02	2.07130E+09
10	6	0	8	5	0	9.685159E+02	2.04076E+09
10	6	0	8	7	0	9.690162E+02	4.81536E+06
10	6	0	9	5	0	2.318831E+03	1.71828E+09
10	6	0	9	7	0	2.321105E+03	1.96690E+07
10	6	1	6	5	1	3.041523E+02	1.50358E+09
10	6	1	7	5	1	5.227566E+02	2.07130E+09
10	6	1	8	5	1	9.659043E+02	2.04076E+09
10	6	1	8	7	1	9.667835E+02	4.81536E+06
10	6	1	9	5	1	2.312425E+03	1.71828E+09
10	6	1	9	7	1	2.316156E+03	1.96690E+07
10	7	0	7	6	0	5.242654E+02	1.26354E+09
10	7	0	8	6	0	9.686658E+02	2.04326E+09
10	7	0	9	6	0	2.319349E+03	2.16881E+09
10	7	0	9	8	0	2.321064E+03	6.21461E+06
10	7	1	7	6	1	5.229042E+02	1.26354E+09
10	7	1	8	6	1	9.661963E+02	2.04326E+09
10	7	1	9	6	1	2.313346E+03	2.16881E+09
10	7	1	9	8	1	2.316161E+03	6.21461E+06
10	8	0	8	7	0	9.687728E+02	1.52624E+09
10	8	0	9	7	0	2.319709E+03	2.71827E+09
10	8	1	8	7	1	9.664063E+02	1.52624E+09
10	8	1	9	7	1	2.313993E+03	2.71827E+09
10	9	0	9	8	0	2.319973E+03	3.38843E+09
10	9	1	9	8	1	2.314470E+03	3.38843E+09
11	0	0	2	1	0	2.240183E+01	2.70102E+09
11	0	0	2	1	1	2.197491E+01	3.98744E+07
11	0	0	3	1	0	5.256132E+01	2.17181E+09
11	0	0	3	1	1	5.191366E+01	1.02895E+07
11	0	0	4	1	0	9.967846E+01	1.57709E+09
11	0	0	4	1	1	9.872114E+01	7.96552E+06
11	0	0	5	1	0	1.704911E+02	1.16640E+09
11	0	0	5	1	1	1.690734E+02	6.16644E+06
11	0	0	6	1	0	2.777124E+02	8.87860E+08
11	0	0	6	1	1	2.755521E+02	4.77370E+06
11	0	0	7	1	0	4.474157E+02	7.06888E+08
11	0	0	7	1	1	4.438992E+02	3.69552E+06
11	0	0	8	1	0	7.409908E+02	5.84355E+08
11	0	0	8	1	1	7.351276E+02	2.86086E+06
11	0	0	9	1	0	1.350260E+03	5.01523E+08
11	0	0	9	1	1	1.335331E+03	2.21471E+06
11	0	1	2	1	1	2.197804E+01	2.77500E+09
11	0	1	3	1	1	5.193116E+01	2.24544E+09
11	0	1	4	1	1	9.878445E+01	1.62935E+09
11	0	1	5	1	1	1.692592E+02	1.20137E+09
11	0	1	6	1	1	2.760459E+02	9.16580E+08
11	0	1	7	1	1	4.451821E+02	7.28879E+08
11	0	1	8	1	1	7.386526E+02	6.02106E+08
11	0	1	9	1	1	1.347007E+03	5.16758E+08
11	1	0	1	0	0	5.126514E+00	1.79624E+11
11	1	0	2	0	0	2.198924E+01	1.40010E+10
11	1	0	2	1	0	2.239947E+01	2.81906E+06
11	1	0	3	0	0	5.188697E+01	4.35438E+09
11	1	0	3	2	0	5.244314E+01	2.12531E+08
11	1	0	4	0	0	9.862905E+01	2.02612E+09
11	1	0	4	2	0	9.948397E+01	2.78682E+08
11	1	0	5	0	0	1.688659E+02	1.13074E+09
11	1	0	5	2	0	1.701438E+02	2.79192E+08
11	1	0	6	0	0	2.750600E+02	7.06690E+08
11	1	0	6	2	0	2.770352E+02	2.57233E+08
11	1	0	7	0	0	4.427423E+02	4.80458E+08
11	1	0	7	2	0	4.489060E+02	2.34004E+08
11	1	0	8	0	0	7.321500E+02	3.46617E+08
11	1	0	8	2	0	7.397815E+02	2.14429E+08
11	1	0	9	0	0	1.325943E+03	2.60844E+08
11	1	0	9	2	0	1.333301E+03	2.00383E+08
11	1	1	1	0	0	5.126619E+00	1.16257E+09
11	1	1	2	0	0	2.199117E+01	7.66660E+07
11	1	1	2	0	1	2.141287E+01	1.45093E+10
11	1	1	2	1	1	2.197456E+01	2.93462E+06
11	1	1	3	0	0	5.189772E+01	2.29870E+07
11	1	1	3	0	1	5.103866E+01	5.43370E+09
11	1	1	3	2	1	5.242118E+01	2.63525E+08
11	1	1	4	0	0	9.866789E+01	1.12109E+07
11	1	1	4	0	1	9.740475E+01	2.31592E+09
11	1	1	4	2	1	9.947650E+01	3.35995E+08
11	1	1	5	0	0	1.689797E+02	6.86798E+06
11	1	1	5	0	1	1.671067E+02	1.13682E+09
11	1	1	5	2	1	1.701842E+02	3.29798E+08
11	1	1	6	0	0	2.753622E+02	4.78341E+06
11	1	1	6	0	1	2.725174E+02	7.08836E+08
11	1	1	6	2	1	2.772261E+02	2.99387E+08
11	1	1	7	0	0	4.435259E+02	3.61116E+06
11	1	1	7	0	1	4.389084E+02	4.80419E+08
11	1	1	7	2	1	4.474165E+02	2.69775E+08
11	1	1	8	0	0	7.342953E+02	2.87894E+06
11	1	1	8	0	1	7.258633E+02	3.45600E+08
11	1	1	8	2	1	7.376210E+02	2.45651E+08
11	1	1	9	0	0	1.332996E+03	2.38624E+06
11	1	1	9	0	1	1.313612E+03	2.59246E+08
11	1	1	9	2	1	1.330135E+03	2.28974E+08
11	2	0	2	1	0	2.239882E+01	8.76517E+09
11	2	0	3	1	0	5.254475E+01	6.78508E+09
11	2	0	4	1	0	9.961889E+01	3.61976E+09
11	2	0	4	3	0	9.949163E+01	6.19775E+07
11	2	0	5	1	0	1.703169E+02	2.07104E+09
11	2	0	5	3	0	1.701373E+02	9.42554E+07
11	2	0	6	1	0	2.772505E+02	1.28261E+09
11	2	0	6	3	0	2.769833E+02	1.08268E+08
11	2	0	7	1	0	4.462181E+02	8.59629E+08
11	2	0	7	3	0	4.489519E+02	1.14282E+08
11	2	0	8	1	0	7.377119E+02	6.09794E+08
11	2	0	8	3	0	7.397058E+02	1.17917E+08
11	2	0	9	1	0	1.339412E+03	4.51491E+08
11	2	0	9	3	0	1.332619E+03	1.22401E+08
11	2	1	2	1	1	2.197362E+01	1.02983E+10
11	2	1	3	1	1	5.190650E+01	7.20478E+09
11	2	1	4	1	1	9.869527E+01	3.70319E+09
11	2	1	4	3	1	9.952474E+01	6.19775E+07
11	2	1	5	1	1	1.689976E+02	2.07177E+09
11	2	1	5	3	1	1.702341E+02	9.42554E+07
11	2	1	6	1	1	2.753506E+02	1.26732E+09
11	2	1	6	3	1	2.772400E+02	1.08268E+08
11	2	1	7	1	1	4.433767E+02	8.37895E+08
11	2	1	7	3	1	4.476150E+02	1.14282E+08
11	2	1	8	1	1	7.336957E+02	5.86626E+08
11	2	1	8	3	1	7.376814E+02	1.17917E+08
11	2	1	9	1	1	1.330614E+03	4.27663E+08
11	2	1	9	3	1	1.329372E+03	1.22401E+08
11	3	0	3	2	0	5.243790E+01	7.46081E+09
11	3	0	4	2	0	9.946512E+01	4.58941E+09
11	3	0	5	2	0	1.700887E+02	2.76330E+09
11	3	0	5	4	0	1.721990E+02	1.79407E+07
11	3	0	6	2	0	2.768890E+02	1.75891E+09
11	3	0	6	4	0	2.769749E+02	3.49722E+07
11	3	0	7	2	0	4.485224E+02	1.18433E+09
11	3	0	7	4	0	4.490059E+02	4.86854E+07
11	3	0	8	2	0	7.387403E+02	8.35963E+08
11	3	0	8	4	0	7.397383E+02	6.05075E+07
11	3	0	9	2	0	1.329923E+03	6.11049E+08
11	3	0	9	4	0	1.332476E+03	7.26165E+07
11	3	1	3	2	1	5.241334E+01	7.46081E+09
11	3	1	4	2	1	9.944829E+01	4.58941E+09
11	3	1	5	2	1	1.701017E+02	2.76330E+09
11	3	1	5	4	1	1.702347E+02	1.79407E+07
11	3	1	6	2	1	2.770071E+02	1.75891E+09
11	3	1	6	4	1	2.772086E+02	3.49722E+07
11	3	1	7	2	1	4.468464E+02	1.18433E+09
11	3	1	7	4	1	4.477707E+02	4.86854E+07
11	3	1	8	2	1	7.360728E+02	8.35963E+08
11	3	1	8	4	1	7.378309E+02	6.05075E+07
11	3	1	9	2	1	1.325109E+03	6.11049E+08
11	3	1	9	4	1	1.329309E+03	7.26165E+07
11	4	0	4	3	0	9.948210E+01	3.13407E+09
11	4	0	5	3	0	1.701094E+02	2.72446E+09
11	4	0	6	3	0	2.769094E+02	2.00536E+09
11	4	0	6	5	0	2.769715E+02	6.84392E+06
11	4	0	7	3	0	4.487578E+02	1.44951E+09
11	4	0	7	5	0	4.490495E+02	1.65080E+07
11	4	0	8	3	0	7.391791E+02	1.06117E+09
11	4	0	8	5	0	7.397827E+02	2.75216E+07
11	4	0	9	3	0	1.330911E+03	7.88752E+08
11	4	0	9	5	0	1.332459E+03	4.04696E+07
11	4	1	4	3	1	9.951052E+01	3.13407E+09
11	4	1	5	3	1	1.701925E+02	2.72446E+09
11	4	1	6	3	1	2.771297E+02	2.00536E+09
11	4	1	6	5	1	2.771919E+02	6.84392E+06
11	4	1	7	3	1	4.473276E+02	1.44951E+09
11	4	1	7	5	1	4.478845E+02	1.65080E+07
11	4	1	8	3	1	7.369010E+02	1.06117E+09
11	4	1	8	5	1	7.379630E+02	2.75216E+07
11	4	1	9	3	1	1.326840E+03	7.88752E+08
11	4	1	9	5	1	1.329383E+03	4.04696E+07
11	5	0	5	4	0	1.721816E+02	1.56089E+09
11	5	0	6	4	0	2.769300E+02	1.75928E+09
11	5	0	7	4	0	4.488879E+02	1.52837E+09
11	5	0	7	6	0	4.490836E+02	3.38302E+06
11	5	0	8	4	0	7.394179E+02	1.23391E+09
11	5	0	8	6	0	7.398235E+02	9.97795E+06
11	5	0	9	4	0	1.331437E+03	9.69769E+08
11	5	0	9	6	0	1.332478E+03	2.00760E+07
11	5	1	5	4	1	1.702095E+02	1.56089E+09
11	5	1	6	4	1	2.771417E+02	1.75928E+09
11	5	1	7	4	1	4.475961E+02	1.52837E+09
11	5	1	7	6	1	4.479695E+02	3.38302E+06
11	5	1	8	4	1	7.373569E+02	1.23391E+09
11	5	1	8	6	1	7.380701E+02	9.97795E+06
11	5	1	9	4	1	1.327772E+03	9.69769E+08
11	5	1	9	6	1	1.329482E+03	2.00760E+07
11	6	0	6	5	0	2.769412E+02	9.24698E+08
11	6	0	7	5	0	4.489699E+02	1.28094E+09
11	6	0	8	5	0	7.395667E+02	1.27848E+09
11	6	0	8	7	0	7.398584E+02	2.21753E+06
11	6	0	9	5	0	1.331758E+03	1.13079E+09
11	6	0	9	7	0	1.332508E+03	8.07543E+06
11	6	1	6	5	1	2.771469E+02	9.24698E+08
11	6	1	7	5	1	4.477668E+02	1.28094E+09
11	6	1	8	5	1	7.376436E+02	1.27848E+09
11	6	1	8	7	1	7.381562E+02	2.21753E+06
11	6	1	9	5	1	1.328347E+03	1.13079E+09
11	6	1	9	7	1	1.329577E+03	8.07543E+06
11	7	0	7	6	0	4.490262E+02	6.69724E+08
11	7	0	8	6	0	7.396678E+02	1.09784E+09
11	7	0	9	6	0	1.331973E+03	1.22638E+09
11	7	0	9	8	0	1.332539E+03	2.05453E+06
11	7	1	7	6	1	4.478847E+02	6.69724E+08
11	7	1	8	6	1	7.378399E+02	1.09784E+09
11	7	1	9	6	1	1.328735E+03	1.22638E+09
11	7	1	9	8	1	1.329663E+03	2.05453E+06
11	8	0	8	7	0	7.397407E+02	6.26690E+08
11	8	0	9	7	0	1.332126E+03	1.17592E+09
11	8	1	8	7	1	7.379824E+02	6.26690E+08
11	8	1	9	7	1	1.329013E+03	1.17592E+09
11	9	0	9	8	0	1.332240E+03	8.42484E+08
11	9	1	9	8	1	1.329222E+03	8.42484E+08
12	0	0	2	1	0	2.227959E+01	1.95753E+09
12	0	0	2	1	1	2.185728E+01	3.04182E+07
12	0	0	3	1	0	5.189333E+01	1.61022E+09
12	0	0	3	1	1	5.126192E+01	7.84934E+06
12	0	0	4	1	0	9.730314E+01	1.17882E+09
12	0	0	4	1	1	9.639070E+01	6.07650E+06
12	0	0	5	1	0	1.636578E+02	8.73808E+08
12	0	0	5	1	1	1.623510E+02	4.70408E+06
12	0	0	6	1	0	2.600272E+02	6.64378E+08
12	0	0	6	1	1	2.581324E+02	3.64162E+06
12	0	0	7	1	0	4.032322E+02	5.26346E+08
12	0	0	7	1	1	4.003737E+02	2.81913E+06
12	0	0	8	1	0	6.271766E+02	4.31234E+08
12	0	0	8	1	1	6.229711E+02	2.18241E+06
12	0	0	9	1	0	1.014712E+03	3.65226E+08
12	0	0	9	1	1	1.006258E+03	1.68949E+06
12	0	1	2	1	1	2.185964E+01	2.00900E+09
12	0	1	3	1	1	5.127491E+01	1.66387E+09
12	0	1	4	1	1	9.643662E+01	1.21732E+09
12	0	1	5	1	1	1.624813E+02	8.99644E+08
12	0	1	6	1	1	2.584620E+02	6.85460E+08
12	0	1	7	1	1	4.011673E+02	5.42352E+08
12	0	1	8	1	1	6.248944E+02	4.43950E+08
12	0	1	9	1	1	1.011286E+03	3.75814E+08
12	1	0	1	0	0	5.120107E+00	1.37158E+11
12	1	0	2	0	0	2.187185E+01	1.08890E+10
12	1	0	2	1	0	2.227766E+01	2.19524E+06
12	1	0	3	0	0	5.123804E+01	3.33706E+09
12	1	0	3	2	0	5.178031E+01	1.50154E+08
12	1	0	4	0	0	9.631045E+01	1.55538E+09
12	1	0	4	2	0	9.712548E+01	2.02007E+08
12	1	0	5	0	0	1.621810E+02	8.68506E+08
12	1	0	5	2	0	1.633595E+02	2.04160E+08
12	1	0	6	0	0	2.577546E+02	5.42860E+08
12	1	0	6	2	0	2.594882E+02	1.88255E+08
12	1	0	7	0	0	3.995621E+02	3.68899E+08
12	1	0	7	2	0	4.045754E+02	1.70341E+08
12	1	0	8	0	0	6.211452E+02	2.66041E+08
12	1	0	8	2	0	6.266293E+02	1.54374E+08
12	1	0	9	0	0	1.001733E+03	2.00851E+08
12	1	0	9	2	0	1.005927E+03	1.41907E+08
12	1	1	1	0	0	5.120189E+00	9.05108E+08
12	1	1	2	0	0	2.187333E+01	5.96877E+07
12	1	1	2	0	1	2.130114E+01	1.12902E+10
12	1	1	2	1	1	2.185691E+01	2.28488E+06
12	1	1	3	0	0	5.124621E+01	1.78963E+07
12	1	1	3	0	1	5.040841E+01	4.30650E+09
12	1	1	3	2	1	5.175654E+01	1.86409E+08
12	1	1	4	0	0	9.633932E+01	8.72815E+06
12	1	1	4	0	1	9.513474E+01	1.84430E+09
12	1	1	4	2	1	9.711007E+01	2.43915E+08
12	1	1	5	0	0	1.622629E+02	5.34701E+06
12	1	1	5	0	1	1.605351E+02	8.73251E+08
12	1	1	5	2	1	1.633733E+02	2.41410E+08
12	1	1	6	0	0	2.579615E+02	3.72409E+06
12	1	1	6	0	1	2.554632E+02	5.44578E+08
12	1	1	6	2	1	2.595965E+02	2.19250E+08
12	1	1	7	0	0	4.000596E+02	2.81144E+06
12	1	1	7	0	1	3.962989E+02	3.68985E+08
12	1	1	7	2	1	4.032223E+02	1.96421E+08
12	1	1	8	0	0	6.223481E+02	2.24138E+06
12	1	1	8	0	1	6.162805E+02	2.65436E+08
12	1	1	8	2	1	6.247354E+02	1.76748E+08
12	1	1	9	0	0	1.004866E+03	1.85779E+06
12	1	1	9	0	1	9.938107E+02	1.99904E+08
12	1	1	9	2	1	1.003239E+03	1.61719E+08
12	2	0	2	1	0	2.227713E+01	6.03822E+09
12	2	0	3	1	0	5.187994E+01	5.04508E+09
12	2	0	4	1	0	9.725609E+01	2.73802E+09
12	2	0	4	3	0	9.713479E+01	4.63273E+07
12	2	0	5	1	0	1.635247E+02	1.57603E+09
12	2	0	5	3	0	1.633591E+02	6.97148E+07
12	2	0	6	1	0	2.596915E+02	9.78917E+08
12	2	0	6	3	0	2.594571E+02	7.90267E+07
12	2	0	7	1	0	4.024254E+02	6.56826E+08
12	2	0	7	3	0	4.046476E+02	8.20169E+07
12	2	0	8	1	0	6.252272E+02	4.66243E+08
12	2	0	8	3	0	6.266587E+02	8.27660E+07
12	2	0	9	1	0	1.009619E+03	3.46262E+08
12	2	0	9	3	0	1.005755E+03	8.34470E+07
12	2	1	2	1	1	2.185616E+01	7.16994E+09
12	2	1	3	1	1	5.125579E+01	5.37859E+09
12	2	1	4	1	1	9.636900E+01	2.81023E+09
12	2	1	4	3	1	9.715967E+01	4.63273E+07
12	2	1	5	1	1	1.622895E+02	1.58187E+09
12	2	1	5	3	1	1.634295E+02	6.97148E+07
12	2	1	6	1	1	2.579769E+02	9.70752E+08
12	2	1	6	3	1	2.596346E+02	7.90267E+07
12	2	1	7	1	1	3.999996E+02	6.43138E+08
12	2	1	7	3	1	4.034460E+02	8.20169E+07
12	2	1	8	1	1	6.220659E+02	4.51383E+08
12	2	1	8	3	1	6.249286E+02	8.27660E+07
12	2	1	9	1	1	1.003898E+03	3.31377E+08
12	2	1	9	3	1	1.003191E+03	8.34470E+07
12	3	0	3	2	0	5.177604E+01	5.64415E+09
12	3	0	4	2	0	9.711045E+01	3.47455E+09
12	3	0	5	2	0	1.633170E+02	2.09362E+09
12	3	0	5	4	0	1.652616E+02	1.29586E+07
12	3	0	6	2	0	2.593810E+02	1.33369E+09
12	3	0	6	4	0	2.594563E+02	2.48202E+07
12	3	0	7	2	0	4.043148E+02	8.98905E+08
12	3	0	7	4	0	4.047076E+02	3.37906E+07
12	3	0	8	2	0	6.260043E+02	6.35728E+08
12	3	0	8	4	0	6.267207E+02	4.07875E+07
12	3	0	9	2	0	1.004318E+03	4.67646E+08
12	3	0	9	4	0	1.005773E+03	4.70801E+07
12	3	1	3	2	1	5.175041E+01	5.64415E+09
12	3	1	4	2	1	9.708847E+01	3.47455E+09
12	3	1	5	2	1	1.633122E+02	2.09362E+09
12	3	1	5	4	1	1.634348E+02	1.29586E+07
12	3	1	6	2	1	2.594422E+02	1.33369E+09
12	3	1	6	4	1	2.596190E+02	2.48202E+07
12	3	1	7	2	1	4.028502E+02	8.98905E+08
12	3	1	7	4	1	4.036013E+02	3.37906E+07
12	3	1	8	2	1	6.238427E+02	6.35728E+08
12	3	1	8	4	1	6.251051E+02	4.07875E+07
12	3	1	9	2	1	1.000939E+03	4.67646E+08
12	3	1	9	4	1	1.003334E+03	4.70801E+07
12	4	0	4	3	0	9.712717E+01	2.31637E+09
12	4	0	5	3	0	1.633376E+02	2.01578E+09
12	4	0	6	3	0	2.594027E+02	1.48571E+09
12	4	0	6	5	0	2.594572E+02	4.67504E+06
12	4	0	7	3	0	4.045153E+02	1.07594E+09
12	4	0	7	5	0	4.047523E+02	1.09639E+07
12	4	0	8	3	0	6.263416E+02	7.90396E+08
12	4	0	8	5	0	6.267749E+02	1.76173E+07
12	4	0	9	3	0	1.004938E+03	5.92756E+08
12	4	0	9	5	0	1.005821E+03	2.46466E+07
12	4	1	4	3	1	9.714875E+01	2.31637E+09
12	4	1	5	3	1	1.633986E+02	2.01578E+09
12	4	1	6	3	1	2.595566E+02	1.48571E+09
12	4	1	6	5	1	2.596112E+02	4.67504E+06
12	4	1	7	3	1	4.032578E+02	1.07594E+09
12	4	1	7	5	1	4.037103E+02	1.09639E+07
12	4	1	8	3	1	6.244772E+02	7.90396E+08
12	4	1	8	5	1	6.252398E+02	1.76173E+07
12	4	1	9	3	1	1.002029E+03	5.92756E+08
12	4	1	9	5	1	1.003478E+03	2.46466E+07
12	5	0	5	4	0	1.652481E+02	1.10876E+09
12	5	0	6	4	0	2.594232E+02	1.25174E+09
12	5	0	7	4	0	4.046271E+02	1.09014E+09
12	5	0	7	6	0	4.047861E+02	2.11763E+06
12	5	0	8	4	0	6.265275E+02	8.84053E+08
12	5	0	8	6	0	6.268187E+02	5.97092E+06
12	5	0	9	4	0	1.005275E+03	7.02368E+08
12	5	0	9	6	0	1.005869E+03	1.12959E+07
12	5	1	5	4	1	1.634160E+02	1.10876E+09
12	5	1	6	4	1	2.595716E+02	1.25174E+09
12	5	1	7	4	1	4.034868E+02	1.09014E+09
12	5	1	7	6	1	4.037902E+02	2.11763E+06
12	5	1	8	4	1	6.248305E+02	8.84053E+08
12	5	1	8	6	1	6.253425E+02	5.97092E+06
12	5	1	9	4	1	1.002627E+03	7.02368E+08
12	5	1	9	6	1	1.003601E+03	1.12959E+07
12	6	0	6	5	0	2.594348E+02	6.16242E+08
12	6	0	7	5	0	4.046980E+02	8.56052E+08
12	6	0	8	5	0	6.266445E+02	8.58808E+08
12	6	0	8	7	0	6.268539E+02	1.21232E+06
12	6	0	9	5	0	1.005485E+03	7.68900E+08
12	6	0	9	7	0	1.005912E+03	4.09941E+06
12	6	1	6	5	1	2.595793E+02	6.16242E+08
12	6	1	7	5	1	4.036331E+02	8.56052E+08
12	6	1	8	5	1	6.250545E+02	8.58808E+08
12	6	1	8	7	1	6.254226E+02	1.21232E+06
12	6	1	9	5	1	1.003001E+03	7.68900E+08
12	6	1	9	7	1	1.003703E+03	4.09941E+06
12	7	0	7	6	0	4.047468E+02	4.03696E+08
12	7	0	8	6	0	6.267246E+02	6.65427E+08
12	7	0	9	6	0	1.005627E+03	7.53113E+08
12	7	0	9	8	0	1.005949E+03	9.07611E+05
12	7	1	7	6	1	4.037345E+02	4.03696E+08
12	7	1	8	6	1	6.252089E+02	6.65427E+08
12	7	1	9	6	1	1.003257E+03	7.53113E+08
12	7	1	9	8	1	1.003786E+03	9.07611E+05
12	8	0	8	7	0	6.267828E+02	3.22089E+08
12	8	0	9	7	0	1.005729E+03	6.12638E+08
12	8	1	8	7	1	6.253216E+02	3.22089E+08
12	8	1	9	7	1	1.003443E+03	6.12638E+08
12	9	0	9	8	0	1.005806E+03	3.31653E+08
12	9	1	9	8	1	1.003583E+03	3.31653E+08
13	0	0	2	1	0	2.218519E+01	1.45123E+09
13	0	0	2	1	1	2.176641E+01	2.37131E+07
13	0	0	3	1	0	5.138404E+01	1.22057E+09
13	0	0	3	1	1	5.076489E+01	6.11911E+06
13	0	0	4	1	0	9.552780E+01	9.01007E+08
13	0	0	4	1	1	9.464820E+01	4.73706E+06
13	0	0	5	1	0	1.586972E+02	6.69874E+08
13	0	0	5	1	1	1.574682E+02	3.66716E+06
13	0	0	6	1	0	2.477242E+02	5.09358E+08
13	0	0	6	1	1	2.460038E+02	2.83890E+06
13	0	0	7	1	0	3.743976E+02	4.02375E+08
13	0	0	7	1	1	3.719321E+02	2.19771E+06
13	0	0	8	1	0	5.600849E+02	3.27753E+08
13	0	0	8	1	1	5.567286E+02	1.70134E+06
13	0	0	9	1	0	8.499807E+02	2.74984E+08
13	0	0	9	1	1	8.440405E+02	1.31708E+06
13	0	1	2	1	1	2.176823E+01	1.48794E+09
13	0	1	3	1	1	5.077480E+01	1.26063E+09
13	0	1	4	1	1	9.468265E+01	9.30071E+08
13	0	1	5	1	1	1.575636E+02	6.89440E+08
13	0	1	6	1	1	2.462367E+02	5.25266E+08
13	0	1	7	1	1	3.724647E+02	4.14392E+08
13	0	1	8	1	1	5.579228E+02	3.37209E+08
13	0	1	9	1	1	8.467882E+02	2.82727E+08
13	1	0	1	0	0	5.115121E+00	1.07018E+11
13	1	0	2	0	0	2.178115E+01	8.64094E+09
13	1	0	2	1	0	2.218358E+01	1.74128E+06
13	1	0	3	0	0	5.074308E+01	2.61098E+09
13	1	0	3	2	0	5.127487E+01	1.08589E+08
13	1	0	4	0	0	9.457642E+01	1.21879E+09
13	1	0	4	2	0	9.536225E+01	1.49958E+08
13	1	0	5	0	0	1.573237E+02	6.80855E+08
13	1	0	5	2	0	1.584324E+02	1.53079E+08
13	1	0	6	0	0	2.456985E+02	4.25572E+08
13	1	0	6	2	0	2.472732E+02	1.41542E+08
13	1	0	7	0	0	3.713180E+02	2.89023E+08
13	1	0	7	2	0	3.756437E+02	1.27771E+08
13	1	0	8	0	0	5.554631E+02	2.08214E+08
13	1	0	8	2	0	5.598446E+02	1.15012E+08
13	1	0	9	0	0	8.412978E+02	1.57037E+08
13	1	0	9	2	0	8.442540E+02	1.04513E+08
13	1	1	1	0	0	5.115186E+00	7.18935E+08
13	1	1	2	0	0	2.178233E+01	4.74105E+07
13	1	1	2	0	1	2.121482E+01	8.96361E+09
13	1	1	2	1	1	2.176604E+01	1.81216E+06
13	1	1	3	0	0	5.074946E+01	1.42152E+07
13	1	1	3	0	1	4.992769E+01	3.47728E+09
13	1	1	3	2	1	5.124989E+01	1.34950E+08
13	1	1	4	0	0	9.459857E+01	6.93285E+06
13	1	1	4	0	1	9.343686E+01	1.49575E+09
13	1	1	4	2	1	9.534161E+01	1.81337E+08
13	1	1	5	0	0	1.573850E+02	4.24718E+06
13	1	1	5	0	1	1.557590E+02	6.84609E+08
13	1	1	5	2	1	1.584294E+02	1.81199E+08
13	1	1	6	0	0	2.458480E+02	2.95808E+06
13	1	1	6	0	1	2.435778E+02	4.26948E+08
13	1	1	6	2	1	2.473326E+02	1.64967E+08
13	1	1	7	0	0	3.716595E+02	2.23315E+06
13	1	1	7	0	1	3.684117E+02	2.89142E+08
13	1	1	7	2	1	3.743876E+02	1.47396E+08
13	1	1	8	0	0	5.562278E+02	1.78034E+06
13	1	1	8	0	1	5.513759E+02	2.07817E+08
13	1	1	8	2	1	5.581340E+02	1.31683E+08
13	1	1	9	0	0	8.430533E+02	1.47566E+06
13	1	1	9	0	1	8.352581E+02	1.56407E+08
13	1	1	9	2	1	8.419081E+02	1.19010E+08
13	2	0	2	1	0	2.218313E+01	4.25490E+09
13	2	0	3	1	0	5.137300E+01	3.83566E+09
13	2	0	4	1	0	9.548968E+01	2.11689E+09
13	2	0	4	3	0	9.537274E+01	3.56028E+07
13	2	0	5	1	0	1.585920E+02	1.22562E+09
13	2	0	5	3	0	1.584363E+02	5.31498E+07
13	2	0	6	1	0	2.474680E+02	7.63297E+08
13	2	0	6	3	0	2.472551E+02	5.96596E+07
13	2	0	7	1	0	3.738127E+02	5.12614E+08
13	2	0	7	3	0	3.757294E+02	6.11602E+07
13	2	0	8	1	0	5.587770E+02	3.63871E+08
13	2	0	8	3	0	5.599202E+02	6.07551E+07
13	2	0	9	1	0	8.469721E+02	2.70150E+08
13	2	0	9	3	0	8.442510E+02	6.00036E+07
13	2	1	2	1	1	2.176543E+01	5.10743E+09
13	2	1	3	1	1	5.075958E+01	4.10447E+09
13	2	1	4	1	1	9.462972E+01	2.17898E+09
13	2	1	4	3	1	9.539200E+01	3.56028E+07
13	2	1	5	1	1	1.574170E+02	1.23362E+09
13	2	1	5	3	1	1.584894E+02	5.31498E+07
13	2	1	6	1	1	2.458791E+02	7.59131E+08
13	2	1	6	3	1	2.473845E+02	5.96596E+07
13	2	1	7	1	1	3.716470E+02	5.03653E+08
13	2	1	7	3	1	3.746203E+02	6.11602E+07
13	2	1	8	1	1	5.560901E+02	3.53821E+08
13	2	1	8	3	1	5.583766E+02	6.07551E+07
13	2	1	9	1	1	8.425736E+02	2.60135E+08
13	2	1	9	3	1	8.420756E+02	6.00036E+07
13	3	0	3	2	0	5.127132E+01	4.37795E+09
13	3	0	4	2	0	9.534997E+01	2.69654E+09
13	3	0	5	2	0	1.583985E+02	1.62563E+09
13	3	0	5	4	0	1.602271E+02	9.70215E+06
13	3	0	6	2	0	2.471907E+02	1.03600E+09
13	3	0	6	4	0	2.472591E+02	1.83429E+07
13	3	0	7	2	0	3.754532E+02	6.98517E+08
13	3	0	7	4	0	3.757920E+02	2.45738E+07
13	3	0	8	2	0	5.594217E+02	4.94237E+08
13	3	0	8	4	0	5.599938E+02	2.90627E+07
13	3	0	9	2	0	8.432927E+02	3.64021E+08
13	3	0	9	4	0	8.443184E+02	3.26616E+07
13	3	1	3	2	1	5.124497E+01	4.37795E+09
13	3	1	4	2	1	9.532456E+01	2.69654E+09
13	3	1	5	2	1	1.583823E+02	1.62563E+09
13	3	1	5	4	1	1.584977E+02	9.70215E+06
13	3	1	6	2	1	2.472179E+02	1.03600E+09
13	3	1	6	4	1	2.473784E+02	1.83429E+07
13	3	1	7	2	1	3.741249E+02	6.98517E+08
13	3	1	7	4	1	3.747726E+02	2.45738E+07
13	3	1	8	2	1	5.575503E+02	4.94237E+08
13	3	1	8	4	1	5.585585E+02	2.90627E+07
13	3	1	9	2	1	8.405808E+02	3.64021E+08
13	3	1	9	4	1	8.422690E+02	3.26616E+07
13	4	0	4	3	0	9.536650E+01	1.76506E+09
13	4	0	5	3	0	1.584190E+02	1.53713E+09
13	4	0	6	3	0	2.472131E+02	1.13386E+09
13	4	0	6	5	0	2.472626E+02	3.35679E+06
13	4	0	7	3	0	3.756325E+02	8.21952E+08
13	4	0	7	5	0	3.758368E+02	7.71538E+06
13	4	0	8	3	0	5.597050E+02	6.04680E+08
13	4	0	8	5	0	5.600510E+02	1.20852E+07
13	4	0	9	3	0	8.437619E+02	4.54742E+08
13	4	0	9	5	0	8.443837E+02	1.63514E+07
13	4	1	4	3	1	9.538335E+01	1.76506E+09
13	4	1	5	3	1	1.584656E+02	1.53713E+09
13	4	1	6	3	1	2.473264E+02	1.13386E+09
13	4	1	6	5	1	2.473760E+02	3.35679E+06
13	4	1	7	3	1	3.744870E+02	8.21952E+08
13	4	1	7	5	1	3.748773E+02	7.71538E+06
13	4	1	8	3	1	5.580807E+02	6.04680E+08
13	4	1	8	5	1	5.586896E+02	1.20852E+07
13	4	1	9	3	1	8.414026E+02	4.54742E+08
13	4	1	9	5	1	8.424246E+02	1.63514E+07
13	5	0	5	4	0	1.602164E+02	8.19997E+08
13	5	0	6	4	0	2.472335E+02	9.26712E+08
13	5	0	7	4	0	3.757329E+02	8.08203E+08
13	5	0	7	6	0	3.758700E+02	1.42620E+06
13	5	0	8	4	0	5.598625E+02	6.56793E+08
13	5	0	8	6	0	5.600950E+02	3.89913E+06
13	5	0	9	4	0	8.440200E+02	5.23854E+08
13	5	0	9	6	0	8.444384E+02	7.08297E+06
13	5	1	5	4	1	1.584832E+02	8.19997E+08
13	5	1	6	4	1	2.473430E+02	9.26712E+08
13	5	1	7	4	1	3.746914E+02	8.08203E+08
13	5	1	7	6	1	3.749530E+02	1.42620E+06
13	5	1	8	4	1	5.583782E+02	6.56793E+08
13	5	1	8	6	1	5.587870E+02	3.89913E+06
13	5	1	9	4	1	8.418591E+02	5.23854E+08
13	5	1	9	6	1	8.425462E+02	7.08297E+06
13	6	0	6	5	0	2.472453E+02	4.34788E+08
13	6	0	7	5	0	3.757969E+02	6.04969E+08
13	6	0	8	5	0	5.599623E+02	6.08459E+08
13	6	0	8	7	0	5.601295E+02	7.41646E+05
13	6	0	9	5	0	8.441821E+02	5.47319E+08
13	6	0	9	7	0	8.444832E+02	2.39007E+06
13	6	1	6	5	1	2.473521E+02	4.34788E+08
13	6	1	7	5	1	3.748225E+02	6.04969E+08
13	6	1	8	5	1	5.585679E+02	6.08459E+08
13	6	1	8	7	1	5.588618E+02	7.41646E+05
13	6	1	9	5	1	8.421479E+02	5.47319E+08
13	6	1	9	7	1	8.426423E+02	2.39007E+06
13	7	0	7	6	0	3.758411E+02	2.65066E+08
13	7	0	8	6	0	5.600310E+02	4.38141E+08
13	7	0	9	6	0	8.442929E+02	4.98466E+08
13	7	0	9	8	0	8.445201E+02	4.80464E+05
13	7	1	7	6	1	3.749135E+02	2.65066E+08
13	7	1	8	6	1	5.586992E+02	4.38141E+08
13	7	1	9	6	1	8.423466E+02	4.98466E+08
13	7	1	9	8	1	8.427195E+02	4.80464E+05
13	8	0	8	7	0	5.600811E+02	1.89633E+08
13	8	0	9	7	0	8.443732E+02	3.62693E+08
13	8	1	8	7	1	5.587954E+02	1.89633E+08
13	8	1	9	7	1	8.424913E+02	3.62693E+08
13	9	0	9	8	0	8.444340E+02	1.64969E+08
13	9	1	9	8	1	8.426014E+02	1.64969E+08
14	0	0	2	1	0	2.211070E+01	1.09704E+09
14	0	0	2	1	1	2.169470E+01	1.88305E+07
14	0	0	3	1	0	5.098619E+01	9.42890E+08
14	0	0	3	1	1	5.037654E+01	4.85916E+06
14	0	0	4	1	0	9.416185E+01	7.01842E+08
14	0	0	4	1	1	9.330711E+01	3.76168E+06
14	0	0	5	1	0	1.549628E+02	5.23592E+08
14	0	0	5	1	1	1.537907E+02	2.91208E+06
14	0	0	6	1	0	2.387431E+02	3.98467E+08
14	0	0	6	1	1	2.371448E+02	2.25436E+06
14	0	0	7	1	0	3.542566E+02	3.14296E+08
14	0	0	7	1	1	3.520485E+02	1.74520E+06
14	0	0	8	1	0	5.161826E+02	2.55052E+08
14	0	0	8	1	1	5.133305E+02	1.35103E+06
14	0	0	9	1	0	7.528122E+02	2.12633E+08
14	0	0	9	1	1	7.481488E+02	1.04589E+06
14	0	1	2	1	1	2.169614E+01	1.12377E+09
14	0	1	3	1	1	5.038428E+01	9.73424E+08
14	0	1	4	1	1	9.333366E+01	7.24235E+08
14	0	1	5	1	1	1.538628E+02	5.38721E+08
14	0	1	6	1	1	2.373164E+02	4.10746E+08
14	0	1	7	1	1	3.524267E+02	3.23544E+08
14	0	1	8	1	1	5.141351E+02	2.62286E+08
14	0	1	9	1	1	7.498590E+02	2.18496E+08
14	1	0	1	0	0	5.111164E+00	8.50521E+10
14	1	0	2	0	0	2.170958E+01	6.97557E+09
14	1	0	2	1	0	2.210935E+01	1.40352E+06
14	1	0	3	0	0	5.035631E+01	2.07938E+09
14	1	0	3	2	0	5.087999E+01	8.01115E+07
14	1	0	4	0	0	9.324163E+01	9.71976E+08
14	1	0	4	2	0	9.400535E+01	1.13580E+08
14	1	0	5	0	0	1.536645E+02	5.43184E+08
14	1	0	5	2	0	1.547221E+02	1.17195E+08
14	1	0	6	0	0	2.368886E+02	3.39514E+08
14	1	0	6	2	0	2.383522E+02	1.08796E+08
14	1	0	7	0	0	3.515590E+02	2.30455E+08
14	1	0	7	2	0	3.554342E+02	9.81703E+07
14	1	0	8	0	0	5.123836E+02	1.65849E+08
14	1	0	8	2	0	5.161096E+02	8.80196E+07
14	1	0	9	0	0	7.462671E+02	1.24893E+08
14	1	0	9	2	0	7.485923E+02	7.93836E+07
14	1	1	1	0	0	5.111216E+00	5.80891E+08
14	1	1	2	0	0	2.171052E+01	3.83071E+07
14	1	1	2	0	1	2.114671E+01	7.23927E+09
14	1	1	2	1	1	2.169434E+01	1.46051E+06
14	1	1	3	0	0	5.036139E+01	1.14857E+07
14	1	1	3	0	1	4.955205E+01	2.85261E+09
14	1	1	3	2	1	5.085417E+01	9.96456E+07
14	1	1	4	0	0	9.325904E+01	5.60166E+06
14	1	1	4	0	1	9.212981E+01	1.23206E+09
14	1	1	4	2	1	9.398111E+01	1.37548E+08
14	1	1	5	0	0	1.537118E+02	3.43167E+06
14	1	1	5	0	1	1.521604E+02	5.46198E+08
14	1	1	5	2	1	1.547079E+02	1.38872E+08
14	1	1	6	0	0	2.370010E+02	2.39009E+06
14	1	1	6	0	1	2.348906E+02	3.40626E+08
14	1	1	6	2	1	2.383804E+02	1.26899E+08
14	1	1	7	0	0	3.518066E+02	1.80436E+06
14	1	1	7	0	1	3.488951E+02	2.30576E+08
14	1	1	7	2	1	3.542501E+02	1.13307E+08
14	1	1	8	0	0	5.129098E+02	1.43850E+06
14	1	1	8	0	1	5.087814E+02	1.65569E+08
14	1	1	8	2	1	5.145302E+02	1.00802E+08
14	1	1	9	0	0	7.473838E+02	1.19231E+06
14	1	1	9	0	1	7.412510E+02	1.24443E+08
14	1	1	9	2	1	7.464836E+02	9.03804E+07
14	2	0	2	1	0	2.210896E+01	3.05595E+09
14	2	0	3	1	0	5.097695E+01	2.97155E+09
14	2	0	4	1	0	9.413034E+01	1.66734E+09
14	2	0	4	3	0	9.401671E+01	2.79891E+07
14	2	0	5	1	0	1.548775E+02	9.70840E+08
14	2	0	5	3	0	1.547289E+02	4.15253E+07
14	2	0	6	1	0	2.385407E+02	6.06149E+08
14	2	0	6	3	0	2.383428E+02	4.62618E+07
14	2	0	7	1	0	3.538110E+02	4.07432E+08
14	2	0	7	3	0	3.555276E+02	4.69892E+07
14	2	0	8	1	0	5.152372E+02	2.89191E+08
14	2	0	8	3	0	5.162090E+02	4.61421E+07
14	2	0	9	1	0	7.508029E+02	2.14540E+08
14	2	0	9	3	0	7.486638E+02	4.49029E+07
14	2	1	2	1	1	2.169384E+01	3.70940E+09
14	2	1	3	1	1	5.037191E+01	3.19101E+09
14	2	1	4	1	1	9.329120E+01	1.72073E+09
14	2	1	4	3	1	9.403197E+01	2.79891E+07
14	2	1	5	1	1	1.537475E+02	9.79569E+08
14	2	1	5	3	1	1.547702E+02	4.15253E+07
14	2	1	6	1	1	2.370421E+02	6.04308E+08
14	2	1	6	3	1	2.384409E+02	4.62618E+07
14	2	1	7	1	1	3.518220E+02	4.01401E+08
14	2	1	7	3	1	3.544854E+02	4.69892E+07
14	2	1	8	1	1	5.128493E+02	2.82128E+08
14	2	1	8	3	1	5.147935E+02	4.61421E+07
14	2	1	9	1	1	7.471269E+02	2.07466E+08
14	2	1	9	3	1	7.467353E+02	4.49029E+07
14	3	0	3	2	0	5.087699E+01	3.46699E+09
14	3	0	4	2	0	9.399512E+01	2.13631E+09
14	3	0	5	2	0	1.546944E+02	1.28833E+09
14	3	0	5	4	0	1.564380E+02	7.47355E+06
14	3	0	6	2	0	2.382865E+02	8.21236E+08
14	3	0	6	4	0	2.383501E+02	1.39901E+07
14	3	0	7	2	0	3.552881E+02	5.53774E+08
14	3	0	7	4	0	3.555914E+02	1.85183E+07
14	3	0	8	2	0	5.158016E+02	3.91819E+08
14	3	0	8	4	0	5.162879E+02	2.15777E+07
14	3	0	9	2	0	7.479445E+02	2.88587E+08
14	3	0	9	4	0	7.487513E+02	2.37957E+07
14	3	1	3	2	1	5.085013E+01	3.46699E+09
14	3	1	4	2	1	9.396733E+01	2.13631E+09
14	3	1	5	2	1	1.546705E+02	1.28833E+09
14	3	1	5	4	1	1.547805E+02	7.47355E+06
14	3	1	6	2	1	2.382918E+02	8.21236E+08
14	3	1	6	4	1	2.384409E+02	1.39901E+07
14	3	1	7	2	1	3.540544E+02	5.53774E+08
14	3	1	7	4	1	3.546344E+02	1.85183E+07
14	3	1	8	2	1	5.141174E+02	3.91819E+08
14	3	1	8	4	1	5.149745E+02	2.15777E+07
14	3	1	9	2	1	7.456151E+02	2.88587E+08
14	3	1	9	4	1	7.469431E+02	2.37957E+07
14	4	0	4	3	0	9.401149E+01	1.37849E+09
14	4	0	5	3	0	1.547148E+02	1.20111E+09
14	4	0	6	3	0	2.383093E+02	8.86469E+08
14	4	0	6	5	0	2.383553E+02	2.50365E+06
14	4	0	7	3	0	3.554531E+02	6.42982E+08
14	4	0	7	5	0	3.556360E+02	5.66887E+06
14	4	0	8	3	0	5.160519E+02	4.73334E+08
14	4	0	8	5	0	5.163460E+02	8.71705E+06
14	4	0	9	3	0	7.483335E+02	3.56324E+08
14	4	0	9	5	0	7.488225E+02	1.15215E+07
14	4	1	4	3	1	9.402497E+01	1.37849E+09
14	4	1	5	3	1	1.547513E+02	1.20111E+09
14	4	1	6	3	1	2.383959E+02	8.86469E+08
14	4	1	6	5	1	2.384420E+02	2.50365E+06
14	4	1	7	3	1	3.543859E+02	6.42982E+08
14	4	1	7	5	1	3.547354E+02	5.66887E+06
14	4	1	8	3	1	5.145836E+02	4.73334E+08
14	4	1	8	5	1	5.151013E+02	8.71705E+06
14	4	1	9	3	1	7.462938E+02	3.56324E+08
14	4	1	9	5	1	7.470977E+02	1.15215E+07
14	5	0	5	4	0	1.564292E+02	6.25775E+08
14	5	0	6	4	0	2.383296E+02	7.07716E+08
14	5	0	7	4	0	3.555459E+02	6.17743E+08
14	5	0	7	6	0	3.556687E+02	1.01331E+06
14	5	0	8	4	0	5.161919E+02	5.02584E+08
14	5	0	8	6	0	5.163896E+02	2.70945E+06
14	5	0	9	4	0	7.485494E+02	4.01554E+08
14	5	0	9	6	0	7.488784E+02	4.78512E+06
14	5	1	5	4	1	1.547690E+02	6.25775E+08
14	5	1	6	4	1	2.384135E+02	7.07716E+08
14	5	1	7	4	1	3.545737E+02	6.17743E+08
14	5	1	7	6	1	3.548079E+02	1.01331E+06
14	5	1	8	4	1	5.148465E+02	5.02584E+08
14	5	1	8	6	1	5.151941E+02	2.70945E+06
14	5	1	9	4	1	7.466738E+02	4.01554E+08
14	5	1	9	6	1	7.472143E+02	4.78512E+06
14	6	0	6	5	0	2.383415E+02	3.20105E+08
14	6	0	7	5	0	3.556053E+02	4.45856E+08
14	6	0	8	5	0	5.162811E+02	4.49072E+08
14	6	0	8	7	0	5.164232E+02	4.90711E+05
14	6	0	9	5	0	7.486860E+02	4.04856E+08
14	6	0	9	7	0	7.489228E+02	1.52990E+06
14	6	1	6	5	1	2.384234E+02	3.20105E+08
14	6	1	7	5	1	3.546943E+02	4.45856E+08
14	6	1	8	5	1	5.150148E+02	4.49072E+08
14	6	1	8	7	1	5.152646E+02	4.90711E+05
14	6	1	9	5	1	7.469158E+02	4.04856E+08
14	6	1	9	7	1	7.473046E+02	1.52990E+06
14	7	0	7	6	0	3.556464E+02	1.84948E+08
14	7	0	8	6	0	5.163427E+02	3.06204E+08
14	7	0	9	6	0	7.487799E+02	3.49263E+08
14	7	0	9	8	0	7.489586E+02	2.86574E+05
14	7	1	7	6	1	3.547783E+02	1.84948E+08
14	7	1	8	6	1	5.151316E+02	3.06204E+08
14	7	1	9	6	1	7.470830E+02	3.49263E+08
14	7	1	9	8	1	7.473764E+02	2.86574E+05
14	8	0	8	7	0	5.163878E+02	1.22263E+08
14	8	0	9	7	0	7.488483E+02	2.34493E+08
14	8	1	8	7	1	5.152174E+02	1.22263E+08
14	8	1	9	7	1	7.472053E+02	2.34493E+08
14	9	0	9	8	0	7.489002E+02	9.46559E+07
14	9	1	9	8	1	7.472986E+02	9.46559E+07
15	0	0	2	1	0	2.205086E+01	8.43435E+08
15	0	0	2	1	1	2.163708E+01	1.51931E+07
15	0	0	3	1	0	5.066910E+01	7.40410E+08
15	0	0	3	1	1	5.006696E+01	3.92054E+06
15	0	0	4	1	0	9.308600E+01	5.55696E+08
15	0	0	4	1	1	9.225059E+01	3.03506E+06
15	0	0	5	1	0	1.520703E+02	4.16096E+08
15	0	0	5	1	1	1.509414E+02	2.34956E+06
15	0	0	6	1	0	2.319462E+02	3.17091E+08
15	0	0	6	1	1	2.304373E+02	1.81890E+06
15	0	0	7	1	0	3.394947E+02	2.49954E+08
15	0	0	7	1	1	3.374662E+02	1.40808E+06
15	0	0	8	1	0	4.854273E+02	2.02359E+08
15	0	0	8	1	1	4.829041E+02	1.09006E+06
15	0	0	9	1	0	6.891351E+02	1.67980E+08
15	0	0	9	1	1	6.852252E+02	8.43859E+05
15	0	1	2	1	1	2.163823E+01	8.63259E+08
15	0	1	3	1	1	5.007312E+01	7.64101E+08
15	0	1	4	1	1	9.227151E+01	5.73257E+08
15	0	1	5	1	1	1.509974E+02	4.28004E+08
15	0	1	6	1	1	2.305679E+02	3.26750E+08
15	0	1	7	1	1	3.377462E+02	2.57216E+08
15	0	1	8	1	1	4.834778E+02	2.08017E+08
15	0	1	9	1	1	6.863807E+02	1.72536E+08
15	1	0	1	0	0	5.107970E+00	6.86750E+10
15	1	0	2	0	0	2.165207E+01	5.71499E+09
15	1	0	2	1	0	2.204970E+01	1.14727E+06
15	1	0	3	0	0	5.004797E+01	1.68158E+09
15	1	0	3	2	0	5.056522E+01	6.01322E+07
15	1	0	4	0	0	9.218994E+01	7.87038E+08
15	1	0	4	2	0	9.293645E+01	8.75228E+07
15	1	0	5	0	0	1.508289E+02	4.39979E+08
15	1	0	5	2	0	1.518476E+02	9.13221E+07
15	1	0	6	0	0	2.302163E+02	2.75003E+08
15	1	0	6	2	0	2.315983E+02	8.51846E+07
15	1	0	7	0	0	3.370611E+02	1.86585E+08
15	1	0	7	2	0	3.406217E+02	7.69326E+07
15	1	0	8	0	0	4.821575E+02	1.34160E+08
15	1	0	8	2	0	4.854555E+02	6.88360E+07
15	1	0	9	0	0	6.838304E+02	1.00889E+08
15	1	0	9	2	0	6.857822E+02	6.17819E+07
15	1	1	1	0	0	5.108013E+00	4.76310E+08
15	1	1	2	0	0	2.165284E+01	3.14105E+07
15	1	1	2	0	1	2.109197E+01	5.93350E+09
15	1	1	2	1	1	2.163674E+01	1.19376E+06
15	1	1	3	0	0	5.005208E+01	9.41790E+06
15	1	1	3	0	1	4.925257E+01	2.37236E+09
15	1	1	3	2	1	5.053880E+01	7.48451E+07
15	1	1	4	0	0	9.220390E+01	4.59317E+06
15	1	1	4	0	1	9.109992E+01	1.02853E+09
15	1	1	4	2	1	9.290966E+01	1.06144E+08
15	1	1	5	0	0	1.508662E+02	2.81385E+06
15	1	1	5	0	1	1.493715E+02	4.42433E+08
15	1	1	5	2	1	1.518256E+02	1.08330E+08
15	1	1	6	0	0	2.303034E+02	1.95979E+06
15	1	1	6	0	1	2.283101E+02	2.75911E+08
15	1	1	6	2	1	2.316057E+02	9.94378E+07
15	1	1	7	0	0	3.372479E+02	1.47952E+06
15	1	1	7	0	1	3.345715E+02	1.86696E+08
15	1	1	7	2	1	3.394927E+02	8.88445E+07
15	1	1	8	0	0	4.825398E+02	1.17952E+06
15	1	1	8	0	1	4.788841E+02	1.33953E+08
15	1	1	8	2	1	4.839738E+02	7.88611E+07
15	1	1	9	0	0	6.845996E+02	9.77657E+05
15	1	1	9	0	1	6.794504E+02	1.00551E+08
15	1	1	9	2	1	6.838443E+02	7.03485E+07
15	2	0	2	1	0	2.204937E+01	2.23083E+09
15	2	0	3	1	0	5.066126E+01	2.33956E+09
15	2	0	4	1	0	9.305953E+01	1.33437E+09
15	2	0	4	3	0	9.294847E+01	2.24245E+07
15	2	0	5	1	0	1.519997E+02	7.81305E+08
15	2	0	5	3	0	1.518566E+02	3.31064E+07
15	2	0	6	1	0	2.317820E+02	4.89001E+08
15	2	0	6	3	0	2.315952E+02	3.66656E+07
15	2	0	7	1	0	3.391429E+02	3.28980E+08
15	2	0	7	3	0	3.407198E+02	3.69774E+07
15	2	0	8	1	0	4.847085E+02	2.33511E+08
15	2	0	8	3	0	4.855685E+02	3.59945E+07
15	2	0	9	1	0	6.876874E+02	1.73114E+08
15	2	0	9	3	0	6.858924E+02	3.46471E+07
15	2	1	2	1	1	2.163632E+01	2.73928E+09
15	2	1	3	1	1	5.006289E+01	2.52079E+09
15	2	1	4	1	1	9.223675E+01	1.38040E+09
15	2	1	4	3	1	9.296081E+01	2.24245E+07
15	2	1	5	1	1	1.509044E+02	7.90046E+08
15	2	1	5	3	1	1.518896E+02	3.31064E+07
15	2	1	6	1	1	2.303510E+02	4.88538E+08
15	2	1	6	3	1	2.316718E+02	3.66656E+07
15	2	1	7	1	1	3.372810E+02	3.24844E+08
15	2	1	7	3	1	3.397281E+02	3.69774E+07
15	2	1	8	1	1	4.825251E+02	2.28401E+08
15	2	1	8	3	1	4.842458E+02	3.59945E+07
15	2	1	9	1	1	6.844623E+02	1.67938E+08
15	2	1	9	3	1	6.841336E+02	3.46471E+07
15	3	0	3	2	0	5.056266E+01	2.79407E+09
15	3	0	4	2	0	9.292781E+01	1.72220E+09
15	3	0	5	2	0	1.518245E+02	1.03885E+09
15	3	0	5	4	0	1.535037E+02	5.89139E+06
15	3	0	6	2	0	2.315446E+02	6.62299E+08
15	3	0	6	4	0	2.316047E+02	1.09432E+07
15	3	0	7	2	0	3.405056E+02	4.46600E+08
15	3	0	7	4	0	3.407842E+02	1.43518E+07
15	3	0	8	2	0	4.852197E+02	3.15936E+08
15	3	0	8	4	0	4.856501E+02	1.65363E+07
15	3	0	9	2	0	6.853119E+02	2.32616E+08
15	3	0	9	4	0	6.859891E+02	1.79847E+07
15	3	1	3	2	1	5.053544E+01	2.79407E+09
15	3	1	4	2	1	9.289830E+01	1.72220E+09
15	3	1	5	2	1	1.517953E+02	1.03885E+09
15	3	1	5	4	1	1.519013E+02	5.89139E+06
15	3	1	6	2	1	2.315352E+02	6.62299E+08
15	3	1	6	4	1	2.316760E+02	1.09432E+07
15	3	1	7	2	1	3.393411E+02	4.46600E+08
15	3	1	7	4	1	3.398739E+02	1.43518E+07
15	3	1	8	2	1	4.836658E+02	3.15936E+08
15	3	1	8	4	1	4.844242E+02	1.65363E+07
15	3	1	9	2	1	6.832295E+02	2.32616E+08
15	3	1	9	4	1	6.843444E+02	1.79847E+07
15	4	0	4	3	0	9.294405E+01	1.09869E+09
15	4	0	5	3	0	1.518448E+02	9.57679E+08
15	4	0	6	3	0	2.315678E+02	7.07073E+08
15	4	0	6	5	0	2.316112E+02	1.92405E+06
15	4	0	7	3	0	3.406604E+02	5.13039E+08
15	4	0	7	5	0	3.408285E+02	4.30670E+06
15	4	0	8	3	0	4.854480E+02	3.77801E+08
15	4	0	8	5	0	4.857082E+02	6.53121E+06
15	4	0	9	3	0	6.856519E+02	2.84511E+08
15	4	0	9	5	0	6.860624E+02	8.48615E+06
15	4	1	4	3	1	9.295503E+01	1.09869E+09
15	4	1	5	3	1	1.518741E+02	9.57679E+08
15	4	1	6	3	1	2.316359E+02	7.07073E+08
15	4	1	6	5	1	2.316793E+02	1.92405E+06
15	4	1	7	3	1	3.396508E+02	5.13039E+08
15	4	1	7	5	1	3.399718E+02	4.30670E+06
15	4	1	8	3	1	4.840889E+02	3.77801E+08
15	4	1	8	5	1	4.845470E+02	6.53121E+06
15	4	1	9	3	1	6.838203E+02	2.84511E+08
15	4	1	9	5	1	6.844952E+02	8.48615E+06
15	5	0	5	4	0	1.534963E+02	4.89722E+08
15	5	0	6	4	0	2.315879E+02	5.54126E+08
15	5	0	7	4	0	3.407479E+02	4.83954E+08
15	5	0	7	6	0	3.408607E+02	7.49831E+05
15	5	0	8	4	0	4.855763E+02	3.93999E+08
15	5	0	8	6	0	4.857512E+02	1.97190E+06
15	5	0	9	4	0	6.858420E+02	3.15072E+08
15	5	0	9	6	0	6.861182E+02	3.41199E+06
15	5	1	5	4	1	1.518918E+02	4.89722E+08
15	5	1	6	4	1	2.316540E+02	5.54126E+08
15	5	1	7	4	1	3.398267E+02	4.83954E+08
15	5	1	7	6	1	3.400418E+02	7.49831E+05
15	5	1	8	4	1	4.843284E+02	3.93999E+08
15	5	1	8	6	1	4.846359E+02	1.97190E+06
15	5	1	9	4	1	6.841531E+02	3.15072E+08
15	5	1	9	6	1	6.846068E+02	3.41199E+06
15	6	0	6	5	0	2.315999E+02	2.43572E+08
15	6	0	7	5	0	3.408040E+02	3.39494E+08
15	6	0	8	5	0	4.856584E+02	3.42246E+08
15	6	0	8	7	0	4.857841E+02	3.43849E+05
15	6	0	9	5	0	6.859629E+02	3.08927E+08
15	6	0	9	7	0	6.861617E+02	1.04668E+06
15	6	1	6	5	1	2.316645E+02	2.43572E+08
15	6	1	7	5	1	3.399399E+02	3.39494E+08
15	6	1	8	5	1	4.844821E+02	3.42246E+08
15	6	1	8	7	1	4.847032E+02	3.43849E+05
15	6	1	9	5	1	6.843659E+02	3.08927E+08
15	6	1	9	7	1	6.846923E+02	1.04668E+06
15	7	0	7	6	0	3.408429E+02	1.35026E+08
15	7	0	8	6	0	4.857152E+02	2.23780E+08
15	7	0	9	6	0	6.860463E+02	2.55622E+08
15	7	0	9	8	0	6.861964E+02	1.85820E+05
15	7	1	7	6	1	3.400188E+02	1.35026E+08
15	7	1	8	6	1	4.845891E+02	2.23780E+08
15	7	1	9	6	1	6.845134E+02	2.55622E+08
15	7	1	9	8	1	6.847597E+02	1.85820E+05
15	8	0	8	7	0	4.857568E+02	8.40970E+07
15	8	0	9	7	0	6.861073E+02	1.61552E+08
15	8	1	8	7	1	4.846678E+02	8.40970E+07
15	8	1	9	7	1	6.846216E+02	1.61552E+08
15	9	0	9	8	0	6.861537E+02	5.97849E+07
15	9	1	9	8	1	6.847043E+02	5.97849E+07
10	1	0	10	0	0	1.545595E+05	2.40000E+04
10	1	0	10	2	0	1.223358E+05	6.35834E+01
10	1	1	10	0	1	1.176471E+05	5.97000E+04
10	3	0	10	2	0	1.354812E+06	3.18483E-02
10	3	1	10	2	1	8.658668E+05	3.18483E-02
10	4	0	10	3	0	2.335128E+06	8.87275E-05
10	4	1	10	3	1	1.495642E+06	8.87275E-05
10	5	0	10	4	0	3.575234E+06	1.16294E-06
10	5	1	10	4	1	2.292716E+06	1.16294E-06
10	6	0	10	5	0	5.075137E+06	3.54666E-08
10	6	1	10	5	1	3.257106E+06	3.54666E-08
10	7	0	10	6	0	6.834850E+06	1.79501E-09
10	7	1	10	6	1	4.388795E+06	1.79501E-09
10	8	0	10	7	0	8.854416E+06	1.20490E-10
10	8	1	10	7	1	5.687797E+06	1.20490E-10
10	9	0	10	8	0	1.113375E+07	8.15889E-12
10	9	1	10	8	1	7.154202E+06	8.15889E-12
11	0	0	10	1	0	3.270666E+03	4.42263E+08
11	0	0	10	1	1	3.207409E+03	1.71450E+06
11	0	1	10	1	1	3.275613E+03	4.56659E+08
11	1	0	10	0	0	3.155368E+03	1.96640E+08
11	1	0	10	2	0	3.138491E+03	1.89423E+08
11	1	0	11	0	0	2.126697E+05	1.60814E+04
11	1	1	10	0	0	3.195603E+03	2.03588E+06
11	1	1	10	0	1	3.115362E+03	1.94373E+08
11	1	1	10	2	1	3.135087E+03	2.18128E+08
11	1	1	11	0	1	1.388203E+05	2.63809E+04
11	2	0	10	1	0	3.207736E+03	3.37786E+08
11	2	0	10	3	0	3.133004E+03	1.28460E+08
11	2	1	10	1	1	3.180329E+03	3.11413E+08
11	2	1	10	3	1	3.127361E+03	1.28460E+08
11	2	1	11	1	1	5.146866E+05	1.86445E+03
11	3	0	10	2	0	3.119836E+03	4.46522E+08
11	3	0	10	4	0	3.131230E+03	8.67384E+07
11	3	0	11	2	0	1.641804E+06	2.01144E-02
11	3	1	10	2	1	3.107309E+03	4.46522E+08
11	3	1	10	4	1	3.125016E+03	8.67384E+07
11	3	1	11	2	1	1.100640E+06	2.01144E-02
11	4	0	10	3	0	3.123578E+03	5.77432E+08
11	4	0	10	5	0	3.130501E+03	5.71302E+07
11	4	0	11	3	0	2.824173E+06	5.69139E-05
11	4	1	10	3	1	3.113383E+03	5.77432E+08
11	4	1	10	5	1	3.124129E+03	5.71302E+07
11	4	1	11	3	1	1.897375E+06	5.69139E-05
11	5	0	10	4	0	3.125498E+03	7.31418E+08
11	5	0	10	6	0	3.130162E+03	3.55875E+07
11	5	0	11	4	0	4.318684E+06	7.63865E-07
11	5	1	10	4	1	3.116531E+03	7.31418E+08
11	5	1	10	6	1	3.123766E+03	3.55875E+07
11	5	1	11	4	1	2.904984E+06	7.63865E-07
11	6	0	10	5	0	3.126636E+03	9.14602E+08
11	6	0	10	7	0	3.129996E+03	2.01296E+07
11	6	0	11	5	0	6.125424E+06	2.41718E-08
11	6	1	10	5	1	3.118413E+03	9.14602E+08
11	6	1	10	7	1	3.123623E+03	2.01296E+07
11	6	1	11	5	1	4.123490E+06	2.41718E-08
11	7	0	10	6	0	3.127377E+03	1.13342E+09
11	7	0	10	8	0	3.129915E+03	9.55351E+06
11	7	0	11	6	0	8.244295E+06	1.30041E-09
11	7	1	10	6	1	3.119647E+03	1.13342E+09
11	7	1	10	8	1	3.123581E+03	9.55351E+06
11	7	1	11	6	1	5.552872E+06	1.30041E-09
11	8	0	10	7	0	3.127892E+03	1.39521E+09
11	8	0	10	9	0	3.129877E+03	3.04014E+06
11	8	0	11	7	0	1.067543E+07	9.78979E-11
11	8	1	10	7	1	3.120512E+03	1.39521E+09
11	8	1	10	9	1	3.123588E+03	3.04014E+06
11	8	1	11	7	1	7.193210E+06	9.78979E-11
11	9	0	10	8	0	3.128268E+03	1.70851E+09
11	9	0	11	8	0	1.341886E+07	8.81431E-12
11	9	1	10	8	1	3.121148E+03	1.70851E+09
11	9	1	11	8	1	9.044372E+06	8.81431E-12
12	0	0	10	1	0	1.816033E+03	3.19872E+08
12	0	0	10	1	1	1.796361E+03	1.30791E+06
12	0	0	11	1	0	4.163187E+03	2.86801E+08
12	0	0	11	1	1	4.095156E+03	1.01251E+06
12	0	1	10	1	1	1.812447E+03	3.29205E+08
12	0	1	11	1	1	4.179722E+03	2.95836E+08
12	1	0	10	0	0	1.782501E+03	1.56762E+08
12	1	0	10	2	0	1.777102E+03	1.33286E+08
12	1	0	11	0	0	4.019431E+03	1.21838E+08
12	1	0	11	2	0	4.118732E+03	1.26533E+08
12	1	0	12	0	0	2.571557E+05	1.03389E+04
12	1	1	10	0	0	1.792443E+03	1.58502E+06
12	1	1	10	0	1	1.766916E+03	1.55570E+08
12	1	1	10	2	1	1.773244E+03	1.51697E+08
12	1	1	11	0	0	4.070340E+03	1.38262E+06
12	1	1	11	0	1	3.965556E+03	1.20282E+08
12	1	1	11	2	1	4.114804E+03	1.45285E+08
12	1	1	12	0	1	1.749015E+05	1.65940E+04
12	2	0	10	1	0	1.799784E+03	2.66219E+08
12	2	0	10	3	0	1.776014E+03	8.54131E+07
12	2	0	11	1	0	4.078767E+03	2.05698E+08
12	2	0	11	3	0	4.110711E+03	8.86291E+07
12	2	1	10	1	1	1.788855E+03	2.51161E+08
12	2	1	10	3	1	1.771974E+03	8.54131E+07
12	2	1	11	1	1	4.056353E+03	1.89078E+08
12	2	1	11	3	1	4.103821E+03	8.86291E+07
12	2	1	12	1	1	6.414590E+05	1.21727E+03
12	3	0	10	2	0	1.772084E+03	3.54083E+08
12	3	0	10	4	0	1.775755E+03	5.39797E+07
12	3	0	11	2	0	4.091878E+03	2.66944E+08
12	3	0	11	4	0	4.108068E+03	6.23080E+07
12	3	0	12	2	0	1.958499E+06	1.31856E-02
12	3	1	10	2	1	1.766071E+03	3.54083E+08
12	3	1	10	4	1	1.771777E+03	5.39797E+07
12	3	1	11	2	1	4.076384E+03	2.66944E+08
12	3	1	11	4	1	4.100379E+03	6.23080E+07
12	3	1	12	2	1	1.366929E+06	1.31856E-02
12	4	0	10	3	0	1.773470E+03	4.51927E+08
12	4	0	10	5	0	1.775699E+03	3.28130E+07
12	4	0	11	3	0	4.097104E+03	3.39349E+08
12	4	0	11	5	0	4.106958E+03	4.32385E+07
12	4	0	12	3	0	3.362904E+06	3.77327E-05
12	4	1	10	3	1	1.768350E+03	4.51927E+08
12	4	1	10	5	1	1.771811E+03	3.28130E+07
12	4	1	11	3	1	4.084433E+03	3.39349E+08
12	4	1	11	5	1	4.099020E+03	4.32385E+07
12	4	1	12	3	1	2.352188E+06	3.77327E-05
12	5	0	10	4	0	1.774205E+03	5.53896E+08
12	5	0	10	6	0	1.775707E+03	1.85226E+07
12	5	0	11	4	0	4.099781E+03	4.22874E+08
12	5	0	11	6	0	4.106428E+03	2.89396E+07
12	5	0	12	4	0	5.136819E+06	5.14959E-07
12	5	1	10	4	1	1.769572E+03	5.53896E+08
12	5	1	10	6	1	1.771902E+03	1.85226E+07
12	5	1	11	4	1	4.088592E+03	4.22874E+08
12	5	1	11	6	1	4.098424E+03	2.89396E+07
12	5	1	12	4	1	3.597342E+06	5.14959E-07
12	6	0	10	5	0	1.774653E+03	6.52231E+08
12	6	0	10	7	0	1.775735E+03	9.25711E+06
12	6	0	11	5	0	4.101365E+03	5.20504E+08
12	6	0	11	7	0	4.106157E+03	1.82286E+07
12	6	0	12	5	0	7.280299E+06	1.67030E-08
12	6	1	10	5	1	1.770324E+03	6.52231E+08
12	6	1	10	7	1	1.772002E+03	9.25711E+06
12	6	1	11	5	1	4.091072E+03	5.20504E+08
12	6	1	11	7	1	4.098157E+03	1.82286E+07
12	6	1	12	5	1	5.102431E+06	1.67030E-08
12	7	0	10	6	0	1.774952E+03	7.31574E+08
12	7	0	10	8	0	1.775769E+03	3.73888E+06
12	7	0	11	6	0	4.102394E+03	6.35207E+08
12	7	0	11	8	0	4.106015E+03	1.03984E+07
12	7	0	12	6	0	9.793360E+06	9.33150E-10
12	7	1	10	6	1	1.770830E+03	7.31574E+08
12	7	1	10	8	1	1.772097E+03	3.73888E+06
12	7	1	11	6	1	4.092694E+03	6.35207E+08
12	7	1	11	8	1	4.098046E+03	1.03984E+07
12	7	1	12	6	1	6.867472E+06	9.33150E-10
12	8	0	10	7	0	1.775164E+03	7.65134E+08
12	8	0	10	9	0	1.775803E+03	9.52715E+05
12	8	0	11	7	0	4.103108E+03	7.70240E+08
12	8	0	11	9	0	4.105942E+03	4.96842E+06
12	8	0	12	7	0	1.267604E+07	7.47254E-11
12	8	1	10	7	1	1.771192E+03	7.65134E+08
12	8	1	10	9	1	1.772183E+03	9.52715E+05
12	8	1	11	7	1	4.093827E+03	7.70240E+08
12	8	1	11	9	1	4.098014E+03	4.96842E+06
12	8	1	12	7	1	8.892446E+06	7.47254E-11
12	9	0	10	8	0	1.775322E+03	7.08582E+08
12	9	0	11	8	0	4.103628E+03	9.29322E+08
12	9	0	12	8	0	1.592839E+07	7.55004E-12
12	9	1	10	8	1	1.771463E+03	7.08582E+08
12	9	1	11	8	1	4.094658E+03	9.29322E+08
12	9	1	12	8	1	1.117731E+07	7.55004E-12
13	0	0	10	1	0	1.348350E+03	2.37635E+08
13	0	0	10	1	1	1.337475E+03	1.01961E+06
13	0	0	11	1	0	2.319125E+03	2.11692E+08
13	0	0	11	1	1	2.297861E+03	7.89320E+05
13	0	0	12	1	0	5.344514E+03	1.92494E+08
13	0	0	12	1	1	5.257085E+03	6.11046E+05
13	0	1	10	1	1	1.344388E+03	2.44251E+08
13	0	1	11	1	1	2.318341E+03	2.17655E+08
13	0	1	12	1	1	5.365527E+03	1.98388E+08
13	1	0	10	0	0	1.330885E+03	1.22865E+08
13	1	0	10	2	0	1.327873E+03	9.65984E+07
13	1	0	11	0	0	2.277066E+03	9.87574E+07
13	1	0	11	2	0	2.308598E+03	9.12567E+07
13	1	0	12	0	0	5.147770E+03	7.87101E+07
13	1	0	12	2	0	5.282973E+03	8.70255E+07
13	1	0	13	0	0	3.065221E+05	6.88628E+03
13	1	1	10	0	0	1.335283E+03	1.25899E+06
13	1	1	10	0	1	1.321066E+03	1.22108E+08
13	1	1	10	2	1	1.324600E+03	1.09617E+08
13	1	1	11	0	0	2.289972E+03	1.09823E+06
13	1	1	11	0	1	2.256428E+03	9.78855E+07
13	1	1	11	2	1	2.303979E+03	1.03520E+08
13	1	1	12	0	0	5.214204E+03	9.74864E+05
13	1	1	12	0	1	5.083255E+03	7.76239E+07
13	1	1	12	2	1	5.278496E+03	9.96804E+07
13	1	1	13	0	1	2.158963E+05	1.08328E+04
13	2	0	10	1	0	1.340795E+03	2.08114E+08
13	2	0	10	3	0	1.327558E+03	5.97879E+07
13	2	0	11	1	0	2.296864E+03	1.64997E+08
13	2	0	11	3	0	2.306960E+03	6.07259E+07
13	2	0	12	1	0	5.227751E+03	1.30946E+08
13	2	0	12	3	0	5.271664E+03	6.25645E+07
13	2	1	10	1	1	1.333796E+03	1.98325E+08
13	2	1	10	3	1	1.324389E+03	5.97879E+07
13	2	1	11	1	1	2.287021E+03	1.55148E+08
13	2	1	11	3	1	2.302034E+03	6.07259E+07
13	2	1	12	1	1	5.200693E+03	1.20067E+08
13	2	1	12	3	1	5.263392E+03	6.25645E+07
13	2	1	13	1	1	7.841827E+05	8.22340E+02
13	3	0	10	2	0	1.325497E+03	2.77102E+08
13	3	0	10	4	0	1.327549E+03	3.61419E+07
13	3	0	11	2	0	2.301424E+03	2.16094E+08
13	3	0	11	4	0	2.306537E+03	4.02652E+07
13	3	0	12	2	0	5.245554E+03	1.67285E+08
13	3	0	12	4	0	5.267880E+03	4.53987E+07
13	3	0	13	2	0	2.306257E+06	8.92372E-03
13	3	1	10	2	1	1.321317E+03	2.77102E+08
13	3	1	10	4	1	1.324508E+03	3.61419E+07
13	3	1	11	2	1	2.294065E+03	2.16094E+08
13	3	1	11	4	1	2.301646E+03	4.02652E+07
13	3	1	12	2	1	5.226751E+03	1.67285E+08
13	3	1	12	4	1	5.258543E+03	4.53987E+07
13	3	1	13	2	1	1.665770E+06	8.92372E-03
13	4	0	10	3	0	1.326350E+03	3.49462E+08
13	4	0	10	5	0	1.327596E+03	2.08109E+07
13	4	0	11	3	0	2.303312E+03	2.72793E+08
13	4	0	11	5	0	2.306423E+03	2.60608E+07
13	4	0	12	3	0	5.252653E+03	2.09577E+08
13	4	0	12	5	0	5.266264E+03	3.27709E+07
13	4	0	13	3	0	3.953569E+06	2.57551E-05
13	4	1	10	3	1	1.322725E+03	3.49462E+08
13	4	1	10	5	1	1.324660E+03	2.08109E+07
13	4	1	11	3	1	2.297012E+03	2.72793E+08
13	4	1	11	5	1	2.301618E+03	2.60608E+07
13	4	1	12	3	1	5.237211E+03	2.09577E+08
13	4	1	12	5	1	5.256568E+03	3.27709E+07
13	4	1	13	3	1	2.861738E+06	2.57551E-05
13	5	0	10	4	0	1.326812E+03	4.17231E+08
13	5	0	10	6	0	1.327651E+03	1.09890E+07
13	5	0	11	4	0	2.304311E+03	3.32481E+08
13	5	0	11	6	0	2.306410E+03	1.60424E+07
13	5	0	12	4	0	5.256287E+03	2.57545E+08
13	5	0	12	6	0	5.265477E+03	2.30902E+07
13	5	0	13	4	0	6.033001E+06	3.55838E-07
13	5	1	10	4	1	1.323495E+03	4.17231E+08
13	5	1	10	6	1	1.324798E+03	1.09890E+07
13	5	1	11	4	1	2.298587E+03	3.32481E+08
13	5	1	11	6	1	2.301691E+03	1.60424E+07
13	5	1	12	4	1	5.242604E+03	2.57545E+08
13	5	1	12	6	1	5.255664E+03	2.30902E+07
13	5	1	13	4	1	4.372235E+06	3.55838E-07
13	6	0	10	5	0	1.327098E+03	4.69589E+08
13	6	0	10	7	0	1.327703E+03	5.05063E+06
13	6	0	11	5	0	2.304920E+03	3.92401E+08
13	6	0	11	7	0	2.306432E+03	9.12437E+06
13	6	0	12	5	0	5.258433E+03	3.12770E+08
13	6	0	12	7	0	5.265063E+03	1.56165E+07
13	6	0	13	5	0	8.544526E+06	1.17459E-08
13	6	1	10	5	1	1.323976E+03	4.69589E+08
13	6	1	10	7	1	1.324915E+03	5.05063E+06
13	6	1	11	5	1	2.299554E+03	3.92401E+08
13	6	1	11	7	1	2.301790E+03	9.12437E+06
13	6	1	12	5	1	5.245812E+03	3.12770E+08
13	6	1	12	7	1	5.255229E+03	1.56165E+07
13	6	1	13	5	1	6.197284E+06	1.17459E-08
13	7	0	10	6	0	1.327292E+03	4.90272E+08
13	7	0	10	8	0	1.327749E+03	1.83090E+06
13	7	0	11	6	0	2.305325E+03	4.46826E+08
13	7	0	11	8	0	2.306468E+03	4.58114E+06
13	7	0	12	6	0	5.259824E+03	3.76737E+08
13	7	0	12	8	0	5.264837E+03	9.91473E+06
13	7	0	13	6	0	1.148818E+07	6.73092E-10
13	7	1	10	6	1	1.324304E+03	4.90272E+08
13	7	1	10	8	1	1.325013E+03	1.83090E+06
13	7	1	11	6	1	2.300202E+03	4.46826E+08
13	7	1	11	8	1	2.301891E+03	4.58114E+06
13	7	1	12	6	1	5.247905E+03	3.76737E+08
13	7	1	12	8	1	5.255022E+03	9.91473E+06
13	7	1	13	6	1	8.336877E+06	6.73092E-10
13	8	0	10	7	0	1.327431E+03	4.58971E+08
13	8	0	10	9	0	1.327788E+03	4.03610E+05
13	8	0	11	7	0	2.305612E+03	4.85833E+08
13	8	0	11	9	0	2.306506E+03	1.85488E+06
13	8	0	12	7	0	5.260788E+03	4.51020E+08
13	8	0	12	9	0	5.264712E+03	5.69168E+06
13	8	0	13	7	0	1.486414E+07	5.60058E-11
13	8	1	10	7	1	1.324541E+03	4.58971E+08
13	8	1	10	9	1	1.325095E+03	4.03610E+05
13	8	1	11	7	1	2.300664E+03	4.85833E+08
13	8	1	11	9	1	2.301986E+03	1.85488E+06
13	8	1	12	7	1	5.249363E+03	4.51020E+08
13	8	1	12	9	1	5.254934E+03	5.69168E+06
13	8	1	13	7	1	1.079110E+07	5.60058E-11
13	9	0	10	8	0	1.327536E+03	3.57278E+08
13	9	0	11	8	0	2.305825E+03	4.93308E+08
13	9	0	12	8	0	5.261490E+03	5.37372E+08
13	9	0	13	8	0	1.867204E+07	6.02222E-12
13	9	1	10	8	1	1.324721E+03	3.57278E+08
13	9	1	11	8	1	2.301010E+03	4.93308E+08
13	9	1	12	8	1	5.250430E+03	5.37372E+08
13	9	1	13	8	1	1.355987E+07	6.02222E-12
14	0	0	10	1	0	1.119191E+03	1.81980E+08
14	0	0	10	1	1	1.111689E+03	8.09666E+05
14	0	0	11	1	0	1.715112E+03	1.59955E+08
14	0	0	11	1	1	1.703454E+03	6.26796E+05
14	0	0	12	1	0	2.950175E+03	1.44563E+08
14	0	0	12	1	1	2.923338E+03	4.85229E+05
14	0	0	13	1	0	6.729800E+03	1.33047E+08
14	0	0	13	1	1	6.619541E+03	3.75636E+05
14	0	1	10	1	1	1.115469E+03	1.86903E+08
14	0	1	11	1	1	1.712346E+03	1.64252E+08
14	0	1	12	1	1	2.949625E+03	1.48511E+08
14	0	1	13	1	1	6.755877E+03	1.37020E+08
14	1	0	10	0	0	1.107735E+03	9.75670E+07
14	1	0	10	2	0	1.105648E+03	7.25195E+07
14	1	0	11	0	0	1.693410E+03	7.85642E+07
14	1	0	11	2	0	1.710787E+03	6.74458E+07
14	1	0	12	0	0	2.893336E+03	6.46980E+07
14	1	0	12	2	0	2.935561E+03	6.40911E+07
14	1	0	13	0	0	6.467243E+03	5.26632E+07
14	1	0	13	2	0	6.646889E+03	6.13944E+07
14	1	0	14	0	0	3.609891E+05	4.72698E+03
14	1	1	10	0	0	1.110197E+03	1.01725E+06
14	1	1	10	0	1	1.100351E+03	9.70381E+07
14	1	1	10	2	1	1.102802E+03	8.22128E+07
14	1	1	11	0	0	1.699170E+03	8.87357E+05
14	1	1	11	0	1	1.680632E+03	7.79865E+07
14	1	1	11	2	1	1.706870E+03	7.62659E+07
14	1	1	12	0	0	2.910193E+03	7.87678E+05
14	1	1	12	0	1	2.868944E+03	6.40607E+07
14	1	1	12	2	1	2.930112E+03	7.25022E+07
14	1	1	13	0	0	6.552078E+03	7.09073E+05
14	1	1	13	0	1	6.391090E+03	5.18904E+07
14	1	1	13	2	1	6.641837E+03	7.01771E+07
14	1	1	14	0	1	2.620072E+05	7.29894E+03
14	2	0	10	1	0	1.114756E+03	1.65100E+08
14	2	0	10	3	0	1.105591E+03	4.38834E+07
14	2	0	11	1	0	1.704718E+03	1.31041E+08
14	2	0	11	3	0	1.710273E+03	4.34684E+07
14	2	0	12	1	0	2.919556E+03	1.06575E+08
14	2	0	12	3	0	2.933201E+03	4.39675E+07
14	2	0	13	1	0	6.572560E+03	8.65128E+07
14	2	0	13	3	0	6.631412E+03	4.50942E+07
14	2	1	10	1	1	1.109434E+03	1.58283E+08
14	2	1	10	3	1	1.102917E+03	4.38834E+07
14	2	1	11	1	1	1.698166E+03	1.24438E+08
14	2	1	11	3	1	1.706429E+03	4.34684E+07
14	2	1	12	1	1	2.907798E+03	9.99332E+07
14	2	1	12	3	1	2.927295E+03	4.39675E+07
14	2	1	13	1	1	6.540396E+03	7.91578E+07
14	2	1	13	3	1	6.621621E+03	4.50942E+07
14	2	1	14	1	1	9.434131E+05	5.71935E+02
14	3	0	10	2	0	1.104236E+03	2.19822E+08
14	3	0	10	4	0	1.105660E+03	2.56875E+07
14	3	0	11	2	0	1.707407E+03	1.72196E+08
14	3	0	11	4	0	1.710220E+03	2.76969E+07
14	3	0	12	2	0	2.925625E+03	1.37684E+08
14	3	0	12	4	0	2.932557E+03	3.02757E+07
14	3	0	13	2	0	6.596162E+03	1.09032E+08
14	3	0	13	4	0	6.626169E+03	3.35682E+07
14	3	0	14	2	0	2.686338E+06	6.20828E-03
14	3	1	10	2	1	1.100908E+03	2.19822E+08
14	3	1	10	4	1	1.103122E+03	2.56875E+07
14	3	1	11	2	1	1.702336E+03	1.72196E+08
14	3	1	11	4	1	1.706506E+03	2.76969E+07
14	3	1	12	2	1	2.916776E+03	1.37684E+08
14	3	1	12	4	1	2.926650E+03	3.02757E+07
14	3	1	13	2	1	6.573706E+03	1.09032E+08
14	3	1	13	4	1	6.615007E+03	3.35682E+07
14	3	1	14	2	1	1.998210E+06	6.20828E-03
14	4	0	10	3	0	1.104871E+03	2.74429E+08
14	4	0	10	5	0	1.105736E+03	1.42210E+07
14	4	0	11	3	0	1.708550E+03	2.15732E+08
14	4	0	11	5	0	1.710261E+03	1.70905E+07
14	4	0	12	3	0	2.928136E+03	1.72022E+08
14	4	0	12	5	0	2.932361E+03	2.05502E+07
14	4	0	13	3	0	6.605579E+03	1.34887E+08
14	4	0	13	5	0	6.623899E+03	2.49914E+07
14	4	0	14	3	0	4.598251E+06	1.80365E-05
14	4	1	10	3	1	1.101955E+03	2.74429E+08
14	4	1	10	5	1	1.103298E+03	1.42210E+07
14	4	1	11	3	1	1.704125E+03	2.15732E+08
14	4	1	11	5	1	1.706659E+03	1.70905E+07
14	4	1	12	3	1	2.920523E+03	1.72022E+08
14	4	1	12	5	1	2.926532E+03	2.05502E+07
14	4	1	13	3	1	6.587068E+03	1.34887E+08
14	4	1	13	5	1	6.612250E+03	2.49914E+07
14	4	1	14	3	1	3.427733E+06	1.80365E-05
14	5	0	10	4	0	1.105219E+03	3.20901E+08
14	5	0	10	6	0	1.105802E+03	7.15411E+06
14	5	0	11	4	0	1.709167E+03	2.58042E+08
14	5	0	11	6	0	1.710321E+03	9.93177E+06
14	5	0	12	4	0	2.929463E+03	2.08296E+08
14	5	0	12	6	0	2.932315E+03	1.34656E+07
14	5	0	13	4	0	6.610395E+03	1.63774E+08
14	5	0	13	6	0	6.622775E+03	1.83045E+07
14	5	0	14	4	0	7.010214E+06	2.51532E-07
14	5	1	10	4	1	1.102535E+03	3.20901E+08
14	5	1	10	6	1	1.103439E+03	7.15411E+06
14	5	1	11	4	1	1.705101E+03	2.58042E+08
14	5	1	11	6	1	1.706809E+03	9.93177E+06
14	5	1	12	4	1	2.922520E+03	2.08296E+08
14	5	1	12	6	1	2.926574E+03	1.34656E+07
14	5	1	13	4	1	6.593945E+03	1.63774E+08
14	5	1	13	6	1	6.610949E+03	1.83045E+07
14	5	1	14	4	1	5.232096E+06	2.51532E-07
14	6	0	10	5	0	1.105438E+03	3.48830E+08
14	6	0	10	7	0	1.105858E+03	3.09459E+06
14	6	0	11	5	0	1.709549E+03	2.94602E+08
14	6	0	11	7	0	1.710381E+03	5.26472E+06
14	6	0	12	5	0	2.930269E+03	2.45503E+08
14	6	0	12	7	0	2.932327E+03	8.35161E+06
14	6	0	13	5	0	6.613235E+03	1.96595E+08
14	6	0	13	7	0	6.622173E+03	1.30251E+07
14	6	0	14	5	0	9.922308E+06	8.41129E-09
14	6	1	10	5	1	1.102901E+03	3.48830E+08
14	6	1	10	7	1	1.103552E+03	3.09459E+06
14	6	1	11	5	1	1.705710E+03	2.94602E+08
14	6	1	11	7	1	1.706940E+03	5.26472E+06
14	6	1	12	5	1	2.923742E+03	2.45503E+08
14	6	1	12	7	1	2.926665E+03	8.35161E+06
14	6	1	13	5	1	6.598025E+03	1.96595E+08
14	6	1	13	7	1	6.610294E+03	1.30251E+07
14	6	1	14	5	1	7.411470E+06	8.41129E-09
14	7	0	10	6	0	1.105587E+03	3.45190E+08
14	7	0	10	8	0	1.105904E+03	1.03810E+06
14	7	0	11	6	0	1.709807E+03	3.18332E+08
14	7	0	11	8	0	1.710436E+03	2.42095E+06
14	7	0	12	6	0	2.930804E+03	2.81340E+08
14	7	0	12	8	0	2.932360E+03	4.77301E+06
14	7	0	13	6	0	6.615075E+03	2.34145E+08
14	7	0	13	8	0	6.621835E+03	8.87485E+06
14	7	0	14	6	0	1.333458E+07	4.90815E-10
14	7	1	10	6	1	1.103153E+03	3.45190E+08
14	7	1	10	8	1	1.103644E+03	1.03810E+06
14	7	1	11	6	1	1.706124E+03	3.18332E+08
14	7	1	11	8	1	1.707053E+03	2.42095E+06
14	7	1	12	6	1	2.924560E+03	2.81340E+08
14	7	1	12	8	1	2.926769E+03	4.77301E+06
14	7	1	13	6	1	6.600683E+03	2.34145E+08
14	7	1	13	8	1	6.609959E+03	8.87485E+06
14	7	1	14	6	1	9.965718E+06	4.90815E-10
14	8	0	10	7	0	1.105695E+03	2.98304E+08
14	8	0	10	9	0	1.105943E+03	2.06659E+05
14	8	0	11	7	0	1.709992E+03	3.19780E+08
14	8	0	11	9	0	1.710484E+03	8.75779E+05
14	8	0	12	7	0	2.931184E+03	3.11799E+08
14	8	0	12	9	0	2.932401E+03	2.40354E+06
14	8	0	13	7	0	6.616347E+03	2.77240E+08
14	8	0	13	9	0	6.621640E+03	5.66811E+06
14	8	0	14	7	0	1.724703E+07	4.19107E-11
14	8	1	10	7	1	1.103335E+03	2.98304E+08
14	8	1	10	9	1	1.103720E+03	2.06659E+05
14	8	1	11	7	1	1.706422E+03	3.19780E+08
14	8	1	11	9	1	1.707149E+03	8.75779E+05
14	8	1	12	7	1	2.925142E+03	3.11799E+08
14	8	1	12	9	1	2.926871E+03	2.40354E+06
14	8	1	13	7	1	6.602530E+03	2.77240E+08
14	8	1	13	9	1	6.609793E+03	5.66811E+06
14	8	1	14	7	1	1.289491E+07	4.19107E-11
14	9	0	10	8	0	1.105777E+03	2.06132E+08
14	9	0	11	8	0	1.710131E+03	2.88402E+08
14	9	0	12	8	0	2.931465E+03	3.30448E+08
14	9	0	13	8	0	6.617271E+03	3.26765E+08
14	9	0	14	8	0	2.165956E+07	4.68467E-12
14	9	1	10	8	1	1.103474E+03	2.06132E+08
14	9	1	11	8	1	1.706647E+03	2.88402E+08
14	9	1	12	8	1	2.925576E+03	3.30448E+08
14	9	1	13	8	1	6.603879E+03	3.26765E+08
14	9	1	14	8	1	1.619905E+07	4.68467E-12
15	0	0	10	1	0	9.840153E+02	1.42803E+08
15	0	0	10	1	1	9.782110E+02	6.53266E+05
15	0	0	11	1	0	1.416844E+03	1.24287E+08
15	0	0	11	1	1	1.408879E+03	5.05721E+05
15	0	0	12	1	0	2.165886E+03	1.10835E+08
15	0	0	12	1	1	2.151387E+03	3.91500E+05
15	0	0	13	1	0	3.685487E+03	1.01418E+08
15	0	0	13	1	1	3.652172E+03	3.03076E+05
15	0	0	14	1	0	8.335305E+03	9.43186E+07
15	0	0	14	1	1	8.198490E+03	2.34624E+05
15	0	1	10	1	1	9.805677E+02	1.46588E+08
15	0	1	11	1	1	1.413772E+03	1.27533E+08
15	0	1	12	1	1	2.162819E+03	1.13721E+08
15	0	1	13	1	1	3.685241E+03	1.04113E+08
15	0	1	14	1	1	8.367032E+03	9.70733E+07
15	1	0	10	0	0	9.755232E+02	7.86639E+07
15	1	0	10	2	0	9.739041E+02	5.59924E+07
15	1	0	11	0	0	1.402775E+03	6.32191E+07
15	1	0	11	2	0	1.414678E+03	5.14696E+07
15	1	0	12	0	0	2.136889E+03	5.21270E+07
15	1	0	12	2	0	2.159834E+03	4.81714E+07
15	1	0	13	0	0	3.610452E+03	4.38075E+07
15	1	0	13	2	0	3.665763E+03	4.60353E+07
15	1	0	14	0	0	7.992431E+03	3.63038E+07
15	1	0	14	2	0	8.226154E+03	4.42884E+07
15	1	0	15	0	0	4.207686E+05	3.33012E+03
15	1	1	10	0	0	9.770894E+02	8.34112E+05
15	1	1	10	0	1	9.694546E+02	7.82717E+07
15	1	1	10	2	1	9.713564E+02	6.34586E+07
15	1	1	11	0	0	1.406016E+03	7.27603E+05
15	1	1	11	0	1	1.393298E+03	6.28026E+07
15	1	1	11	2	1	1.411283E+03	5.81351E+07
15	1	1	12	0	0	2.144418E+03	6.45869E+05
15	1	1	12	0	1	2.121937E+03	5.16914E+07
15	1	1	12	2	1	2.155214E+03	5.43094E+07
15	1	1	13	0	0	3.631999E+03	5.81416E+05
15	1	1	13	0	1	3.581983E+03	4.33379E+07
15	1	1	13	2	1	3.659413E+03	5.19539E+07
15	1	1	14	0	0	8.098790E+03	5.29435E+05
15	1	1	14	0	1	7.903650E+03	3.57439E+07
15	1	1	14	2	1	8.220497E+03	5.05343E+07
15	1	1	15	0	1	3.134361E+05	5.05377E+03
15	2	0	10	1	0	9.810662E+02	1.33044E+08
15	2	0	10	3	0	9.739609E+02	3.33901E+07
15	2	0	11	1	0	1.410738E+03	1.05425E+08
15	2	0	11	3	0	1.414540E+03	3.24742E+07
15	2	0	12	1	0	2.151650E+03	8.57752E+07
15	2	0	12	3	0	2.159052E+03	3.20823E+07
15	2	0	13	1	0	3.644455E+03	7.12760E+07
15	2	0	13	3	0	3.662478E+03	3.23846E+07
15	2	0	14	1	0	8.128333E+03	5.89867E+07
15	2	0	14	3	0	8.205500E+03	3.31199E+07
15	2	1	10	1	1	9.766570E+02	1.28080E+08
15	2	1	10	3	1	9.716035E+02	3.33901E+07
15	2	1	11	1	1	1.405657E+03	1.00703E+08
15	2	1	11	3	1	1.411314E+03	3.24742E+07
15	2	1	12	1	1	2.143884E+03	8.12112E+07
15	2	1	12	3	1	2.154464E+03	3.20823E+07
15	2	1	13	1	1	3.630605E+03	6.66747E+07
15	2	1	13	3	1	3.655496E+03	3.23846E+07
15	2	1	14	1	1	8.090600E+03	5.38736E+07
15	2	1	14	3	1	8.194048E+03	3.31199E+07
15	2	1	15	1	1	1.119704E+06	4.07875E+02
15	3	0	10	2	0	9.729557E+02	1.77116E+08
15	3	0	10	4	0	9.740611E+02	1.90747E+07
15	3	0	11	2	0	1.412678E+03	1.38759E+08
15	3	0	11	4	0	1.414603E+03	2.00966E+07
15	3	0	12	2	0	2.155175E+03	1.11361E+08
15	3	0	12	4	0	2.158935E+03	2.13093E+07
15	3	0	13	2	0	3.652363E+03	9.09673E+07
15	3	0	13	4	0	3.661544E+03	2.29914E+07
15	3	0	14	2	0	8.158981E+03	7.34667E+07
15	3	0	14	4	0	8.198429E+03	2.51793E+07
15	3	0	15	2	0	3.099929E+06	4.42423E-03
15	3	1	10	2	1	9.701164E+02	1.77116E+08
15	3	1	10	4	1	9.718356E+02	1.90747E+07
15	3	1	11	2	1	1.408667E+03	1.38759E+08
15	3	1	11	4	1	1.411522E+03	2.00966E+07
15	3	1	12	2	1	2.149119E+03	1.11361E+08
15	3	1	12	4	1	2.154475E+03	2.13093E+07
15	3	1	13	2	1	3.641876E+03	9.09673E+07
15	3	1	13	4	1	3.654517E+03	2.29914E+07
15	3	1	14	2	1	8.132526E+03	7.34667E+07
15	3	1	14	4	1	8.185259E+03	2.51793E+07
15	3	1	15	2	1	2.365313E+06	4.42423E-03
15	4	0	10	3	0	9.734761E+02	2.19255E+08
15	4	0	10	5	0	9.741474E+02	1.02499E+07
15	4	0	11	3	0	1.413517E+03	1.72644E+08
15	4	0	11	5	0	1.414689E+03	1.19732E+07
15	4	0	12	3	0	2.156671E+03	1.38521E+08
15	4	0	12	5	0	2.158962E+03	1.38605E+07
15	4	0	13	3	0	3.655632E+03	1.12572E+08
15	4	0	13	5	0	3.661236E+03	1.62007E+07
15	4	0	14	3	0	8.171217E+03	8.98942E+07
15	4	0	14	5	0	8.195333E+03	1.92189E+07
15	4	0	15	3	0	5.298884E+06	1.29206E-05
15	4	1	10	3	1	9.709718E+02	2.19255E+08
15	4	1	10	5	1	9.720145E+02	1.02499E+07
15	4	1	11	3	1	1.409982E+03	1.72644E+08
15	4	1	11	5	1	1.411716E+03	1.19732E+07
15	4	1	12	3	1	2.151361E+03	1.38521E+08
15	4	1	12	5	1	2.154620E+03	1.38605E+07
15	4	1	13	3	1	3.646571E+03	1.12572E+08
15	4	1	13	5	1	3.654275E+03	1.62007E+07
15	4	1	14	3	1	8.149337E+03	8.98942E+07
15	4	1	14	5	1	8.181531E+03	1.92189E+07
15	4	1	15	3	1	4.051847E+06	1.29206E-05
15	5	0	10	4	0	9.737646E+02	2.52138E+08
15	5	0	10	6	0	9.742169E+02	4.97051E+06
15	5	0	11	4	0	1.413978E+03	2.03327E+08
15	5	0	11	6	0	1.414767E+03	6.66905E+06
15	5	0	12	4	0	2.157478E+03	1.65488E+08
15	5	0	12	6	0	2.159025E+03	8.63428E+06
15	5	0	13	4	0	3.657358E+03	1.35391E+08
15	5	0	13	6	0	3.661144E+03	1.11300E+07
15	5	0	14	4	0	8.177470E+03	1.08004E+08
15	5	0	14	6	0	8.193781E+03	1.45101E+07
15	5	0	15	4	0	8.071481E+06	1.81503E-07
15	5	1	10	4	1	9.714499E+02	2.52138E+08
15	5	1	10	6	1	9.721517E+02	4.97051E+06
15	5	1	11	4	1	1.410708E+03	2.03327E+08
15	5	1	11	6	1	1.411877E+03	6.66905E+06
15	5	1	12	4	1	2.152580E+03	1.65488E+08
15	5	1	12	6	1	2.154778E+03	8.63428E+06
15	5	1	13	4	1	3.649067E+03	1.35391E+08
15	5	1	13	6	1	3.654269E+03	1.11300E+07
15	5	1	14	4	1	8.157973E+03	1.08004E+08
15	5	1	14	6	1	8.179731E+03	1.45101E+07
15	5	1	15	4	1	6.179515E+06	1.81503E-07
15	6	0	10	5	0	9.739468E+02	2.66695E+08
15	6	0	10	7	0	9.742726E+02	2.05374E+06
15	6	0	11	5	0	1.414265E+03	2.26087E+08
15	6	0	11	7	0	1.414835E+03	3.35656E+06
15	6	0	12	5	0	2.157977E+03	1.90275E+08
15	6	0	12	7	0	2.159093E+03	5.04026E+06
15	6	0	13	5	0	3.658404E+03	1.59072E+08
15	6	0	13	7	0	3.661137E+03	7.34716E+06
15	6	0	14	5	0	8.181154E+03	1.28339E+08
15	6	0	14	7	0	8.192936E+03	1.07277E+07
15	6	0	15	5	0	1.141774E+07	6.13002E-09
15	6	1	10	5	1	9.717537E+02	2.66695E+08
15	6	1	10	7	1	9.722590E+02	2.05374E+06
15	6	1	11	5	1	1.411166E+03	2.26087E+08
15	6	1	11	7	1	1.412008E+03	3.35656E+06
15	6	1	12	5	1	2.153339E+03	1.90275E+08
15	6	1	12	7	1	2.154924E+03	5.04026E+06
15	6	1	13	5	1	3.650591E+03	1.59072E+08
15	6	1	13	7	1	3.654344E+03	7.34716E+06
15	6	1	14	5	1	8.163089E+03	1.28339E+08
15	6	1	14	7	1	8.178797E+03	1.07277E+07
15	6	1	15	5	1	8.748371E+06	6.13002E-09
15	7	0	10	6	0	9.740719E+02	2.53234E+08
15	7	0	10	8	0	9.743179E+02	6.49991E+05
15	7	0	11	6	0	1.414462E+03	2.34575E+08
15	7	0	11	8	0	1.414892E+03	1.44714E+06
15	7	0	12	6	0	2.158313E+03	2.09637E+08
15	7	0	12	8	0	2.159157E+03	2.67586E+06
15	7	0	13	6	0	3.659097E+03	1.82638E+08
15	7	0	13	8	0	3.661165E+03	4.57906E+06
15	7	0	14	6	0	8.183537E+03	1.51354E+08
15	7	0	14	8	0	8.192452E+03	7.68724E+06
15	7	0	15	6	0	1.533742E+07	3.62552E-10
15	7	1	10	6	1	9.719634E+02	2.53234E+08
15	7	1	10	8	1	9.723449E+02	6.49991E+05
15	7	1	11	6	1	1.411480E+03	2.34575E+08
15	7	1	11	8	1	1.412116E+03	1.44714E+06
15	7	1	12	6	1	2.153853E+03	2.09637E+08
15	7	1	12	8	1	2.155051E+03	2.67586E+06
15	7	1	13	6	1	3.651609E+03	1.82638E+08
15	7	1	13	8	1	3.654446E+03	4.57906E+06
15	7	1	14	6	1	8.166414E+03	1.51354E+08
15	7	1	14	8	1	8.178295E+03	7.68724E+06
15	7	1	15	6	1	1.175834E+07	3.62552E-10
15	8	0	10	7	0	9.741629E+02	2.06052E+08
15	8	0	10	9	0	9.743553E+02	1.19996E+05
15	8	0	11	7	0	1.414603E+03	2.21984E+08
15	8	0	11	9	0	1.414940E+03	4.82362E+05
15	8	0	12	7	0	2.158554E+03	2.19077E+08
15	8	0	12	9	0	2.159214E+03	1.22966E+06
15	8	0	13	7	0	3.659588E+03	2.04353E+08
15	8	0	13	9	0	3.661207E+03	2.62540E+06
15	8	0	14	7	0	8.185182E+03	1.77497E+08
15	8	0	14	9	0	8.192166E+03	5.26718E+06
15	8	0	15	7	0	1.983143E+07	3.15380E-11
15	8	1	10	7	1	9.721165E+02	2.06052E+08
15	8	1	10	9	1	9.724149E+02	1.19996E+05
15	8	1	11	7	1	1.411707E+03	2.21984E+08
15	8	1	11	9	1	1.412205E+03	4.82362E+05
15	8	1	12	7	1	2.154224E+03	2.19077E+08
15	8	1	12	9	1	2.155161E+03	1.22966E+06
15	8	1	13	7	1	3.652332E+03	2.04353E+08
15	8	1	13	9	1	3.654553E+03	2.62540E+06
15	8	1	14	7	1	8.168722E+03	1.77497E+08
15	8	1	14	9	1	8.178027E+03	5.26718E+06
15	8	1	15	7	1	1.520982E+07	3.15380E-11
15	9	0	10	8	0	9.742319E+02	1.30556E+08
15	9	0	11	8	0	1.414710E+03	1.83632E+08
15	9	0	12	8	0	2.158734E+03	2.13113E+08
15	9	0	13	8	0	3.659951E+03	2.21444E+08
15	9	0	14	8	0	8.186376E+03	2.07242E+08
15	9	0	15	8	0	2.489854E+07	3.61910E-12
15	9	1	10	8	1	9.722332E+02	1.30556E+08
15	9	1	11	8	1	1.411880E+03	1.83632E+08
15	9	1	12	8	1	2.154503E+03	2.13113E+08
15	9	1	13	8	1	3.652870E+03	2.21444E+08
15	9	1	14	8	1	8.170404E+03	2.07242E+08
15	9	1	15	8	1	1.910220E+07	3.61910E-12
11	10	0	10	9	0	3.128553E+03	2.08345E+09
11	10	0	11	9	0	1.647419E+07	7.48255E-13
11	10	1	10	9	1	3.121632E+03	2.08345E+09
11	10	1	11	9	1	1.110655E+07	7.48255E-13
12	10	0	10	9	0	1.775444E+03	4.90792E+08
12	10	0	11	9	0	4.104022E+03	1.11676E+09
12	10	0	12	9	0	1.954996E+07	8.52635E-13
12	10	1	10	9	1	1.771673E+03	4.90792E+08
12	10	1	11	9	1	4.095290E+03	1.11676E+09
12	10	1	12	9	1	1.372213E+07	8.52635E-13
12	9	0	11	10	0	4.105906E+03	1.58976E+06
12	9	1	11	10	1	4.098024E+03	1.58976E+06
13	10	0	10	9	0	1.327617E+03	1.85201E+08
13	10	0	11	9	0	2.305989E+03	4.43966E+08
13	10	0	12	9	0	5.262019E+03	6.37787E+08
13	10	0	13	9	0	2.291213E+07	7.63528E-13
13	10	1	10	9	1	1.324860E+03	1.85201E+08
13	10	1	11	9	1	2.301277E+03	4.43966E+08
13	10	1	12	9	1	5.251240E+03	6.37787E+08
13	10	1	13	9	1	1.664337E+07	7.63528E-13
13	9	0	11	10	0	2.306544E+03	4.72986E+05
13	9	0	12	10	0	5.264645E+03	2.73375E+06
13	9	1	11	10	1	2.302073E+03	4.72986E+05
13	9	1	12	10	1	5.254909E+03	2.73375E+06
14	10	0	10	9	0	1.105841E+03	8.90692E+07
14	10	0	11	9	0	1.710239E+03	2.16437E+08
14	10	0	12	9	0	2.931681E+03	3.27370E+08
14	10	0	13	9	0	6.617968E+03	3.83711E+08
14	10	0	14	9	0	2.657172E+07	6.32345E-13
14	10	1	10	9	1	1.103583E+03	8.90692E+07
14	10	1	11	9	1	1.706823E+03	2.16437E+08
14	10	1	12	9	1	2.925912E+03	3.27370E+08
14	10	1	13	9	1	6.604902E+03	3.83711E+08
14	10	1	14	9	1	1.987834E+07	6.32345E-13
14	9	0	11	10	0	1.710527E+03	1.92210E+05
14	9	0	12	10	0	2.932444E+03	9.74649E+05
14	9	0	13	10	0	6.621530E+03	3.26992E+06
14	9	1	11	10	1	1.707232E+03	1.92210E+05
14	9	1	12	10	1	2.926967E+03	9.74649E+05
14	9	1	13	10	1	6.609721E+03	3.26992E+06
15	10	0	10	9	0	9.742861E+02	4.97355E+07
15	10	0	11	9	0	1.414794E+03	1.21523E+08
15	10	0	12	9	0	2.158874E+03	1.86265E+08
15	10	0	13	9	0	3.660230E+03	2.29695E+08
15	10	0	14	9	0	8.187276E+03	2.41110E+08
15	10	0	15	9	0	3.053995E+07	5.07985E-13
15	10	1	10	9	1	9.723250E+02	4.97355E+07
15	10	1	11	9	1	1.412016E+03	1.21523E+08
15	10	1	12	9	1	2.154720E+03	1.86265E+08
15	10	1	13	9	1	3.653284E+03	2.29695E+08
15	10	1	14	9	1	8.171677E+03	2.41110E+08
15	10	1	15	9	1	2.343567E+07	5.07985E-13
15	9	0	11	10	0	1.414981E+03	9.51466E+04
15	9	0	12	10	0	2.159265E+03	4.43696E+05
15	9	0	13	10	0	3.661253E+03	1.32467E+06
15	9	0	14	10	0	8.191996E+03	3.37966E+06
15	9	1	11	10	1	1.412280E+03	9.51466E+04
15	9	1	12	10	1	2.155257E+03	4.43696E+05
15	9	1	13	10	1	3.654656E+03	1.32467E+06
15	9	1	14	10	1	8.177890E+03	3.37966E+06
12	11	0	11	10	0	4.104329E+03	1.33758E+09
12	11	0	12	10	0	2.354160E+07	8.66434E-14
12	11	1	11	10	1	4.095785E+03	1.33758E+09
12	11	1	12	10	1	1.652701E+07	8.66434E-14
13	10	0	12	11	0	5.264613E+03	8.78527E+05
13	10	1	12	11	1	5.254921E+03	8.78527E+05
13	11	0	11	10	0	2.306119E+03	2.99034E+08
13	11	0	12	10	0	5.262432E+03	7.54556E+08
13	11	0	13	10	0	2.758468E+07	1.03256E-13
13	11	1	11	10	1	2.301490E+03	2.99034E+08
13	11	1	12	10	1	5.251874E+03	7.54556E+08
13	11	1	13	10	1	2.004088E+07	1.03256E-13
13	12	0	12	11	0	5.262761E+03	8.90321E+08
13	12	0	13	11	0	3.268935E+07	1.21489E-14
13	12	1	12	11	1	5.252382E+03	8.90321E+08
13	12	1	13	11	1	2.375410E+07	1.21489E-14
14	10	0	12	11	0	2.932486E+03	2.48587E+05
14	10	0	13	11	0	6.621469E+03	1.57710E+06
14	10	1	12	11	1	2.927054E+03	2.48587E+05
14	10	1	13	11	1	6.609703E+03	1.57710E+06
14	11	0	11	10	0	1.710325E+03	1.08206E+08
14	11	0	12	10	0	2.931852E+03	2.87650E+08
14	11	0	13	10	0	6.618510E+03	4.49197E+08
14	11	0	13	12	0	6.621440E+03	5.08609E+05
14	11	0	14	10	0	3.198465E+07	9.60376E-14
14	11	1	11	10	1	1.706963E+03	1.08206E+08
14	11	1	12	10	1	2.926178E+03	2.87650E+08
14	11	1	13	10	1	6.605700E+03	4.49197E+08
14	11	1	13	12	1	6.609717E+03	5.08609E+05
14	11	1	14	10	1	2.393203E+07	9.60376E-14
14	12	0	12	11	0	2.931990E+03	1.89246E+08
14	12	0	13	11	0	6.618943E+03	5.24500E+08
14	12	0	14	11	0	3.789889E+07	1.50421E-14
14	12	1	12	11	1	2.926394E+03	1.89246E+08
14	12	1	13	11	1	6.606339E+03	5.24500E+08
14	12	1	14	11	1	2.836155E+07	1.50421E-14
14	13	0	13	12	0	6.619294E+03	6.11078E+08
14	13	0	14	12	0	4.431053E+07	1.99900E-15
14	13	1	13	12	1	6.606860E+03	6.11078E+08
14	13	1	14	12	1	3.316530E+07	1.99900E-15
15	10	0	12	11	0	2.159311E+03	9.69636E+04
15	10	0	13	11	0	3.661300E+03	5.37643E+05
15	10	0	14	11	0	8.191897E+03	1.95743E+06
15	10	1	12	11	1	2.155339E+03	9.69636E+04
15	10	1	13	11	1	3.654753E+03	5.37643E+05
15	10	1	14	11	1	8.177831E+03	1.95743E+06
15	11	0	11	10	0	1.414861E+03	5.02960E+07
15	11	0	12	10	0	2.158986E+03	1.35532E+08
15	11	0	13	10	0	3.660450E+03	2.22861E+08
15	11	0	13	12	0	3.661346E+03	1.37117E+05
15	11	0	14	10	0	8.187975E+03	2.79684E+08
15	11	0	14	12	0	8.191842E+03	9.47280E+05
15	11	0	15	10	0	3.675390E+07	8.21620E-14
15	11	1	11	10	1	1.412124E+03	5.02960E+07
15	11	1	12	10	1	2.154894E+03	1.35532E+08
15	11	1	13	10	1	3.653613E+03	2.22861E+08
15	11	1	13	12	1	3.654842E+03	1.37117E+05
15	11	1	14	10	1	8.172669E+03	2.79684E+08
15	11	1	14	12	1	8.177818E+03	9.47280E+05
15	11	1	15	10	1	2.821113E+07	8.21620E-14
15	12	0	12	11	0	2.159077E+03	6.57124E+07
15	12	0	13	11	0	3.660628E+03	1.91870E+08
15	12	0	14	11	0	8.188531E+03	3.23618E+08
15	12	0	14	13	0	8.191815E+03	3.06384E+05
15	12	0	15	11	0	4.354452E+07	1.44560E-14
15	12	1	12	11	1	2.155036E+03	6.57124E+07
15	12	1	13	11	1	3.653880E+03	1.91870E+08
15	12	1	14	11	1	8.173462E+03	3.23618E+08
15	12	1	14	13	1	8.177834E+03	3.06384E+05
15	12	1	15	11	1	3.342693E+07	1.44560E-14
15	13	0	13	12	0	3.660775E+03	1.23726E+08
15	13	0	14	12	0	8.188983E+03	3.73653E+08
15	13	0	15	12	0	5.090354E+07	2.55797E-15
15	13	1	13	12	1	3.654100E+03	1.23726E+08
15	13	1	14	12	1	8.174108E+03	3.73653E+08
15	13	1	15	12	1	3.908387E+07	2.55797E-15
15	14	0	14	13	0	8.189357E+03	4.30625E+08
15	14	0	15	13	0	5.884084E+07	3.76740E-16
15	14	1	14	13	1	8.174644E+03	4.30625E+08
15	14	1	15	13	1	4.518344E+07	3.76740E-16
100	0	0	0	0	0	1.0	1.0
