 2	0	0	3	1	1	0	0	1	1	5.101500409288033	1430000.0
 2	1	1	3	1	1	0	0	1	1	5.064723132194833	194065555555.55554
 2	1	1	1	1	1	0	0	1	1	5.038726220559875	65500000000000.0
 3	1	1	3	1	1	0	0	1	1	4.304297061642747	61666666666.666664
 3	1	1	1	1	1	0	0	1	1	4.299149135862414	20300000000000.0
 4	1	1	1	1	1	0	0	1	1	4.088500918656079	7530000000000.0
 5	1	1	1	1	1	0	0	1	1	3.997760155546703	3820000000000.0
 6	1	1	1	1	1	0	0	1	1	3.950118939162457	2190000000000.0
 7	1	1	1	1	1	0	0	1	1	3.9219336120404145	1380000000000.0
 8	1	1	1	1	1	0	0	1	1	3.9038530148105877	921000000000.0
 9	1	1	1	1	1	0	0	1	1	3.8915525614328534	645000000000.0
10	1	1	1	1	1	0	0	1	1	3.882801371441583	470000000000.0
 2	1	1	3	1	 2	0	0	3	1	702.5448639480572	226222222.22222224
 2	1	1	1	1	 2	0	0	3	1	409.4846050148326	10000000.0
 3	1	1	3	1	 2	0	0	3	1	27.5442561631566	1092222222222.2222
 4	1	1	3	1	 2	0	0	3	1	20.638333992346855	505555555555.55554
 3	0	0	3	1	 2	1	1	3	1	28.996037485602592	361200000000.0
 3	2	2	3	1	 2	1	1	3	1	28.482464933614498	2662666666666.6665
 4	2	2	3	1	 2	1	1	3	1	21.220545101642802	904000000000.0
 2	1	1	1	1	 2	0	0	1	1	991.9416547835548	81700000.0
 3	1	1	1	1	 2	0	0	1	1	28.449960849839467	1130000000000.0
 4	1	1	1	1	 2	0	0	1	1	21.216245904089693	488000000000.0
 3	0	0	1	1	 2	1	1	1	1	29.54383039094712	418000000000.0
 3	2	2	1	1	 2	1	1	1	1	29.31769752037242	2800000000000.0
 4	2	2	1	1	 2	1	1	1	1	21.685903557659145	1030000000000.0
 4	1	1	3	1	 3	0	0	3	1	79.72793085621491	152555555555.55554
 4	1	1	1	1	 3	0	0	1	1	81.44945044435485	150000000000.0
 4	2	2	3	1	 3	1	1	3	1	81.68379906976918	295800000000.0
 4	2	2	1	1	 3	1	1	1	1	83.53105784778514	360000000000.0
 2	0	0	1	1	 2	0	0	3	1	717.3813451399959	2.693
 2	0	0	1	1	 2	1	1	3	1	838812.2977560261	647.5
11	1	1	1	1	1	0	0	1	1	3.890069393284535	683500000000.0
12	1	1	1	1	1	0	0	1	1	3.8851482983271235	624200000000.0
13	1	1	1	1	1	0	0	1	1	3.881326828177746	624100000000.0
14	1	1	1	1	1	0	0	1	1	3.8782997315141436	734700000000.0
15	1	1	1	1	1	0	0	1	1	3.8758608564787296	1375000000000.0
 5	1	1	3	1	 2	0	0	3	1	18.586119274700206	244200000000.0
 6	1	1	3	1	 2	0	0	3	1	17.59335878076899	138300000000.0
 7	1	1	3	1	 2	0	0	3	1	17.044925718636318	84740000000.0
 8	1	1	3	1	 2	0	0	3	1	16.707153443885623	55180000000.0
 9	1	1	3	1	 2	0	0	3	1	16.48331261317892	37250000000.0
10	1	1	3	1	 2	0	0	3	1	16.326909589707434	25810000000.0
11	1	1	3	1	 2	0	0	3	1	16.21312387938279	18120000000.0
12	1	1	3	1	 2	0	0	3	1	16.127660091791157	12640000000.0
13	1	1	3	1	 2	0	0	3	1	16.061785054988803	8455000000.0
14	1	1	3	1	 2	0	0	3	1	16.009906810311758	4818000000.0
15	1	1	3	1	 2	0	0	3	1	15.968304112889317	860600000.0
 4	0	0	3	1	 2	1	1	3	1	21.373102902459195	142200000000.0
 5	0	0	3	1	 2	1	1	3	1	19.06347699096061	65800000000.0
 5	2	2	3	1	 2	1	1	3	1	19.02235378337929	494300000000.0
 6	0	0	3	1	 2	1	1	3	1	18.010407358106946	34370000000.0
 6	2	2	3	1	 2	1	1	3	1	17.989316778472	268700000000.0
 7	0	0	3	1	 2	1	1	3	1	17.431333554093488	19390000000.0
 7	2	2	3	1	 2	1	1	3	1	17.418950711467048	162200000000.0
 8	0	0	3	1	 2	1	1	3	1	17.075673143305476	11300000000.0
 8	2	2	3	1	 2	1	1	3	1	17.06773690510161	104900000000.0
 9	0	0	3	1	 2	1	1	3	1	16.84043074718607	6753000000.0
 9	2	2	3	1	 2	1	1	3	1	16.835023972722652	71410000000.0
10	0	0	3	1	 2	1	1	3	1	16.67628140137878	3973000000.0
10	2	2	3	1	 2	1	1	3	1	16.672424929139112	50380000000.0
11	0	0	3	1	 2	1	1	3	1	16.556980205229845	2194000000.0
11	2	2	3	1	 2	1	1	3	1	16.554129644266673	36400000000.0
12	0	0	3	1	 2	1	1	3	1	16.46744380266478	1016000000.0
12	2	2	3	1	 2	1	1	3	1	16.46527575237555	26600000000.0
13	0	0	3	1	 2	1	1	3	1	16.398472676310323	258200000.0
13	2	2	3	1	 2	1	1	3	1	16.396784771300055	19280000000.0
14	0	0	3	1	 2	1	1	3	1	16.344183762693568	25240000.0
14	2	2	3	1	 2	1	1	3	1	16.34284404625512	13150000000.0
15	0	0	3	1	 2	1	1	3	1	16.300665886673556	2627000000.0
15	2	2	3	1	 2	1	1	3	1	16.29958585356164	6144000000.0
 5	1	1	1	1	 2	0	0	1	1	19.06786389865414	259900000000.0
 6	1	1	1	1	 2	0	0	1	1	18.032408892142428	154100000000.0
 7	1	1	1	1	 2	0	0	1	1	17.460486315232515	99650000000.0
 8	1	1	1	1	 2	0	0	1	1	17.108203134242807	69180000000.0
 9	1	1	1	1	 2	0	0	1	1	16.87475550082646	50470000000.0
10	1	1	1	1	 2	0	0	1	1	16.71161922611285	38550000000.0
11	1	1	1	1	 2	0	0	1	1	16.592919144810807	30730000000.0
12	1	1	1	1	 2	0	0	1	1	16.503752526594	25640000000.0
13	1	1	1	1	 2	0	0	1	1	16.435014753568534	22690000000.0
14	1	1	1	1	 2	0	0	1	1	16.38087554359171	22250000000.0
15	1	1	1	1	 2	0	0	1	1	16.337454375834188	29760000000.0
 4	0	0	1	1	 2	1	1	1	1	21.77989771490244	160900000000.0
 5	0	0	1	1	 2	1	1	1	1	19.414934444775856	85120000000.0
 5	2	2	1	1	 2	1	1	1	1	19.399628961093605	472200000000.0
 6	0	0	1	1	 2	1	1	1	1	18.334794214527882	51790000000.0
 6	2	2	1	1	 2	1	1	1	1	18.326878226444308	259300000000.0
 7	0	0	1	1	 2	1	1	1	1	17.740182641381836	34720000000.0
 7	2	2	1	1	 2	1	1	1	1	17.73551853444625	159200000000.0
 8	0	0	1	1	 2	1	1	1	1	17.374690033806537	25250000000.0
 8	2	2	1	1	 2	1	1	1	1	17.3717015357673	105800000000.0
 9	0	0	1	1	 2	1	1	1	1	17.132808324980267	19380000000.0
 9	2	2	1	1	 2	1	1	1	1	17.13077194948166	74390000000.0
10	0	0	1	1	 2	1	1	1	1	16.96394572014637	15710000000.0
10	2	2	1	1	 2	1	1	1	1	16.962494134555595	54800000000.0
11	0	0	1	1	 2	1	1	1	1	16.841170667943103	13430000000.0
11	2	2	1	1	 2	1	1	1	1	16.84009907797822	42040000000.0
12	0	0	1	1	 2	1	1	1	1	16.74899647487514	12200000000.0
12	2	2	1	1	 2	1	1	1	1	16.748183045427773	33530000000.0
13	0	0	1	1	 2	1	1	1	1	16.677973124031237	12020000000.0
13	2	2	1	1	 2	1	1	1	1	16.67734164050976	27970000000.0
14	0	0	1	1	 2	1	1	1	1	16.622054811135474	13700000000.0
14	2	2	1	1	 2	1	1	1	1	16.621555821984813	25060000000.0
15	0	0	1	1	 2	1	1	1	1	16.5772202786881	23240000000.0
15	2	2	1	1	 2	1	1	1	1	16.57682170395478	27650000000.0
 5	1	1	3	1	 3	0	0	3	1	55.33991677594907	79920000000.0
 6	1	1	3	1	 3	0	0	3	1	47.379497239358535	46290000000.0
 7	1	1	3	1	 3	0	0	3	1	43.60141996011889	28830000000.0
 8	1	1	3	1	 3	0	0	3	1	41.457398614536444	19040000000.0
 9	1	1	3	1	 3	0	0	3	1	40.10593895108298	13080000000.0
10	1	1	3	1	 3	0	0	3	1	39.19244082493279	9266000000.0
11	1	1	3	1	 3	0	0	3	1	38.543109879775706	6699000000.0
12	1	1	3	1	 3	0	0	3	1	38.06359658978924	4884000000.0
13	1	1	3	1	 3	0	0	3	1	37.69868161640856	3520000000.0
14	1	1	3	1	 3	0	0	3	1	37.41412777881702	2372000000.0
15	1	1	3	1	 3	0	0	3	1	37.1877108155281	1065000000.0
 4	0	0	3	1	 3	1	1	3	1	83.48811654351044	108300000000.0
 5	0	0	3	1	 3	1	1	3	1	56.669096529672096	51230000000.0
 5	2	2	3	1	 3	1	1	3	1	56.307244364644895	172700000000.0
 6	0	0	3	1	 3	1	1	3	1	48.277863692262144	27630000000.0
 6	2	2	3	1	 3	1	1	3	1	48.12661776247256	95840000000.0
 7	0	0	3	1	 3	1	1	3	1	44.33030552164095	16350000000.0
 7	2	2	3	1	 3	1	1	3	1	44.25030648496635	58550000000.0
 8	0	0	3	1	 3	1	1	3	1	42.100265591609016	10260000000.0
 8	2	2	3	1	 3	1	1	3	1	42.05205605112152	38270000000.0
 9	0	0	3	1	 3	1	1	3	1	40.6985860881598	6736000000.0
 9	2	2	3	1	 3	1	1	3	1	40.667022017167014	26320000000.0
10	0	0	3	1	 3	1	1	3	1	39.752925771289	4533000000.0
10	2	2	3	1	 3	1	1	3	1	39.73101836218264	18790000000.0
11	0	0	3	1	 3	1	1	3	1	39.08164168775558	3078000000.0
11	2	2	3	1	 3	1	1	3	1	39.065763096747105	13790000000.0
12	0	0	3	1	 3	1	1	3	1	38.58642005471597	2058000000.0
12	2	2	3	1	 3	1	1	3	1	38.574518350495175	10300000000.0
13	0	0	3	1	 3	1	1	3	1	38.20984848285799	1290000000.0
13	2	2	3	1	 3	1	1	3	1	38.2006855948473	7742000000.0
14	0	0	3	1	 3	1	1	3	1	37.91638990399893	643800000.0
14	2	2	3	1	 3	1	1	3	1	37.90918059913498	5691000000.0
15	0	0	3	1	 3	1	1	3	1	37.683005611246074	45330000.0
15	2	2	3	1	 3	1	1	3	1	37.67723423078475	3536000000.0
 5	1	1	1	1	 3	0	0	1	1	56.32870065659452	81990000000.0
 6	1	1	1	1	 3	0	0	1	1	48.15937807182241	48800000000.0
 7	1	1	1	1	 3	0	0	1	1	44.285306144434266	31410000000.0
 8	1	1	1	1	 3	0	0	1	1	42.087237517926134	21580000000.0
 9	1	1	1	1	 3	0	0	1	1	40.70203234621427	15550000000.0
10	1	1	1	1	 3	0	0	1	1	39.7657227059462	11690000000.0
11	1	1	1	1	 3	0	0	1	1	39.10014775909306	9130000000.0
12	1	1	1	1	 3	0	0	1	1	38.6086072332889	7411000000.0
13	1	1	1	1	 3	0	0	1	1	38.234511855951865	6301000000.0
14	1	1	1	1	 3	0	0	1	1	37.94277630179719	5784000000.0
15	1	1	1	1	 3	0	0	1	1	37.710624089965016	6682000000.0
 4	1	1	3	1	 3	2	2	3	1	83.84810973207996	19700000000.0
 4	3	3	3	1	 3	2	2	3	1	83.25662436394094	698800000000.0
 5	1	1	3	1	 3	2	2	3	1	57.06611988272085	8384000000.0
 5	3	3	3	1	 3	2	2	3	1	56.92647125303397	230500000000.0
 6	1	1	3	1	 3	2	2	3	1	48.63915187506672	4348000000.0
 6	3	3	3	1	 3	2	2	3	1	48.58068782064368	108900000000.0
 7	1	1	3	1	 3	2	2	3	1	44.66593577536889	2552000000.0
 7	3	3	3	1	 3	2	2	3	1	44.63499515189315	61270000000.0
 8	1	1	3	1	 3	2	2	3	1	42.41864311331294	1631000000.0
 8	3	3	3	1	 3	2	2	3	1	42.3999055127206	38260000000.0
 9	1	1	3	1	 3	2	2	3	1	41.00485475129317	1103000000.0
 9	3	3	3	1	 3	2	2	3	1	40.99258345998235	25640000000.0
10	1	1	3	1	 3	2	2	3	1	40.050435519098045	778900000.0
10	3	3	3	1	 3	2	2	3	1	40.04191731109923	18080000000.0
11	1	1	3	1	 3	2	2	3	1	39.372609127132336	568000000.0
11	3	3	3	1	 3	2	2	3	1	39.36643490569588	13250000000.0
12	1	1	3	1	 3	2	2	3	1	38.872368145546574	424000000.0
12	3	3	3	1	 3	2	2	3	1	38.86774061783405	10010000000.0
13	1	1	3	1	 3	2	2	3	1	38.49185857890642	321100000.0
13	3	3	3	1	 3	2	2	3	1	38.48829659617548	7751000000.0
14	1	1	3	1	 3	2	2	3	1	38.19525190450648	242600000.0
14	3	3	3	1	 3	2	2	3	1	38.19245038816258	6113000000.0
15	1	1	3	1	 3	2	2	3	1	37.95931189049774	170800000.0
15	3	3	3	1	 3	2	2	3	1	37.957071058885475	4864000000.0
 4	3	3	1	1	 3	2	2	1	1	83.34475195676355	698200000000.0
 4	1	1	1	1	 3	2	2	1	1	83.13947781491393	16950000000.0
 5	3	3	1	1	 3	2	2	1	1	56.967715373609316	229900000000.0
 5	1	1	1	1	 3	2	2	1	1	56.919894449811665	7366000000.0
 6	3	3	1	1	 3	2	2	1	1	48.61077464526782	108600000000.0
 6	1	1	1	1	 3	2	2	1	1	48.59086891268279	3892000000.0
 7	3	3	1	1	 3	2	2	1	1	44.66042367827207	61090000000.0
 7	1	1	1	1	 3	2	2	1	1	44.64990579206195	2330000000.0
 8	3	3	1	1	 3	2	2	1	1	42.42286959395242	38160000000.0
 8	1	1	1	1	 3	2	2	1	1	42.416407596380196	1521000000.0
 9	3	3	1	1	 3	2	2	1	1	41.014059974167466	25590000000.0
10	3	3	1	1	 3	2	2	1	1	40.06241678900288	18060000000.0
11	3	3	1	1	 3	2	2	1	1	39.38625369597236	13260000000.0
12	3	3	1	1	 3	2	2	1	1	38.88706402866743	10050000000.0
13	3	3	1	1	 3	2	2	1	1	38.507247126399484	7810000000.0
14	3	3	1	1	 3	2	2	1	1	38.21111259452854	6212000000.0
15	3	3	1	1	 3	2	2	1	1	37.97550536468729	5074000000.0
 4	0	0	1	1	 3	1	1	1	1	84.3829912578048	105800000000.0
 5	0	0	1	1	 3	1	1	1	1	57.327706059344095	53010000000.0
 5	2	2	1	1	 3	1	1	1	1	57.19446555230266	171700000000.0
 6	0	0	1	1	 3	1	1	1	1	48.83303686602572	30560000000.0
 6	2	2	1	1	 3	1	1	1	1	48.77692318838447	95210000000.0
 7	0	0	1	1	 3	1	1	1	1	44.83091281305644	19500000000.0
 7	2	2	1	1	 3	1	1	1	1	44.80113908894079	58520000000.0
 8	0	0	1	1	 3	1	1	1	1	42.56801755719508	13450000000.0
 8	2	2	1	1	 3	1	1	1	1	42.55008354780376	38760000000.0
 9	0	0	1	1	 3	1	1	1	1	41.14484911335012	9813000000.0
 9	2	2	1	1	 3	1	1	1	1	41.133106646069045	27110000000.0
10	0	0	1	1	 3	1	1	1	1	40.1842344169646	7521000000.0
10	2	2	1	1	 3	1	1	1	1	40.17609019816257	19810000000.0
11	0	0	1	1	 3	1	1	1	1	39.50207391086169	6033000000.0
11	2	2	1	1	 3	1	1	1	1	39.4961788716677	15030000000.0
12	0	0	1	1	 3	1	1	1	1	38.998668415732915	5076000000.0
12	2	2	1	1	 3	1	1	1	1	38.99425866696719	11790000000.0
13	0	0	1	1	 3	1	1	1	1	38.615769995048524	4538000000.0
13	2	2	1	1	 3	1	1	1	1	38.61238480347086	9592000000.0
14	0	0	1	1	 3	1	1	1	1	38.317310228865765	4496000000.0
14	2	2	1	1	 3	1	1	1	1	38.314658710149146	8216000000.0
15	0	0	1	1	 3	1	1	1	1	38.079895863309524	5973000000.0
15	2	2	1	1	 3	1	1	1	1	38.07779274208079	8106000000.0
 5	1	1	3	1	 4	0	0	3	1	174.16862636470177	35150000000.0
 6	1	1	3	1	 4	0	0	3	1	113.92637328645496	21480000000.0
 7	1	1	3	1	 4	0	0	3	1	94.28220076035191	13580000000.0
 8	1	1	3	1	 4	0	0	3	1	84.79915864916572	9044000000.0
 9	1	1	3	1	 4	0	0	3	1	79.33116822507517	6266000000.0
10	1	1	3	1	 4	0	0	3	1	75.83486239855773	4482000000.0
11	1	1	3	1	 4	0	0	3	1	73.44086474112761	3282000000.0
12	1	1	3	1	 4	0	0	3	1	71.71932114429971	2437000000.0
13	1	1	3	1	 4	0	0	3	1	70.434689911713	1809000000.0
14	1	1	3	1	 4	0	0	3	1	69.44784694002703	1296000000.0
15	1	1	3	1	 4	0	0	3	1	68.67175915163693	740000000.0
 5	0	0	3	1	 4	1	1	3	1	181.02193185424156	37700000000.0
 5	2	2	3	1	 4	1	1	3	1	177.38061916381574	73800000000.0
 6	0	0	3	1	 4	1	1	3	1	116.39658635498247	20310000000.0
 6	2	2	3	1	 4	1	1	3	1	115.52129507257897	43340000000.0
 7	0	0	3	1	 4	1	1	3	1	95.82378882007102	12000000000.0
 7	2	2	3	1	 4	1	1	3	1	95.45077874315109	26900000000.0
 8	0	0	3	1	 4	1	1	3	1	85.97927655222107	7605000000.0
 8	2	2	3	1	 4	1	1	3	1	85.77844456981654	17730000000.0
 9	0	0	3	1	 4	1	1	3	1	80.32923085090877	5074000000.0
 9	2	2	3	1	 4	1	1	3	1	80.20635862455872	12270000000.0
10	0	0	3	1	 4	1	1	3	1	76.7267066142308	3504000000.0
10	2	2	3	1	 4	1	1	3	1	76.64513794232025	8807000000.0
11	0	0	3	1	 4	1	1	3	1	74.26467680966292	2473000000.0
11	2	2	3	1	 4	1	1	3	1	74.20736130295408	6506000000.0
12	0	0	3	1	 4	1	1	3	1	72.49663525824904	1757000000.0
12	2	2	3	1	 4	1	1	3	1	72.45463439921787	4905000000.0
13	0	0	3	1	 4	1	1	3	1	71.17866557624238	1226000000.0
13	2	2	3	1	 4	1	1	3	1	71.14687549924439	3739000000.0
14	0	0	3	1	 4	1	1	3	1	70.1670222932229	785600000.0
14	2	2	3	1	 4	1	1	3	1	70.14233717039583	2825000000.0
15	0	0	3	1	 4	1	1	3	1	69.37193291759623	307000000.0
15	2	2	3	1	 4	1	1	3	1	69.35237600500183	1926000000.0
 5	1	1	1	1	 4	0	0	1	1	177.08408570031435	35550000000.0
 6	1	1	1	1	 4	0	0	1	1	115.49366792433877	22040000000.0
 7	1	1	1	1	 4	0	0	1	1	95.46585983467858	14240000000.0
 8	1	1	1	1	 4	0	0	1	1	85.80547827553147	9742000000.0
 9	1	1	1	1	 4	0	0	1	1	80.23818977972695	6980000000.0
10	1	1	1	1	 4	0	0	1	1	76.67899266136685	5208000000.0
11	1	1	1	1	 4	0	0	1	1	74.2421003566726	4027000000.0
12	1	1	1	1	 4	0	0	1	1	72.48973933728206	3225000000.0
13	1	1	1	1	 4	0	0	1	1	71.18209404465743	2689000000.0
14	1	1	1	1	 4	0	0	1	1	70.17753931844513	2386000000.0
15	1	1	1	1	 4	0	0	1	1	69.38748080551572	2543000000.0
 5	1	1	3	1	 4	2	2	3	1	181.25407274711284	10530000000.0
 5	3	3	3	1	 4	2	2	3	1	179.85271556450303	130900000000.0
 6	1	1	3	1	 4	2	2	3	1	116.91593480165433	5215000000.0
 6	3	3	3	1	 4	2	2	3	1	116.57870015071256	65240000000.0
 7	1	1	3	1	 4	2	2	3	1	96.32045211317111	2966000000.0
 7	3	3	3	1	 4	2	2	3	1	96.17668305119717	37220000000.0
 8	1	1	3	1	 4	2	2	3	1	86.44443207910123	1858000000.0
 8	3	3	3	1	 4	2	2	3	1	86.36665073924814	23380000000.0
 9	1	1	3	1	 4	2	2	3	1	80.76930337893967	1242000000.0
 9	3	3	3	1	 4	2	2	3	1	80.7217056352867	15720000000.0
10	1	1	3	1	 4	2	2	3	1	77.14797801584034	871900000.0
10	3	3	3	1	 4	2	2	3	1	77.11637727236896	11110000000.0
11	1	1	3	1	 4	2	2	3	1	74.67170981870939	634400000.0
11	3	3	3	1	 4	2	2	3	1	74.64950511673494	8151000000.0
12	1	1	3	1	 4	2	2	3	1	72.89267656223983	474300000.0
12	3	3	3	1	 4	2	2	3	1	72.87640648628613	6166000000.0
13	1	1	3	1	 4	2	2	3	1	71.5660561305623	361500000.0
13	3	3	3	1	 4	2	2	3	1	71.5537439865994	4778000000.0
14	1	1	3	1	 4	2	2	3	1	70.54748519135626	277500000.0
14	3	3	3	1	 4	2	2	3	1	70.5379284353788	3774000000.0
15	1	1	3	1	 4	2	2	3	1	69.7467673385177	206100000.0
15	3	3	3	1	 4	2	2	3	1	69.73920250701954	3013000000.0
 5	2	2	3	1	 4	3	3	3	1	180.0871996246334	2578000000.0
 5	4	4	3	1	 4	3	3	3	1	180.0013636778677	215500000000.0
 6	2	2	3	1	 4	3	3	3	1	116.66319447069512	1096000000.0
 6	4	4	3	1	 4	3	3	3	1	116.64133906433776	69540000000.0
 7	2	2	3	1	 4	3	3	3	1	96.2290258164131	574100000.0
 7	4	4	3	1	 4	3	3	3	1	96.21940481183168	32710000000.0
 8	2	2	3	1	 4	3	3	3	1	86.4064396018341	342600000.0
 8	4	4	3	1	 4	3	3	3	1	86.40115384049159	18450000000.0
 9	2	2	3	1	 4	3	3	3	1	80.75515468369824	222600000.0
 9	4	4	3	1	 4	3	3	3	1	80.75187549710495	11590000000.0
10	2	2	3	1	 4	3	3	3	1	77.14612981993244	153700000.0
10	4	4	3	1	 4	3	3	3	1	77.14393097797868	7828000000.0
11	2	2	3	1	 4	3	3	3	1	74.6768932660842	110900000.0
11	4	4	3	1	 4	3	3	3	1	74.6753364342519	5564000000.0
12	2	2	3	1	 4	3	3	3	1	72.90218137184998	82890000.0
12	4	4	3	1	 4	3	3	3	1	72.90103364475371	4113000000.0
13	2	2	3	1	 4	3	3	3	1	71.57836430481063	63670000.0
13	4	4	3	1	 4	3	3	3	1	71.57749124434312	3134000000.0
14	2	2	3	1	 4	3	3	3	1	70.56169151505085	50030000.0
14	4	4	3	1	 4	3	3	3	1	70.56101053060813	2447000000.0
15	2	2	3	1	 4	3	3	3	1	69.76231018347067	40040000.0
15	4	4	3	1	 4	3	3	3	1	69.7617680372034	1951000000.0
 5	4	4	1	1	 4	3	3	1	1	180.0043673226668	215500000000.0
 5	2	2	1	1	 4	3	3	1	1	179.96491127963426	2547000000.0
 6	4	4	1	1	 4	3	3	1	1	116.64259982550222	69530000000.0
 6	2	2	1	1	 4	3	3	1	1	116.63266059111244	1082000000.0
 7	4	4	1	1	 4	3	3	1	1	96.22026341841988	32710000000.0
 7	2	2	1	1	 4	3	3	1	1	96.21591832683043	567300000.0
 8	4	4	1	1	 4	3	3	1	1	86.40184677847274	18450000000.0
 8	2	2	1	1	 4	3	3	1	1	86.39946269127984	338600000.0
 9	4	4	1	1	 4	3	3	1	1	80.75248123345561	11590000000.0
 9	2	2	1	1	 4	3	3	1	1	80.7510057319633	220100000.0
10	4	4	1	1	 4	3	3	1	1	77.14448411418444	7827000000.0
10	2	2	1	1	 4	3	3	1	1	77.14349627735287	152000000.0
11	4	4	1	1	 4	3	3	1	1	74.67585496322197	5564000000.0
11	2	2	1	1	 4	3	3	1	1	74.67515626858909	109800000.0
12	4	4	1	1	 4	3	3	1	1	72.90152798953	4113000000.0
12	2	2	1	1	 4	3	3	1	1	72.90101322089818	82080000.0
13	4	4	1	1	 4	3	3	1	1	71.57796792289776	3134000000.0
13	2	2	1	1	 4	3	3	1	1	71.57757645582693	63110000.0
14	4	4	1	1	 4	3	3	1	1	70.56147385666223	2447000000.0
14	2	2	1	1	 4	3	3	1	1	70.56116847781632	49650000.0
15	4	4	1	1	 4	3	3	1	1	69.76222099593606	1951000000.0
 5	3	3	1	1	 4	2	2	1	1	180.07395401597435	130900000000.0
 5	1	1	1	1	 4	2	2	1	1	179.59700159773703	9238000000.0
 6	3	3	1	1	 4	2	2	1	1	116.67191697674562	65160000000.0
 6	1	1	1	1	 4	2	2	1	1	116.55731375632836	4647000000.0
 7	3	3	1	1	 4	2	2	1	1	96.24026644682485	37160000000.0
 7	1	1	1	1	 4	2	2	1	1	96.19143739248301	2677000000.0
 8	3	3	1	1	 4	2	2	1	1	86.41800045554288	23340000000.0
 8	1	1	1	1	 4	2	2	1	1	86.39118985551556	1701000000.0
 9	3	3	1	1	 4	2	2	1	1	80.76660685508085	15700000000.0
 9	1	1	1	1	 4	2	2	1	1	80.75013526714399	1155000000.0
10	3	3	1	1	 4	2	2	1	1	77.15738504400431	11100000000.0
11	3	3	1	1	 4	2	2	1	1	74.68794958166819	8153000000.0
12	3	3	1	1	 4	2	2	1	1	72.9130588833736	6177000000.0
13	3	3	1	1	 4	2	2	1	1	71.58908688048422	4800000000.0
14	3	3	1	1	 4	2	2	1	1	70.57228140156117	3813000000.0
15	3	3	1	1	 4	2	2	1	1	69.77278669279065	3100000000.0
 5	0	0	1	1	 4	1	1	1	1	182.26962128016046	36620000000.0
 5	2	2	1	1	 4	1	1	1	1	180.92950833995627	75770000000.0
 6	0	0	1	1	 4	1	1	1	1	117.36062645694652	20490000000.0
 6	2	2	1	1	 4	1	1	1	1	117.0370429651381	43850000000.0
 7	0	0	1	1	 4	1	1	1	1	96.6291666393292	12650000000.0
 7	2	2	1	1	 4	1	1	1	1	96.49094967931141	27180000000.0
 8	0	0	1	1	 4	1	1	1	1	86.69552763595047	8478000000.0
 8	2	2	1	1	 4	1	1	1	1	86.62117193023532	18020000000.0
 9	0	0	1	1	 4	1	1	1	1	80.99012657873662	6023000000.0
 9	2	2	1	1	 4	1	1	1	1	80.9446411227515	12580000000.0
10	0	0	1	1	 4	1	1	1	1	77.35036849968049	4493000000.0
10	2	2	1	1	 4	1	1	1	1	77.32019807601253	9169000000.0
11	0	0	1	1	 4	1	1	1	1	74.8618885701618	3499000000.0
11	2	2	1	1	 4	1	1	1	1	74.84071907754038	6922000000.0
12	0	0	1	1	 4	1	1	1	1	73.07427529101187	2842000000.0
12	2	2	1	1	 4	1	1	1	1	73.05879424084974	5394000000.0
13	0	0	1	1	 4	1	1	1	1	71.74135798249795	2424000000.0
13	2	2	1	1	 4	1	1	1	1	71.7296748209441	4339000000.0
14	0	0	1	1	 4	1	1	1	1	70.71800450263436	2237000000.0
14	2	2	1	1	 4	1	1	1	1	70.70897343177187	3641000000.0
15	0	0	1	1	 4	1	1	1	1	69.91353884381923	2576000000.0
15	2	2	1	1	 4	1	1	1	1	69.90645000138507	3403000000.0
 6	1	1	3	1	 5	0	0	3	1	321.6417406208684	11480000000.0
 7	1	1	3	1	 5	0	0	3	1	202.51498331506392	7608000000.0
 8	1	1	3	1	 5	0	0	3	1	163.29142688206457	5118000000.0
 9	1	1	3	1	 5	0	0	3	1	144.15793296037864	3566000000.0
10	1	1	3	1	 5	0	0	3	1	133.01414038603693	2564000000.0
11	1	1	3	1	 5	0	0	3	1	125.820225307791	1890000000.0
12	1	1	3	1	 5	0	0	3	1	120.85038350389823	1416000000.0
13	1	1	3	1	 5	0	0	3	1	117.24704036397645	1067000000.0
14	1	1	3	1	 5	0	0	3	1	114.53776436230532	788200000.0
15	1	1	3	1	 5	0	0	3	1	112.44195876648851	500400000.0
 6	0	0	3	1	 5	1	1	3	1	333.988824371882	15560000000.0
 6	2	2	3	1	 5	1	1	3	1	326.8820373330382	22160000000.0
 7	0	0	3	1	 5	1	1	3	1	206.6706304734718	9145000000.0
 7	2	2	3	1	 5	1	1	3	1	204.94328105137956	14470000000.0
 8	0	0	3	1	 5	1	1	3	1	165.74115306311833	5753000000.0
 8	2	2	3	1	 5	1	1	3	1	164.99647946682816	9663000000.0
 9	0	0	3	1	 5	1	1	3	1	145.9520897076359	3834000000.0
 9	2	2	3	1	 5	1	1	3	1	145.54696866544563	6725000000.0
10	0	0	3	1	 5	1	1	3	1	134.47970235033648	2663000000.0
10	2	2	3	1	 5	1	1	3	1	134.22932423450743	4849000000.0
11	0	0	3	1	 5	1	1	3	1	127.09473221861339	1902000000.0
11	2	2	3	1	 5	1	1	3	1	126.92695836688435	3597000000.0
12	0	0	3	1	 5	1	1	3	1	122.00272058470483	1380000000.0
12	2	2	3	1	 5	1	1	3	1	121.88381843131316	2726000000.0
13	0	0	3	1	 5	1	1	3	1	118.31591357438778	1000000000.0
13	2	2	3	1	 5	1	1	3	1	118.22810239983212	2094000000.0
14	0	0	3	1	 5	1	1	3	1	115.54676992850796	694800000.0
14	2	2	3	1	 5	1	1	3	1	115.47984529276617	1606000000.0
15	0	0	3	1	 5	1	1	3	1	113.4063727124354	374500000.0
15	2	2	3	1	 5	1	1	3	1	113.3541174642686	1149000000.0
 6	1	1	1	1	 5	0	0	1	1	326.1961353090293	11650000000.0
 7	1	1	1	1	 5	0	0	1	1	204.8296469164281	7807000000.0
 8	1	1	1	1	 5	0	0	1	1	164.97772267165718	5351000000.0
 9	1	1	1	1	 5	0	0	1	1	145.5593433479941	3821000000.0
10	1	1	1	1	 5	0	0	1	1	134.2545261555076	2836000000.0
11	1	1	1	1	 5	0	0	1	1	126.95827719632177	2178000000.0
12	1	1	1	1	 5	0	0	1	1	121.91832069147029	1729000000.0
13	1	1	1	1	 5	0	0	1	1	118.26434658591492	1422000000.0
14	1	1	1	1	 5	0	0	1	1	115.51705565432925	1235000000.0
 6	1	1	3	1	 5	2	2	3	1	333.8176763301299	5317000000.0
 6	3	3	3	1	 5	2	2	3	1	331.08312766901236	36600000000.0
 7	1	1	3	1	 5	2	2	3	1	207.27518198334678	2917000000.0
 7	3	3	3	1	 5	2	2	3	1	206.61055656840176	21940000000.0
 8	1	1	3	1	 5	2	2	3	1	166.37223642919633	1775000000.0
 8	3	3	3	1	 5	2	2	3	1	166.0843627784054	13950000000.0
 9	1	1	3	1	 5	2	2	3	1	146.55376371502274	1166000000.0
 9	3	3	3	1	 5	2	2	3	1	146.397132165589	9425000000.0
10	1	1	3	1	 5	2	2	3	1	135.0512625483783	808800000.0
10	3	3	3	1	 5	2	2	3	1	134.9544543795543	6675000000.0
11	1	1	3	1	 5	2	2	3	1	127.64144689719747	584400000.0
11	3	3	3	1	 5	2	2	3	1	127.57657978064954	4907000000.0
12	1	1	3	1	 5	2	2	3	1	122.52961164148519	435400000.0
12	3	3	3	1	 5	2	2	3	1	122.48364551643122	3715000000.0
13	1	1	3	1	 5	2	2	3	1	118.82696918550117	331800000.0
13	3	3	3	1	 5	2	2	3	1	118.79303009360905	2882000000.0
14	1	1	3	1	 5	2	2	3	1	116.04505131454825	256100000.0
14	3	3	3	1	 5	2	2	3	1	116.01919523160582	2279000000.0
15	1	1	3	1	 5	2	2	3	1	113.89424017245035	194900000.0
15	3	3	3	1	 5	2	2	3	1	113.87406929454225	1824000000.0
 6	2	2	3	1	 5	3	3	3	1	331.54081654857816	1994000000.0
 6	4	4	3	1	 5	3	3	3	1	331.36436911925654	56010000000.0
 7	2	2	3	1	 5	3	3	3	1	206.76488745603487	976000000.0
 7	4	4	3	1	 5	3	3	3	1	206.72047426803357	27770000000.0
 8	2	2	3	1	 5	3	3	3	1	166.17512923024395	555600000.0
 8	4	4	3	1	 5	3	3	3	1	166.15558030640798	15880000000.0
 9	2	2	3	1	 5	3	3	3	1	146.46334992333948	350300000.0
 9	4	4	3	1	 5	3	3	3	1	146.4525637051722	10030000000.0
10	2	2	3	1	 5	3	3	3	1	135.0083505087971	236900000.0
10	4	4	3	1	 5	3	3	3	1	135.0016164375724	6793000000.0
11	2	2	3	1	 5	3	3	3	1	127.62330895047789	168600000.0
11	4	4	3	1	 5	3	3	3	1	127.61876197302266	4837000000.0
12	2	2	3	1	 5	3	3	3	1	122.52579273217545	124600000.0
12	4	4	3	1	 5	3	3	3	1	122.52255076975717	3579000000.0
13	2	2	3	1	 5	3	3	3	1	118.83204876842974	94980000.0
13	4	4	3	1	 5	3	3	3	1	118.8296424978747	2729000000.0
14	2	2	3	1	 5	3	3	3	1	116.0559716653492	74170000.0
14	4	4	3	1	 5	3	3	3	1	116.05412948771313	2133000000.0
15	2	2	3	1	 5	3	3	3	1	113.90917766325532	59060000.0
15	4	4	3	1	 5	3	3	3	1	113.90773225656139	1700000000.0
 6	3	3	3	1	 5	4	4	3	1	331.37364066830315	576200000.0
 6	5	5	3	1	 5	4	4	3	1	331.3697980840665	83310000000.0
 7	3	3	3	1	 5	4	4	3	1	206.72365413021774	235600000.0
 7	5	5	3	1	 5	4	4	3	1	206.72259691023032	25770000000.0
 8	3	3	3	1	 5	4	4	3	1	166.15743614030805	121000000.0
 8	5	5	3	1	 5	4	4	3	1	166.15694460971315	11840000000.0
 9	3	3	3	1	 5	4	4	3	1	146.45390545899718	71440000.0
 9	5	5	3	1	 5	4	4	3	1	146.45361873784253	6596000000.0
10	5	5	3	1	 5	4	4	3	1	135.00251875633856	4117000000.0
11	5	5	3	1	 5	4	4	3	1	127.61956881964487	2771000000.0
12	5	5	3	1	 5	4	4	3	1	122.52329481561442	1969000000.0
13	5	5	3	1	 5	4	4	3	1	118.83034262472718	1456000000.0
14	5	5	3	1	 5	4	4	3	1	116.05479748274034	1111000000.0
15	5	5	3	1	 5	4	4	3	1	113.90837592065613	869500000.0
 6	5	5	1	1	 5	4	4	1	1	331.36984610256366	83310000000.0
 6	3	3	1	1	 5	4	4	1	1	331.36785243683806	576100000.0
 7	5	5	1	1	 5	4	4	1	1	206.72261557460095	25770000000.0
 7	3	3	1	1	 5	4	4	1	1	206.72208226263717	235600000.0
 8	5	5	1	1	 5	4	4	1	1	166.15695666768968	11840000000.0
 8	3	3	1	1	 5	4	4	1	1	166.15671373918445	121000000.0
 9	5	5	1	1	 5	4	4	1	1	146.4536281103509	6596000000.0
 9	3	3	1	1	 5	4	4	1	1	146.4534966034825	71450000.0
10	5	5	1	1	 5	4	4	1	1	135.00252672648722	4117000000.0
11	5	5	1	1	 5	4	4	1	1	127.61957594546965	2771000000.0
12	5	5	1	1	 5	4	4	1	1	122.52330138698154	1969000000.0
13	5	5	1	1	 5	4	4	1	1	118.8303488090306	1456000000.0
14	5	5	1	1	 5	4	4	1	1	116.05480338299937	1111000000.0
15	5	5	1	1	 5	4	4	1	1	113.90838160468442	869500000.0
 6	4	4	1	1	 5	3	3	1	1	331.3726031106865	56000000000.0
 6	2	2	1	1	 5	3	3	1	1	331.292397707168	1973000000.0
 7	4	4	1	1	 5	3	3	1	1	206.723681897272	27770000000.0
 7	2	2	1	1	 5	3	3	1	1	206.70362684525162	965200000.0
 8	4	4	1	1	 5	3	3	1	1	166.15765485478514	15880000000.0
 8	2	2	1	1	 5	3	3	1	1	166.1488381615486	549600000.0
 9	4	4	1	1	 5	3	3	1	1	146.45417689846093	10030000000.0
 9	2	2	1	1	 5	3	3	1	1	146.4493237344274	346600000.0
10	4	4	1	1	 5	3	3	1	1	135.0029882007094	6793000000.0
10	2	2	1	1	 5	3	3	1	1	134.99996297314706	234500000.0
11	4	4	1	1	 5	3	3	1	1	127.61998846541996	4837000000.0
11	2	2	1	1	 5	3	3	1	1	127.61794784832175	166900000.0
12	4	4	1	1	 5	3	3	1	1	122.52368172520633	3579000000.0
12	2	2	1	1	 5	3	3	1	1	122.52222768370574	123500000.0
13	4	4	1	1	 5	3	3	1	1	118.83070663816628	2729000000.0
13	2	2	1	1	 5	3	3	1	1	118.82962771057807	94220000.0
14	4	4	1	1	 5	3	3	1	1	116.05514474180049	2132000000.0
14	2	2	1	1	 5	3	3	1	1	116.05431864441886	73660000.0
15	4	4	1	1	 5	3	3	1	1	113.9087104890373	1700000000.0
15	2	2	1	1	 5	3	3	1	1	113.9080617237894	58800000.0
 6	3	3	1	1	 5	2	2	1	1	331.5016470762509	36650000000.0
 6	1	1	1	1	 5	2	2	1	1	330.5781176216475	4716000000.0
 7	3	3	1	1	 5	2	2	1	1	206.77414485077782	21940000000.0
 7	1	1	1	1	 5	2	2	1	1	206.54887444131674	2624000000.0
 8	3	3	1	1	 5	2	2	1	1	166.1903467957653	13950000000.0
 8	1	1	1	1	 5	2	2	1	1	166.09122130797368	1614000000.0
 9	3	3	1	1	 5	2	2	1	1	146.4796254125535	9419000000.0
10	3	3	1	1	 5	2	2	1	1	135.02464138068424	6673000000.0
11	3	3	1	1	 5	2	2	1	1	127.63935603009003	4908000000.0
12	3	3	1	1	 5	2	2	1	1	122.54154520775175	3721000000.0
13	3	3	1	1	 5	2	2	1	1	118.84751767825513	2892000000.0
14	3	3	1	1	 5	2	2	1	1	116.07118546131707	2296000000.0
15	3	3	1	1	 5	2	2	1	1	113.92416762681414	1863000000.0
 6	0	0	1	1	 5	1	1	1	1	335.55068186878765	15100000000.0
 6	2	2	1	1	 5	1	1	1	1	332.9189764536177	22980000000.0
 7	0	0	1	1	 5	1	1	1	1	207.97489229462116	9132000000.0
 7	2	2	1	1	 5	1	1	1	1	207.33567067404863	14800000000.0
 8	0	0	1	1	 5	1	1	1	1	166.83208430559307	5958000000.0
 8	2	2	1	1	 5	1	1	1	1	166.55695560291963	9873000000.0
 9	0	0	1	1	 5	1	1	1	1	146.91591431927858	4142000000.0
 9	2	2	1	1	 5	1	1	1	1	146.76630880987273	6899000000.0
10	0	0	1	1	 5	1	1	1	1	135.36164418059985	3031000000.0
10	2	2	1	1	 5	1	1	1	1	135.2692763270927	5019000000.0
11	0	0	1	1	 5	1	1	1	1	127.92038623600365	2315000000.0
11	2	2	1	1	 5	1	1	1	1	127.85858724533105	3779000000.0
12	0	0	1	1	 5	1	1	1	1	122.78772057625584	1840000000.0
12	2	2	1	1	 5	1	1	1	1	122.74401682966423	2932000000.0
13	0	0	1	1	 5	1	1	1	1	119.07041799843685	1527000000.0
13	2	2	1	1	 5	1	1	1	1	119.03823827583317	2343000000.0
14	0	0	1	1	 5	1	1	1	1	116.277704350647	1351000000.0
14	2	2	1	1	 5	1	1	1	1	116.25329049211456	1942000000.0
15	0	0	1	1	 5	1	1	1	1	114.11862206262839	1423000000.0
15	2	2	1	1	 5	1	1	1	1	114.09973615119779	1757000000.0
 7	1	1	3	1	 6	0	0	3	1	534.5359673915166	4595000000.0
 8	1	1	3	1	 6	0	0	3	1	327.12927417027754	3226000000.0
 9	1	1	3	1	 6	0	0	3	1	258.41718496594234	2266000000.0
10	1	1	3	1	 6	0	0	3	1	224.6750269552016	1636000000.0
11	1	1	3	1	 6	0	0	3	1	204.8876752386237	1210000000.0
12	1	1	3	1	 6	0	0	3	1	192.02815358274998	911000000.0
13	1	1	3	1	 6	0	0	3	1	183.08730308436392	692300000.0
14	1	1	3	1	 6	0	0	3	1	176.56551370518764	520100000.0
15	1	1	3	1	 6	0	0	3	1	171.63396850798551	350000000.0
 7	0	0	3	1	 6	1	1	3	1	554.7603242661415	7303000000.0
 7	2	2	3	1	 6	1	1	3	1	542.486992539395	8359000000.0
 8	0	0	3	1	 6	1	1	3	1	333.6149141268147	4567000000.0
 8	2	2	3	1	 6	1	1	3	1	330.6114375243324	5848000000.0
 9	0	0	3	1	 6	1	1	3	1	262.0870074949239	3013000000.0
 9	2	2	3	1	 6	1	1	3	1	260.78354961029726	4113000000.0
10	0	0	3	1	 6	1	1	3	1	227.27118816059868	2084000000.0
10	2	2	3	1	 6	1	1	3	1	226.55699763089058	2978000000.0
11	0	0	3	1	 6	1	1	3	1	206.9489275630461	1491000000.0
11	2	2	3	1	 6	1	1	3	1	206.50446470186384	2216000000.0
12	0	0	3	1	 6	1	1	3	1	193.77960122925134	1090000000.0
12	2	2	3	1	 6	1	1	3	1	193.4798107302995	1685000000.0
13	0	0	3	1	 6	1	1	3	1	184.64111624200845	803200000.0
13	2	2	3	1	 6	1	1	3	1	184.4273497412491	1301000000.0
14	0	0	3	1	 6	1	1	3	1	177.98447645674688	579600000.0
14	2	2	3	1	 6	1	1	3	1	177.8257319361439	1008000000.0
15	0	0	3	1	 6	1	1	3	1	172.9562200137084	357700000.0
15	2	2	3	1	 6	1	1	3	1	172.83470713826955	742700000.0
 7	1	1	1	1	 6	0	0	1	1	541.2021828995677	4674000000.0
 8	1	1	1	1	 6	0	0	1	1	330.35387491374513	3312000000.0
 9	1	1	1	1	 6	0	0	1	1	260.70977771321253	2368000000.0
10	1	1	1	1	 6	0	0	1	1	226.5431049640914	1750000000.0
11	1	1	1	1	 6	0	0	1	1	206.5161653329379	1337000000.0
12	1	1	1	1	 6	0	0	1	1	193.50424641883694	1053000000.0
13	1	1	1	1	 6	0	0	1	1	184.4587497641316	858000000.0
 7	1	1	3	1	 6	2	2	3	1	553.8061126493437	2813000000.0
 7	3	3	3	1	 6	2	2	3	1	549.086830918034	13120000000.0
 8	1	1	3	1	 6	2	2	3	1	334.2469327363188	1663000000.0
 8	3	3	3	1	 6	2	2	3	1	333.0870409224451	8737000000.0
 9	1	1	3	1	 6	2	2	3	1	262.83859547821214	1064000000.0
 9	3	3	3	1	 6	2	2	3	1	262.33521608725806	5964000000.0
10	1	1	3	1	 6	2	2	3	1	228.00974034172313	725600000.0
10	3	3	3	1	 6	2	2	3	1	227.7339320757824	4240000000.0
11	1	1	3	1	 6	2	2	3	1	207.65725097367397	518400000.0
11	3	3	3	1	 6	2	2	3	1	207.48561946424869	3122000000.0
12	1	1	3	1	 6	2	2	3	1	194.45891919660397	383400000.0
12	3	3	3	1	 6	2	2	3	1	194.34317055989985	2367000000.0
13	1	1	3	1	 6	2	2	3	1	185.2956832596417	291000000.0
13	3	3	3	1	 6	2	2	3	1	185.21316854523275	1837000000.0
14	1	1	3	1	 6	2	2	3	1	178.61848364770324	224600000.0
14	3	3	3	1	 6	2	2	3	1	178.55723308197094	1454000000.0
15	1	1	3	1	 6	2	2	3	1	173.57322966713275	172600000.0
15	3	3	3	1	 6	2	2	3	1	173.52638647675994	1166000000.0
 7	2	2	3	1	 6	3	3	3	1	549.8675074800595	1287000000.0
 7	4	4	3	1	 6	3	3	3	1	549.5535146630341	19060000000.0
 8	2	2	3	1	 6	3	3	3	1	333.33816789314307	694800000.0
 8	4	4	3	1	 6	3	3	3	1	333.25951594194066	11460000000.0
 9	2	2	3	1	 6	3	3	3	1	262.4771501030883	420700000.0
 9	4	4	3	1	 6	3	3	3	1	262.442510816049	7332000000.0
10	2	2	3	1	 6	3	3	3	1	227.83412890064136	277000000.0
10	4	4	3	1	 6	3	3	3	1	227.8149519694145	4988000000.0
11	2	2	3	1	 6	3	3	3	1	207.5649944005306	193500000.0
11	4	4	3	1	 6	3	3	3	1	207.55296728917963	3561000000.0
12	2	2	3	1	 6	3	3	3	1	194.41047834100425	141200000.0
12	4	4	3	1	 6	3	3	3	1	194.40231654886907	2638000000.0
13	2	2	3	1	 6	3	3	3	1	185.27277693554873	106600000.0
13	4	4	3	1	 6	3	3	3	1	185.26692774739098	2013000000.0
14	2	2	3	1	 6	3	3	3	1	178.61158891797544	82590000.0
14	4	4	3	1	 6	3	3	3	1	178.60722564811826	1574000000.0
15	2	2	3	1	 6	3	3	3	1	173.57697790679052	65390000.0
15	4	4	3	1	 6	3	3	3	1	173.57362165923064	1255000000.0
 7	3	3	3	1	 6	4	4	3	1	549.5714915550564	562500000.0
 7	5	5	3	1	 6	4	4	3	1	549.5640196778263	26960000000.0
 8	3	3	3	1	 6	4	4	3	1	333.265328216978	265200000.0
 8	5	5	3	1	 6	4	4	3	1	333.2633508377593	13060000000.0
 9	3	3	3	1	 6	4	4	3	1	262.4457940887679	148000000.0
 9	5	5	3	1	 6	4	4	3	1	262.44487335009853	7372000000.0
10	3	3	3	1	 6	4	4	3	1	227.81725929569737	92330000.0
10	5	5	3	1	 6	4	4	3	1	227.81674876293985	4627000000.0
11	3	3	3	1	 6	4	4	3	1	207.55478556260158	62090000.0
11	5	5	3	1	 6	4	4	3	1	207.55446005514003	3123000000.0
12	3	3	3	1	 6	4	4	3	1	194.40385071351736	44070000.0
12	5	5	3	1	 6	4	4	3	1	194.4036270298639	2222000000.0
13	3	3	3	1	 6	4	4	3	1	185.26828045453752	32570000.0
13	5	5	3	1	 6	4	4	3	1	185.26811858244355	1645000000.0
14	3	3	3	1	 6	4	4	3	1	178.6084545457081	24840000.0
14	5	5	3	1	 6	4	4	3	1	178.60833286398787	1256000000.0
15	3	3	3	1	 6	4	4	3	1	173.5747618831109	19430000.0
15	5	5	3	1	 6	4	4	3	1	173.5746676931829	983800000.0
 7	6	6	3	1	 6	5	5	3	1	549.5641214266429	37520000000.0
 7	4	4	3	1	 6	5	5	3	1	549.5640833454064	169900000.0
 8	4	4	3	1	 6	5	5	3	1	333.2634024779656	66140000.0
 8	6	6	3	1	 6	5	5	3	1	333.2633424524726	11020000000.0
 9	6	6	3	1	 6	5	5	3	1	262.44490737807024	4900000000.0
10	6	6	3	1	 6	5	5	3	1	227.81675646314565	2669000000.0
11	6	6	3	1	 6	5	5	3	1	207.5544692356693	1642000000.0
12	6	6	3	1	 6	5	5	3	1	194.4036351212021	1094000000.0
13	6	6	3	1	 6	5	5	3	1	185.26812596508563	771900000.0
14	6	6	3	1	 6	5	5	3	1	178.60833975691125	568300000.0
15	6	6	3	1	 6	5	5	3	1	173.57467422289707	432400000.0
 7	6	6	1	1	 6	5	5	1	1	549.5641218575041	37520000000.0
 7	4	4	1	1	 6	5	5	1	1	549.563962572564	169900000.0
 8	4	4	1	1	 6	5	5	1	1	333.2633672426933	66140000.0
 8	6	6	1	1	 6	5	5	1	1	333.2633426109166	11020000000.0
 9	6	6	1	1	 6	5	5	1	1	262.4449074763303	4900000000.0
10	6	6	1	1	 6	5	5	1	1	227.81675653718662	2669000000.0
11	6	6	1	1	 6	5	5	1	1	207.55446929712537	1642000000.0
12	6	6	1	1	 6	5	5	1	1	194.40363517511705	1094000000.0
13	6	6	1	1	 6	5	5	1	1	185.26812601405248	771900000.0
14	6	6	1	1	 6	5	5	1	1	178.60833980242097	568300000.0
15	6	6	1	1	 6	5	5	1	1	173.57467426257105	432400000.0
 7	5	5	1	1	 6	4	4	1	1	549.5641623250339	26960000000.0
 7	3	3	1	1	 6	4	4	1	1	549.560393202176	562300000.0
 8	5	5	1	1	 6	4	4	1	1	333.2634032945552	13060000000.0
 8	3	3	1	1	 6	4	4	1	1	333.2624260212605	265300000.0
 9	5	5	1	1	 6	4	4	1	1	262.4449058966206	7372000000.0
 9	3	3	1	1	 6	4	4	1	1	262.4444835936348	148000000.0
10	5	5	1	1	 6	4	4	1	1	227.81677330449904	4627000000.0
10	3	3	1	1	 6	4	4	1	1	227.8165238169137	92340000.0
11	5	5	1	1	 6	4	4	1	1	207.5544804347806	3123000000.0
11	3	3	1	1	 6	4	4	1	1	207.5543216334659	62090000.0
12	5	5	1	1	 6	4	4	1	1	194.40364491707132	2222000000.0
12	3	3	1	1	 6	4	4	1	1	194.4035359930237	44070000.0
13	5	5	1	1	 6	4	4	1	1	185.26813483555608	1645000000.0
13	3	3	1	1	 6	4	4	1	1	185.2680561238079	32570000.0
14	5	5	1	1	 6	4	4	1	1	178.60834797310943	1256000000.0
14	3	3	1	1	 6	4	4	1	1	178.60828886340826	24840000.0
15	5	5	1	1	 6	4	4	1	1	173.5746819626743	983800000.0
15	3	3	1	1	 6	4	4	1	1	173.57463623815346	19430000.0
 7	4	4	1	1	 6	3	3	1	1	549.5694462235972	19060000000.0
 7	2	2	1	1	 6	3	3	1	1	549.4277303105321	1274000000.0
 8	4	4	1	1	 6	3	3	1	1	333.2653837823512	11460000000.0
 8	2	2	1	1	 6	3	3	1	1	333.22991696171744	687700000.0
 9	4	4	1	1	 6	3	3	1	1	262.4461545599869	7331000000.0
 9	2	2	1	1	 6	3	3	1	1	262.43057014604113	416500000.0
10	4	4	1	1	 6	3	3	1	1	227.81770038590295	4988000000.0
10	2	2	1	1	 6	3	3	1	1	227.80908569851064	274400000.0
11	4	4	1	1	 6	3	3	1	1	207.55525030692135	3560000000.0
11	2	2	1	1	 6	3	3	1	1	207.54985287445427	191800000.0
12	4	4	1	1	 6	3	3	1	1	194.404320589799	2638000000.0
12	2	2	1	1	 6	3	3	1	1	194.40066004667872	140000000.0
13	4	4	1	1	 6	3	3	1	1	185.26874867422154	2013000000.0
13	2	2	1	1	 6	3	3	1	1	185.26612604394452	105700000.0
14	4	4	1	1	 6	3	3	1	1	178.6089185929085	1574000000.0
14	2	2	1	1	 6	3	3	1	1	178.60696197030524	82050000.0
15	4	4	1	1	 6	3	3	1	1	173.57522095508668	1255000000.0
15	2	2	1	1	 6	3	3	1	1	173.57371452886994	65110000.0
 7	3	3	1	1	 6	2	2	1	1	549.7811330893608	13150000000.0
 7	1	1	1	1	 6	2	2	1	1	548.1914623446635	2514000000.0
 8	3	3	1	1	 6	2	2	1	1	333.34358825967996	8744000000.0
 8	1	1	1	1	 6	2	2	1	1	332.94502478128265	1505000000.0
 9	3	3	1	1	 6	2	2	1	1	262.49481438228406	5966000000.0
10	3	3	1	1	 6	2	2	1	1	227.85444817955593	4241000000.0
11	3	3	1	1	 6	2	2	1	1	207.58579947757104	3124000000.0
12	3	3	1	1	 6	2	2	1	1	194.4311510259795	2370000000.0
13	3	3	1	1	 6	2	2	1	1	185.29313658027445	1842000000.0
14	3	3	1	1	 6	2	2	1	1	178.6315984973307	1463000000.0
15	3	3	1	1	 6	2	2	1	1	173.5966504511239	1185000000.0
 7	0	0	1	1	 6	1	1	1	1	556.5374723666514	7087000000.0
 7	2	2	1	1	 6	1	1	1	1	551.9835349648632	8725000000.0
 8	0	0	1	1	 6	1	1	1	1	335.27768043396776	4546000000.0
 8	2	2	1	1	 6	1	1	1	1	334.16834343075425	6026000000.0
 9	0	0	1	1	 6	1	1	1	1	263.49308307445386	3090000000.0
 9	2	2	1	1	 6	1	1	1	1	263.01224642426683	4231000000.0
10	0	0	1	1	 6	1	1	1	1	228.51039106104625	2219000000.0
10	2	2	1	1	 6	1	1	1	1	228.24728089426745	3078000000.0
11	0	0	1	1	 6	1	1	1	1	208.0769759754898	1667000000.0
11	2	2	1	1	 6	1	1	1	1	207.91351335254913	2312000000.0
12	0	0	1	1	 6	1	1	1	1	194.82967482154052	1303000000.0
12	2	2	1	1	 6	1	1	1	1	194.71966579499298	1789000000.0
13	0	0	1	1	 6	1	1	1	1	185.6340379149529	1060000000.0
13	2	2	1	1	 6	1	1	1	1	185.55583478167725	1423000000.0
14	0	0	1	1	 6	1	1	1	1	178.93401038088518	912500000.0
14	2	2	1	1	 6	1	1	1	1	178.87620341372178	1170000000.0
15	0	0	1	1	 6	1	1	1	1	173.87182171918462	905400000.0
15	2	2	1	1	 6	1	1	1	1	173.82798422837996	1035000000.0
 8	1	1	3	1	 7	0	0	3	1	824.8165756487824	2119000000.0
 9	1	1	3	1	 7	0	0	3	1	493.77669316302985	1550000000.0
10	1	1	3	1	 7	0	0	3	1	383.6756397964756	1126000000.0
11	1	1	3	1	 7	0	0	3	1	329.35707793283603	835200000.0
12	1	1	3	1	 7	0	0	3	1	297.34780489140246	631000000.0
13	1	1	3	1	 7	0	0	3	1	276.44389880291476	482100000.0
14	1	1	3	1	 7	0	0	3	1	261.8407374374871	366500000.0
15	1	1	3	1	 7	0	0	3	1	251.13968595635788	256700000.0
 8	0	0	3	1	 7	1	1	3	1	855.716830352913	3775000000.0
 8	2	2	3	1	 7	1	1	3	1	836.231072709596	3685000000.0
 9	0	0	3	1	 7	1	1	3	1	503.3549193249652	2476000000.0
 9	2	2	3	1	 7	1	1	3	1	498.5689395916698	2706000000.0
10	0	0	3	1	 7	1	1	3	1	388.9275790959184	1694000000.0
10	2	2	3	1	 7	1	1	3	1	386.84071990159634	1977000000.0
11	0	0	3	1	 7	1	1	3	1	332.9722742320147	1205000000.0
11	2	2	3	1	 7	1	1	3	1	331.8231747250239	1476000000.0
12	0	0	3	1	 7	1	1	3	1	300.1520388337631	881400000.0
12	2	2	3	1	 7	1	1	3	1	299.43339172845015	1125000000.0
13	0	0	3	1	 7	1	1	3	1	278.7802429449191	653900000.0
13	2	2	3	1	 7	1	1	3	1	278.2932187670799	871600000.0
14	0	0	3	1	 7	1	1	3	1	263.8793624312233	481000000.0
14	2	2	3	1	 7	1	1	3	1	263.53057690686	679100000.0
15	0	0	3	1	 7	1	1	3	1	252.97543660853205	318500000.0
15	2	2	3	1	 7	1	1	3	1	252.71556101548848	510700000.0
 8	1	1	1	1	 7	0	0	1	1	834.0561880386865	2159000000.0
 9	1	1	1	1	 7	0	0	1	1	498.1107205249526	1594000000.0
10	1	1	1	1	 7	0	0	1	1	386.6865369364792	1178000000.0
11	1	1	1	1	 7	0	0	1	1	331.769706019347	895800000.0
12	1	1	1	1	 7	0	0	1	1	299.42376496369076	701600000.0
 8	1	1	3	1	 7	2	2	3	1	853.5271903307158	1577000000.0
 8	3	3	3	1	 7	2	2	3	1	846.0043426335824	5567000000.0
 9	1	1	3	1	 7	2	2	3	1	503.9243001330398	985500000.0
 9	3	3	3	1	 7	2	2	3	1	502.0772209320379	3967000000.0
10	1	1	3	1	 7	2	2	3	1	389.7744532108738	656300000.0
10	3	3	3	1	 7	2	2	3	1	388.96915882453305	2846000000.0
11	1	1	3	1	 7	2	2	3	1	333.84117129416177	461400000.0
11	3	3	3	1	 7	2	2	3	1	333.39780308572716	2102000000.0
12	1	1	3	1	 7	2	2	3	1	300.99782999393983	337500000.0
12	3	3	3	1	 7	2	2	3	1	300.7205967718557	1595000000.0
13	1	1	3	1	 7	2	2	3	1	279.5960408243602	254400000.0
13	3	3	3	1	 7	2	2	3	1	279.40821105746335	1239000000.0
14	1	1	3	1	 7	2	2	3	1	264.6669490492228	195600000.0
14	3	3	3	1	 7	2	2	3	1	264.53249156155715	980600000.0
15	1	1	3	1	 7	2	2	3	1	253.73846529628304	150700000.0
15	3	3	3	1	 7	2	2	3	1	253.6383732734077	787300000.0
 8	2	2	3	1	 7	3	3	3	1	847.2262653786889	812300000.0
 8	4	4	3	1	 7	3	3	3	1	846.7183629524319	7780000000.0
 9	2	2	3	1	 7	3	3	3	1	502.4567135283638	471300000.0
 9	4	4	3	1	 7	3	3	3	1	502.3297932987836	5219000000.0
10	2	2	3	1	 7	3	3	3	1	389.1771708679956	299500000.0
10	4	4	3	1	 7	3	3	3	1	389.1212195428518	3591000000.0
11	2	2	3	1	 7	3	3	3	1	333.5408174515105	204200000.0
11	4	4	3	1	 7	3	3	3	1	333.509762145535	2574000000.0
12	2	2	3	1	 7	3	3	3	1	300.83137019912925	146500000.0
12	4	4	3	1	 7	3	3	3	1	300.81182759407005	1910000000.0
13	2	2	3	1	 7	3	3	3	1	279.50037128555107	109200000.0
13	4	4	3	1	 7	3	3	3	1	279.48705968811817	1459000000.0
14	2	2	3	1	 7	3	3	3	1	264.6128054943644	83860000.0
14	4	4	3	1	 7	3	3	3	1	264.6032289370493	1142000000.0
15	2	2	3	1	 7	3	3	3	1	253.71061755602838	65920000.0
15	4	4	3	1	 7	3	3	3	1	253.70344715988324	910900000.0
 8	5	5	3	1	 7	6	6	3	1	846.7358401556783	60280000.0
 8	7	7	3	1	 7	6	6	3	1	846.7358329173588	18870000000.0
 9	7	7	3	1	 7	6	6	3	1	502.3358817857033	5243000000.0
10	7	7	3	1	 7	6	6	3	1	389.1249233976762	2243000000.0
11	7	7	3	1	 7	6	6	3	1	333.5124841913234	1189000000.0
12	7	7	3	1	 7	6	6	3	1	300.8140460059874	716700000.0
13	7	7	3	1	 7	6	6	3	1	279.48897626096874	470600000.0
14	7	7	3	1	 7	6	6	3	1	264.60494790499564	328400000.0
15	7	7	3	1	 7	6	6	3	1	253.70502820257553	239700000.0
 8	5	5	1	1	 7	6	6	1	1	846.7358387394814	60280000.0
 8	7	7	1	1	 7	6	6	1	1	846.7358329173588	18870000000.0
 9	7	7	1	1	 7	6	6	1	1	502.3358817857033	5243000000.0
10	7	7	1	1	 7	6	6	1	1	389.1249233976762	2243000000.0
11	7	7	1	1	 7	6	6	1	1	333.5124841913234	1189000000.0
12	7	7	1	1	 7	6	6	1	1	300.8140460059874	716700000.0
13	7	7	1	1	 7	6	6	1	1	279.48897626096874	470600000.0
14	7	7	1	1	 7	6	6	1	1	264.60494790499564	328400000.0
15	7	7	1	1	 7	6	6	1	1	253.70502820257553	239700000.0
 8	4	4	3	1	 7	5	5	3	1	846.7360997126261	195300000.0
 8	6	6	3	1	 7	5	5	3	1	846.7357122261772	14210000000.0
 9	4	4	3	1	 7	5	5	3	1	502.336035970699	88170000.0
 9	6	6	3	1	 7	5	5	3	1	502.3359857664136	6658000000.0
10	4	4	3	1	 7	5	5	3	1	389.1249654865833	47860000.0
10	6	6	3	1	 7	5	5	3	1	389.12493137346627	3677000000.0
11	4	4	3	1	 7	5	5	3	1	333.512513888878	29310000.0
11	6	6	3	1	 7	5	5	3	1	333.5124995832754	2274000000.0
12	4	4	3	1	 7	5	5	3	1	300.81406621360054	19470000.0
12	6	6	3	1	 7	5	5	3	1	300.8140567900009	1520000000.0
13	4	4	3	1	 7	5	5	3	1	279.488992162086	13700000.0
13	6	6	3	1	 7	5	5	3	1	279.4889855273348	1074000000.0
14	6	6	3	1	 7	5	5	3	1	264.6049561876397	791600000.0
15	6	6	3	1	 7	5	5	3	1	253.7050358239618	602700000.0
 8	4	4	1	1	 7	5	5	1	1	846.7358726494498	195300000.0
 8	6	6	1	1	 7	5	5	1	1	846.7357136423736	14210000000.0
 9	6	6	1	1	 7	5	5	1	1	502.3359862648575	6658000000.0
 9	4	4	1	1	 7	5	5	1	1	502.3359734991775	88170000.0
10	4	4	1	1	 7	5	5	1	1	389.12493610908854	47860000.0
10	6	6	1	1	 7	5	5	1	1	389.124931672559	3677000000.0
11	6	6	1	1	 7	5	5	1	1	333.5124998029865	2274000000.0
11	4	4	1	1	 7	5	5	1	1	333.51249683689036	29310000.0
12	6	6	1	1	 7	5	5	1	1	300.8140569687418	1520000000.0
12	4	4	1	1	 7	5	5	1	1	300.8140551316858	19470000.0
13	6	6	1	1	 7	5	5	1	1	279.48898568163173	1074000000.0
13	4	4	1	1	 7	5	5	1	1	279.48898443868575	13700000.0
14	6	6	1	1	 7	5	5	1	1	264.6049563259402	791600000.0
15	6	6	1	1	 7	5	5	1	1	253.70503594403837	602700000.0
 8	3	3	3	1	 7	4	4	3	1	846.7486953791642	429100000.0
 8	5	5	3	1	 7	4	4	3	1	846.7359305560592	10600000000.0
 9	3	3	3	1	 7	4	4	3	1	502.3392921538464	223500000.0
 9	5	5	3	1	 7	4	4	3	1	502.33591889199744	6292000000.0
10	3	3	3	1	 7	4	4	3	1	389.12643305428054	132800000.0
10	5	5	3	1	 7	4	4	3	1	389.1249435863929	4000000000.0
11	3	3	3	1	 7	4	4	3	1	333.5133418216949	86440000.0
11	5	5	3	1	 7	4	4	3	1	333.51250135316525	2714000000.0
12	3	3	3	1	 7	4	4	3	1	300.81459371764794	59990000.0
12	5	5	3	1	 7	4	4	3	1	300.8140581404838	1935000000.0
13	3	3	3	1	 7	4	4	3	1	279.4893549995014	43630000.0
13	5	5	3	1	 7	4	4	3	1	279.4889866159815	1435000000.0
14	3	3	3	1	 7	4	4	3	1	264.60522415990613	32880000.0
14	5	5	3	1	 7	4	4	3	1	264.6049570942752	1097000000.0
15	3	3	3	1	 7	4	4	3	1	253.70523784382567	25480000.0
15	5	5	3	1	 7	4	4	3	1	253.7050366150583	859200000.0
 8	5	5	1	1	 7	4	4	1	1	846.7362168634229	10600000000.0
 8	3	3	1	1	 7	4	4	1	1	846.7299082329287	428900000.0
 9	5	5	1	1	 7	4	4	1	1	502.3360197159163	6292000000.0
 9	3	3	1	1	 7	4	4	1	1	502.3344725536726	223600000.0
10	5	5	1	1	 7	4	4	1	1	389.12500413594125	4000000000.0
10	3	3	1	1	 7	4	4	1	1	389.1242762631475	132800000.0
11	5	5	1	1	 7	4	4	1	1	333.51254585678055	2714000000.0
11	3	3	1	1	 7	4	4	1	1	333.51213582830604	86440000.0
12	5	5	1	1	 7	4	4	1	1	300.8140943652406	1935000000.0
12	3	3	1	1	 7	4	4	1	1	300.81383356307504	60000000.0
13	5	5	1	1	 7	4	4	1	1	279.4890179038988	1435000000.0
13	3	3	1	1	 7	4	4	1	1	279.488838774239	43630000.0
14	5	5	1	1	 7	4	4	1	1	264.60498514616734	1097000000.0
14	3	3	1	1	 7	4	4	1	1	264.6048554129371	32880000.0
15	5	5	1	1	 7	4	4	1	1	253.70506240345952	859200000.0
15	3	3	1	1	 7	4	4	1	1	253.70496471694358	25480000.0
 8	4	4	1	1	 7	3	3	1	1	846.7448202579244	7780000000.0
 8	2	2	1	1	 7	3	3	1	1	846.5159044740637	804600000.0
 9	4	4	1	1	 7	3	3	1	1	502.3391226810805	5218000000.0
 9	2	2	1	1	 7	3	3	1	1	502.28202999433887	466800000.0
10	4	4	1	1	 7	3	3	1	1	389.126825782263	3590000000.0
10	2	2	1	1	 7	3	3	1	1	389.1016933043294	296700000.0
11	4	4	1	1	 7	3	3	1	1	333.51388497441764	2573000000.0
11	2	2	1	1	 7	3	3	1	1	333.49994889044416	202400000.0
12	4	4	1	1	 7	3	3	1	1	300.8151844187229	1910000000.0
12	2	2	1	1	 7	3	3	1	1	300.8064198866504	145300000.0
13	4	4	1	1	 7	3	3	1	1	279.48995928772985	1459000000.0
13	2	2	1	1	 7	3	3	1	1	279.4839908312919	108400000.0
14	4	4	1	1	 7	3	3	1	1	264.60582919513274	1142000000.0
14	2	2	1	1	 7	3	3	1	1	264.60153484641154	83340000.0
15	4	4	1	1	 7	3	3	1	1	253.70583852302298	910800000.0
15	2	2	1	1	 7	3	3	1	1	253.70262018545282	65660000.0
 8	3	3	1	1	 7	2	2	1	1	847.0665344129554	5582000000.0
 8	1	1	1	1	 7	2	2	1	1	844.4976248148446	1417000000.0
 9	3	3	1	1	 7	2	2	1	1	502.4529331277041	3972000000.0
10	3	3	1	1	 7	2	2	1	1	389.1953552844166	2848000000.0
11	3	3	1	1	 7	2	2	1	1	333.564348598188	2104000000.0
12	3	3	1	1	 7	2	2	1	1	300.8563094437983	1597000000.0
13	3	3	1	1	 7	2	2	1	1	279.52550543623994	1242000000.0
14	3	3	1	1	 7	2	2	1	1	264.63772051767023	985600000.0
15	3	3	1	1	 7	2	2	1	1	253.73517780471425	798100000.0
 8	0	0	1	1	 7	1	1	1	1	857.5322966053083	3669000000.0
 8	2	2	1	1	 7	1	1	1	1	850.3125389562622	3867000000.0
 9	0	0	1	1	 7	1	1	1	1	505.3821896151786	2460000000.0
 9	2	2	1	1	 7	1	1	1	1	503.61626543164977	2803000000.0
10	0	0	1	1	 7	1	1	1	1	390.67031044444343	1730000000.0
10	2	2	1	1	 7	1	1	1	1	389.90190253624047	2046000000.0
11	0	0	1	1	 7	1	1	1	1	334.50989044931583	1277000000.0
11	2	2	1	1	 7	1	1	1	1	334.0876293476121	1535000000.0
12	0	0	1	1	 7	1	1	1	1	301.54789190270634	982400000.0
12	2	2	1	1	 7	1	1	1	1	301.28444299369477	1184000000.0
13	0	0	1	1	 7	1	1	1	1	280.0745774669452	786500000.0
13	2	2	1	1	 7	1	1	1	1	279.89660072980774	938200000.0
14	0	0	1	1	 7	1	1	1	1	265.0982074752017	662100000.0
14	2	2	1	1	 7	1	1	1	1	264.9713428857403	766200000.0
15	0	0	1	1	 7	1	1	1	1	254.13621317070817	628300000.0
15	2	2	1	1	 7	1	1	1	1	254.04257135120918	666900000.0
 9	1	1	3	1	 8	0	0	3	1	1204.355963243722	1084000000.0
10	1	1	3	1	 8	0	0	3	1	708.4759254350215	818000000.0
11	1	1	3	1	 8	0	0	3	1	543.0855068449025	610200000.0
12	1	1	3	1	 8	0	0	3	1	461.21688418882417	462100000.0
13	1	1	3	1	 8	0	0	3	1	412.79962600452467	354400000.0
14	1	1	3	1	 8	0	0	3	1	381.0644852089054	271700000.0
15	1	1	3	1	 8	0	0	3	1	358.8138909810244	196000000.0
 9	0	0	3	1	 8	1	1	3	1	1249.132185326034	2107000000.0
 9	2	2	3	1	 8	1	1	3	1	1220.0676339453942	1820000000.0
10	0	0	3	1	 8	1	1	3	1	721.9910145629952	1435000000.0
10	2	2	3	1	 8	1	1	3	1	714.8324119817353	1385000000.0
11	0	0	3	1	 8	1	1	3	1	550.3156104005128	1011000000.0
11	2	2	3	1	 8	1	1	3	1	547.1838541119392	1042000000.0
12	0	0	3	1	 8	1	1	3	1	466.08510970200376	736200000.0
12	2	2	3	1	 8	1	1	3	1	464.35454007269107	797100000.0
13	0	0	3	1	 8	1	1	3	1	416.50339907319534	548000000.0
13	2	2	3	1	 8	1	1	3	1	415.4172511318521	619600000.0
14	0	0	3	1	 8	1	1	3	1	384.098843915197	409300000.0
14	2	2	3	1	 8	1	1	3	1	383.3603070859433	486100000.0
15	0	0	3	1	 8	1	1	3	1	361.4232733758453	287700000.0
15	2	2	3	1	 8	1	1	3	1	360.8930610718905	373700000.0
 9	1	1	1	1	 8	0	0	1	1	1216.8297880031141	1106000000.0
 9	1	1	3	1	 8	2	2	3	1	1245.1928287675416	932700000.0
 9	3	3	3	1	 8	2	2	3	1	1233.9754130290196	2668000000.0
10	1	1	3	1	 8	2	2	3	1	722.4129982976689	608900000.0
10	3	3	3	1	 8	2	2	3	1	719.6515687913337	1992000000.0
11	1	1	3	1	 8	2	2	3	1	551.2375777897287	418800000.0
11	3	3	3	1	 8	2	2	3	1	550.0298002323647	1483000000.0
12	1	1	3	1	 8	2	2	3	1	467.08313060207155	301800000.0
12	3	3	3	1	 8	2	2	3	1	466.41588418876194	1128000000.0
13	1	1	3	1	 8	2	2	3	1	417.49260930342115	225200000.0
13	3	3	3	1	 8	2	2	3	1	417.0739544801822	876400000.0
14	1	1	3	1	 8	2	2	3	1	385.0601400113271	172100000.0
14	3	3	3	1	 8	2	2	3	1	384.775600652926	694200000.0
15	1	1	3	1	 8	2	2	3	1	362.35438356566584	132700000.0
15	3	3	3	1	 8	2	2	3	1	362.150294113285	557900000.0
 9	2	2	3	1	 8	3	3	3	1	1235.7754492325744	520000000.0
 9	4	4	3	1	 8	3	3	3	1	1235.0079948145215	3616000000.0
10	2	2	3	1	 8	3	3	3	1	720.1958985361923	319000000.0
10	4	4	3	1	 8	3	3	3	1	720.0043125022161	2603000000.0
11	2	2	3	1	 8	3	3	3	1	550.3210505696649	210600000.0
11	4	4	3	1	 8	3	3	3	1	550.2365141586891	1884000000.0
12	2	2	3	1	 8	3	3	3	1	466.6118843920346	147800000.0
12	4	4	3	1	 8	3	3	3	1	466.5648698449643	1403000000.0
13	2	2	3	1	 8	3	3	3	1	417.2229487791805	108500000.0
13	4	4	3	1	 8	3	3	3	1	417.19328738355136	1074000000.0
14	2	2	3	1	 8	3	3	3	1	384.8975574896519	82340000.0
14	4	4	3	1	 8	3	3	3	1	384.8772960237408	840400000.0
15	2	2	3	1	 8	3	3	3	1	362.25508689307253	64160000.0
15	4	4	3	1	 8	3	3	3	1	362.2404688378132	670800000.0
 9	3	3	3	1	 8	4	4	3	1	1235.054445483959	307100000.0
 9	5	5	3	1	 8	4	4	3	1	1235.0340551795873	4783000000.0
10	3	3	3	1	 8	4	4	3	1	720.0184350665521	172300000.0
10	5	5	3	1	 8	4	4	3	1	720.0133354737807	3191000000.0
11	3	3	3	1	 8	4	4	3	1	550.2440811499239	107400000.0
11	5	5	3	1	 8	4	4	3	1	550.2417934182746	2191000000.0
12	3	3	3	1	 8	4	4	3	1	466.5699591271325	72420000.0
12	5	5	3	1	 8	4	4	3	1	466.56867070740185	1570000000.0
13	3	3	3	1	 8	4	4	3	1	417.19715039333727	51600000.0
13	5	5	3	1	 8	4	4	3	1	417.19632956557825	1166000000.0
14	3	3	3	1	 8	4	4	3	1	384.8804523047994	38310000.0
14	5	5	3	1	 8	4	4	3	1	384.8798872732704	892300000.0
15	3	3	3	1	 8	4	4	3	1	362.2431759838058	29360000.0
15	5	5	3	1	 8	4	4	3	1	362.2427657499695	699500000.0
 9	4	4	3	1	 8	5	5	3	1	1235.0351505370663	168500000.0
 9	6	6	3	1	 8	5	5	3	1	1235.034847070609	6235000000.0
10	4	4	3	1	 8	5	5	3	1	720.0135422118414	84380000.0
10	6	6	3	1	 8	5	5	3	1	720.0134254167715	3623000000.0
11	4	4	3	1	 8	5	5	3	1	550.2419044885703	48860000.0
11	6	6	3	1	 8	5	5	3	1	550.2418655491754	2270000000.0
12	4	4	3	1	 8	5	5	3	1	466.5687454539456	31280000.0
12	6	6	3	1	 8	5	5	3	1	466.5687227839296	1525000000.0
13	4	4	3	1	 8	5	5	3	1	417.19638615913476	21460000.0
13	6	6	3	1	 8	5	5	3	1	417.1963713756678	1080000000.0
14	4	4	3	1	 8	5	5	3	1	384.8799333255753	15480000.0
14	6	6	3	1	 8	5	5	3	1	384.8799230032233	797300000.0
15	4	4	3	1	 8	5	5	3	1	362.24280503238697	11600000.0
15	6	6	3	1	 8	5	5	3	1	362.24279748693726	607600000.0
 9	6	6	1	1	 8	5	5	1	1	1235.034850083519	6235000000.0
 9	4	4	1	1	 8	5	5	1	1	1235.034772919688	168500000.0
10	4	4	1	1	 8	5	5	1	1	720.0134416303969	84380000.0
10	6	6	1	1	 8	5	5	1	1	720.0134264407926	3623000000.0
11	6	6	1	1	 8	5	5	1	1	550.2418661472219	2270000000.0
11	4	4	1	1	 8	5	5	1	1	550.2418580736029	48860000.0
12	6	6	1	1	 8	5	5	1	1	466.56872321392024	1525000000.0
12	4	4	1	1	 8	5	5	1	1	466.56871879458055	31280000.0
13	6	6	1	1	 8	5	5	1	1	417.1963717194701	1080000000.0
13	4	4	1	1	 8	5	5	1	1	417.196368949954	21460000.0
14	6	6	1	1	 8	5	5	1	1	384.879923295826	797300000.0
14	4	4	1	1	 8	5	5	1	1	384.8799213614015	15480000.0
15	6	6	1	1	 8	5	5	1	1	362.2427977317306	607600000.0
15	4	4	1	1	 8	5	5	1	1	362.24279630616013	11600000.0
 9	6	6	3	1	 8	7	7	3	1	1235.0348624698845	24490000.0
 9	8	8	3	1	 8	7	7	3	1	1235.0348587874284	10310000000.0
10	8	8	3	1	 8	7	7	3	1	720.0133997025104	2710000000.0
11	8	8	3	1	 8	7	7	3	1	550.2418679745729	1113000000.0
12	8	8	3	1	 8	7	7	3	1	466.568722353939	571800000.0
13	8	8	3	1	 8	7	7	3	1	417.1963726935676	336700000.0
14	8	8	3	1	 8	7	7	3	1	384.87992431993064	217100000.0
15	8	8	3	1	 8	7	7	3	1	362.24279850931674	149300000.0
 9	6	6	1	1	 8	7	7	1	1	1235.0348624698845	24490000.0
 9	8	8	1	1	 8	7	7	1	1	1235.0348587874284	10310000000.0
10	8	8	1	1	 8	7	7	1	1	720.0133997025104	2710000000.0
11	8	8	1	1	 8	7	7	1	1	550.2418679745729	1113000000.0
12	8	8	1	1	 8	7	7	1	1	466.568722353939	571800000.0
13	8	8	1	1	 8	7	7	1	1	417.1963726935676	336700000.0
14	8	8	1	1	 8	7	7	1	1	384.87992431993064	217100000.0
15	8	8	1	1	 8	7	7	1	1	362.24279850931674	149300000.0
 9	5	5	1	1	 8	4	4	1	1	1235.03453858285	4783000000.0
 9	3	3	1	1	 8	4	4	1	1	1235.0251866049143	307000000.0
10	5	5	1	1	 8	4	4	1	1	720.0134999426134	3191000000.0
10	3	3	1	1	 8	4	4	1	1	720.0110078866094	172300000.0
11	5	5	1	1	 8	4	4	1	1	550.2418895374424	2191000000.0
11	3	3	1	1	 8	4	4	1	1	550.2407734541185	107400000.0
12	5	5	1	1	 8	4	4	1	1	466.56873986408067	1570000000.0
12	3	3	1	1	 8	4	4	1	1	466.56811246207985	72420000.0
13	5	5	1	1	 8	4	4	1	1	417.19638489853344	1166000000.0
13	3	3	1	1	 8	4	4	1	1	417.19598576433384	51600000.0
14	5	5	1	1	 8	4	4	1	1	384.8799343821965	892300000.0
14	3	3	1	1	 8	4	4	1	1	384.8796599054036	38310000.0
15	5	5	1	1	 8	4	4	1	1	362.2428074803412	699500000.0
15	3	3	1	1	 8	4	4	1	1	362.2426083323983	29360000.0
 9	5	5	3	1	 8	6	6	3	1	1235.0348795430261	78250000.0
 9	7	7	3	1	 8	6	6	3	1	1235.0348475727446	8048000000.0
10	5	5	3	1	 8	6	6	3	1	720.0136156568028	33700000.0
10	7	7	3	1	 8	6	6	3	1	720.013611902062	3628000000.0
11	5	5	3	1	 8	6	6	3	1	550.2419570501256	17710000.0
11	7	7	3	1	 8	6	6	3	1	550.2419485113586	1949000000.0
12	7	7	3	1	 8	6	6	3	1	466.56878661352397	1181000000.0
13	7	7	3	1	 8	6	6	3	1	417.1964225066091	777900000.0
14	7	7	3	1	 8	6	6	3	1	384.8799665684229	543600000.0
15	7	7	3	1	 8	6	6	3	1	362.24283606377304	397300000.0
 9	5	5	1	1	 8	6	6	1	1	1235.034876864889	78250000.0
 9	7	7	1	1	 8	6	6	1	1	1235.0348475727446	8048000000.0
10	5	5	1	1	 8	6	6	1	1	720.013614917228	33700000.0
10	7	7	1	1	 8	6	6	1	1	720.013611902062	3628000000.0
11	5	5	1	1	 8	6	6	1	1	550.2419566846515	17710000.0
11	7	7	1	1	 8	6	6	1	1	550.2419485113586	1949000000.0
12	7	7	1	1	 8	6	6	1	1	466.56878661352397	1181000000.0
13	7	7	1	1	 8	6	6	1	1	417.1964225066091	777900000.0
14	7	7	1	1	 8	6	6	1	1	384.8799665684229	543600000.0
15	7	7	1	1	 8	6	6	1	1	362.24283606377304	397300000.0
 9	4	4	1	1	 8	3	3	1	1	1235.048194546076	3617000000.0
 9	2	2	1	1	 8	3	3	1	1	1234.703144335502	515200000.0
10	4	4	1	1	 8	3	3	1	1	720.0180033229816	2602000000.0
10	2	2	1	1	 8	3	3	1	1	719.9319602669136	316100000.0
11	4	4	1	1	 8	3	3	1	1	550.2445221790315	1884000000.0
11	2	2	1	1	 8	3	3	1	1	550.2065895818879	208800000.0
12	4	4	1	1	 8	3	3	1	1	466.57063426334275	1403000000.0
12	2	2	1	1	 8	3	3	1	1	466.549550066841	146600000.0
13	4	4	1	1	 8	3	3	1	1	417.19790047706414	1074000000.0
13	2	2	1	1	 8	3	3	1	1	417.1846017746939	107700000.0
14	4	4	1	1	 8	3	3	1	1	384.88122481037936	840300000.0
14	2	2	1	1	 8	3	3	1	1	384.87213931228257	81820000.0
15	4	4	1	1	 8	3	3	1	1	362.24395093647144	670700000.0
15	2	2	1	1	 8	3	3	1	1	362.23738992799656	63900000.0
 9	3	3	1	1	 8	2	2	1	1	1235.5125030046152	2676000000.0
10	3	3	1	1	 8	2	2	1	1	720.1766101301596	1996000000.0
11	3	3	1	1	 8	2	2	1	1	550.3374831305106	1485000000.0
12	3	3	1	1	 8	2	2	1	1	466.63764416922504	1130000000.0
13	3	3	1	1	 8	2	2	1	1	417.2515795410168	878500000.0
14	3	3	1	1	 8	2	2	1	1	384.92697409149184	697200000.0
15	3	3	1	1	 8	2	2	1	1	362.2845202351662	564200000.0
 9	0	0	1	1	 8	1	1	1	1	1250.9666163559914	2049000000.0
 9	2	2	1	1	 8	1	1	1	1	1240.2021974623722	1917000000.0
10	0	0	1	1	 8	1	1	1	1	724.4358815596576	1425000000.0
10	2	2	1	1	 8	1	1	1	1	721.7980823083459	1441000000.0
11	0	0	1	1	 8	1	1	1	1	552.4466447110732	1032000000.0
11	2	2	1	1	 8	1	1	1	1	551.2958792855717	1084000000.0
12	0	0	1	1	 8	1	1	1	1	467.96670895659094	782100000.0
12	2	2	1	1	 8	1	1	1	1	467.332540872271	835100000.0
13	0	0	1	1	 8	1	1	1	1	418.207253699894	617800000.0
13	2	2	1	1	 8	1	1	1	1	417.810553066885	660000000.0
14	0	0	1	1	 8	1	1	1	1	385.6732743651892	513000000.0
14	2	2	1	1	 8	1	1	1	1	385.40481942114235	537200000.0
15	0	0	1	1	 8	1	1	1	1	362.9001351238135	476400000.0
15	2	2	1	1	 8	1	1	1	1	362.709219041622	464600000.0
10	1	1	3	1	 9	0	0	3	1	1685.1423385913993	599500000.0
11	1	1	3	1	 9	0	0	3	1	977.2574737862568	463800000.0
12	1	1	3	1	 9	0	0	3	1	740.6757467279738	353100000.0
13	1	1	3	1	 9	0	0	3	1	623.2766670259414	271400000.0
14	1	1	3	1	 9	0	0	3	1	553.6580848341493	209100000.0
15	1	1	3	1	 9	0	0	3	1	507.897495542011	153900000.0
10	0	0	3	1	 9	1	1	3	1	1747.51062690681	1248000000.0
10	2	2	3	1	 9	1	1	3	1	1706.1553789538043	979200000.0
11	0	0	3	1	 9	1	1	3	1	995.6957331249138	875000000.0
11	2	2	3	1	 9	1	1	3	1	985.4905230276371	765800000.0
12	0	0	3	1	 9	1	1	3	1	750.3481502143845	630400000.0
12	2	2	3	1	 9	1	1	3	1	745.8730590173841	589500000.0
13	0	0	3	1	 9	1	1	3	1	629.6735205856943	466600000.0
13	2	2	3	1	 9	1	1	3	1	627.1943666993784	459200000.0
14	0	0	3	1	 9	1	1	3	1	558.4469742498384	349100000.0
14	2	2	3	1	 9	1	1	3	1	556.8871661728235	361200000.0
15	0	0	3	1	 9	1	1	3	1	511.7647619630974	250600000.0
15	2	2	3	1	 9	1	1	3	1	510.702348931918	280200000.0
10	1	1	3	1	 9	2	2	3	1	1741.0962817443344	577400000.0
10	3	3	3	1	 9	2	2	3	1	1725.1421269461787	1401000000.0
11	1	1	3	1	 9	2	2	3	1	995.8166938762887	390400000.0
11	3	3	3	1	 9	2	2	3	1	991.8820867939565	1083000000.0
12	1	1	3	1	 9	2	2	3	1	751.2879575869192	275600000.0
12	3	3	3	1	 9	2	2	3	1	749.5631787878128	829200000.0
13	1	1	3	1	 9	2	2	3	1	630.7743349670592	202600000.0
13	3	3	3	1	 9	2	2	3	1	629.8191573908211	645400000.0
14	1	1	3	1	 9	2	2	3	1	559.566412926626	153400000.0
14	3	3	3	1	 9	2	2	3	1	558.9657330511151	511300000.0
15	1	1	3	1	 9	2	2	3	1	512.865140759756	117700000.0
15	3	3	3	1	 9	2	2	3	1	512.4563902635102	411100000.0
10	2	2	3	1	 9	3	3	3	1	1727.6747846439494	341000000.0
10	4	4	3	1	 9	3	3	3	1	1726.5726745909926	1854000000.0
11	2	2	3	1	 9	3	3	3	1	992.6320394594804	218600000.0
11	4	4	3	1	 9	3	3	3	1	992.3570383054766	1401000000.0
12	2	2	3	1	 9	3	3	3	1	749.9567307747394	149000000.0
12	4	4	3	1	 9	3	3	3	1	749.8352894465836	1052000000.0
13	2	2	3	1	 9	3	3	3	1	630.0793752951822	107100000.0
13	4	4	3	1	 9	3	3	3	1	630.0117311860383	807400000.0
14	2	2	3	1	 9	3	3	3	1	559.1604483786242	80120000.0
14	4	4	3	1	 9	3	3	3	1	559.1176878474569	632700000.0
15	2	2	3	1	 9	3	3	3	1	512.6135555493595	61750000.0
15	4	4	3	1	 9	3	3	3	1	512.5842848221056	505100000.0
10	3	3	3	1	 9	4	4	3	1	1726.6399824943646	217000000.0
10	5	5	3	1	 9	4	4	3	1	1726.6106568508426	2394000000.0
11	3	3	3	1	 9	4	4	3	1	992.3770580978146	128900000.0
11	5	5	3	1	 9	4	4	3	1	992.3696168408591	1722000000.0
12	3	3	3	1	 9	4	4	3	1	749.8458121814585	83590000.0
12	5	5	3	1	 9	4	4	3	1	749.842484306236	1247000000.0
13	3	3	3	1	 9	4	4	3	1	630.0186893919034	57990000.0
13	5	5	3	1	 9	4	4	3	1	630.0168175214109	930100000.0
14	3	3	3	1	 9	4	4	3	1	559.1228907698503	42250000.0
14	5	5	3	1	 9	4	4	3	1	559.1216983334336	712900000.0
15	3	3	3	1	 9	4	4	3	1	512.5884799815768	31930000.0
15	5	5	3	1	 9	4	4	3	1	512.5876585554136	559400000.0
10	5	5	3	1	 9	6	6	3	1	1726.6112499689027	74250000.0
10	7	7	3	1	 9	6	6	3	1	1726.6112283771613	3851000000.0
11	5	5	3	1	 9	6	6	3	1	992.3698127700607	35640000.0
11	7	7	3	1	 9	6	6	3	1	992.36978499629	2177000000.0
12	5	5	3	1	 9	6	6	3	1	749.8425961707436	20050000.0
12	7	7	3	1	 9	6	6	3	1	749.8425916665448	1337000000.0
13	5	5	3	1	 9	6	6	3	1	630.0168964903864	12580000.0
13	7	7	3	1	 9	6	6	3	1	630.0168939205164	885000000.0
14	5	5	3	1	 9	6	6	3	1	559.1217605297846	8495000.0
14	7	7	3	1	 9	6	6	3	1	559.1217589174092	620100000.0
15	5	5	3	1	 9	6	6	3	1	512.5877108297466	6058000.0
15	7	7	3	1	 9	6	6	3	1	512.5877096187611	453800000.0
10	5	5	1	1	 9	6	6	1	1	1726.6112457159572	74250000.0
10	7	7	1	1	 9	6	6	1	1	1726.6112283771613	3851000000.0
11	5	5	1	1	 9	6	6	1	1	992.369811581295	35640000.0
11	7	7	1	1	 9	6	6	1	1	992.36978499629	2177000000.0
12	5	5	1	1	 9	6	6	1	1	749.8425956154305	20050000.0
12	7	7	1	1	 9	6	6	1	1	749.8425916665448	1337000000.0
13	5	5	1	1	 9	6	6	1	1	630.0168961854877	12580000.0
13	7	7	1	1	 9	6	6	1	1	630.0168939205164	885000000.0
14	5	5	1	1	 9	6	6	1	1	559.1217603239464	8495000.0
14	7	7	1	1	 9	6	6	1	1	559.1217589174092	620100000.0
15	5	5	1	1	 9	6	6	1	1	512.5877106567533	6058000.0
15	7	7	1	1	 9	6	6	1	1	512.5877096187611	453800000.0
10	7	7	1	1	 9	8	8	1	1	1726.6112355744394	11030000.0
10	9	9	1	1	 9	8	8	1	1	1726.6112332844134	6016000000.0
11	9	9	1	1	 9	8	8	1	1	992.3696093841011	1496000000.0
12	9	9	1	1	 9	8	8	1	1	749.8425929005759	588800000.0
13	9	9	1	1	 9	8	8	1	1	630.0168925266898	292900000.0
14	9	9	1	1	 9	8	8	1	1	559.1217594663016	168100000.0
15	9	9	1	1	 9	8	8	1	1	512.5877098206001	106100000.0
10	7	7	3	1	 9	8	8	3	1	1726.6112355744394	11030000.0
10	9	9	3	1	 9	8	8	3	1	1726.6112332844134	6016000000.0
11	9	9	3	1	 9	8	8	3	1	992.3696093841011	1496000000.0
12	9	9	3	1	 9	8	8	3	1	749.8425929005759	588800000.0
13	9	9	3	1	 9	8	8	3	1	630.0168925266898	292900000.0
14	9	9	3	1	 9	8	8	3	1	559.1217594663016	168100000.0
15	9	9	3	1	 9	8	8	3	1	512.5877098206001	106100000.0
10	5	5	1	1	 9	4	4	1	1	1726.6113965309617	2394000000.0
10	3	3	1	1	 9	4	4	1	1	1726.5970659557036	216900000.0
11	5	5	1	1	 9	4	4	1	1	992.3698614011539	1722000000.0
11	3	3	1	1	 9	4	4	1	1	992.3662311577597	128900000.0
12	5	5	1	1	 9	4	4	1	1	749.8426240597543	1247000000.0
12	3	3	1	1	 9	4	4	1	1	749.8410035392999	83590000.0
13	5	5	1	1	 9	4	4	1	1	630.0169162653065	930100000.0
13	3	3	1	1	 9	4	4	1	1	630.0160060543101	57990000.0
14	5	5	1	1	 9	4	4	1	1	559.1217761389096	712900000.0
14	3	3	1	1	 9	4	4	1	1	559.1211968866123	42250000.0
15	5	5	1	1	 9	4	4	1	1	512.5877239487974	559400000.0
15	3	3	1	1	 9	4	4	1	1	512.587325187881	31930000.0
10	4	4	3	1	 9	5	5	3	1	1726.6125255174861	132800000.0
10	6	6	3	1	 9	5	5	3	1	1726.6118538832022	3051000000.0
11	4	4	3	1	 9	5	5	3	1	992.3702026834164	71850000.0
11	6	6	3	1	 9	5	5	3	1	992.3700760263918	2008000000.0
12	4	4	3	1	 9	5	5	3	1	749.8428055851314	43760000.0
12	6	6	3	1	 9	5	5	3	1	749.8427470305357	1365000000.0
13	4	4	3	1	 9	5	5	3	1	630.0170370926598	29030000.0
13	6	6	3	1	 9	5	5	3	1	630.0170033794736	971700000.0
14	4	4	3	1	 9	5	5	3	1	559.121866809065	20460000.0
14	6	6	3	1	 9	5	5	3	1	559.1218450248922	718800000.0
15	4	4	3	1	 9	5	5	3	1	512.5877971271095	15070000.0
15	6	6	3	1	 9	5	5	3	1	512.587782018583	548500000.0
10	4	4	1	1	 9	5	5	1	1	1726.6119464659175	132800000.0
10	6	6	1	1	 9	5	5	1	1	1726.6118591175648	3051000000.0
11	6	6	1	1	 9	5	5	1	1	992.370077755498	2008000000.0
11	4	4	1	1	 9	5	5	1	1	992.3700514946765	71850000.0
12	6	6	1	1	 9	5	5	1	1	749.8427480177576	1365000000.0
12	4	4	1	1	 9	5	5	1	1	749.8427366030044	43760000.0
13	6	6	1	1	 9	5	5	1	1	630.0170040763871	971700000.0
13	4	4	1	1	 9	5	5	1	1	630.0169977606014	29030000.0
14	6	6	1	1	 9	5	5	1	1	559.1218455737846	718800000.0
14	4	4	1	1	 9	5	5	1	1	559.1218414913975	20460000.0
15	6	6	1	1	 9	5	5	1	1	512.5877824510743	548500000.0
15	4	4	1	1	 9	5	5	1	1	512.5877795966031	15070000.0
10	6	6	1	1	 9	7	7	1	1	1726.611916368447	34920000.0
10	8	8	1	1	 9	7	7	1	1	1726.6117384001288	4826000000.0
11	6	6	1	1	 9	7	7	1	1	992.3700966676113	14340000.0
11	8	8	1	1	 9	7	7	1	1	992.3700946142765	2088000000.0
12	8	8	1	1	 9	7	7	1	1	749.8427520283561	1088000000.0
13	8	8	1	1	 9	7	7	1	1	630.0170106970596	643900000.0
14	8	8	1	1	 9	7	7	1	1	559.121851199935	416300000.0
15	8	8	1	1	 9	7	7	1	1	512.5877869202099	286800000.0
10	6	6	3	1	 9	7	7	3	1	1726.611916368447	34920000.0
10	8	8	3	1	 9	7	7	3	1	1726.6117384001288	4826000000.0
11	6	6	3	1	 9	7	7	3	1	992.3700966676113	14340000.0
11	8	8	3	1	 9	7	7	3	1	992.3700946142765	2088000000.0
12	8	8	3	1	 9	7	7	3	1	749.8427520283561	1088000000.0
13	8	8	3	1	 9	7	7	3	1	630.0170106970596	643900000.0
14	8	8	3	1	 9	7	7	3	1	559.121851199935	416300000.0
15	8	8	3	1	 9	7	7	3	1	512.5877869202099	286800000.0
10	4	4	1	1	 9	3	3	1	1	1726.6302250536019	1854000000.0
10	2	2	1	1	 9	3	3	1	1	1726.135509865518	338000000.0
11	4	4	1	1	 9	3	3	1	1	992.3760895695908	1400000000.0
11	2	2	1	1	 9	3	3	1	1	992.2527138636377	216700000.0
12	4	4	1	1	 9	3	3	1	1	749.846183997077	1052000000.0
12	2	2	1	1	 9	3	3	1	1	749.7917268721476	147800000.0
13	4	4	1	1	 9	3	3	1	1	630.0194313918157	807300000.0
13	2	2	1	1	 9	3	3	1	1	629.9891046422476	106300000.0
14	4	4	1	1	 9	3	3	1	1	559.1237582303129	632600000.0
14	2	2	1	1	 9	3	3	1	1	559.1045845032057	79610000.0
15	4	4	1	1	 9	3	3	1	1	512.5893905627606	505100000.0
15	2	2	1	1	 9	3	3	1	1	512.5762533184595	61500000.0
10	3	3	1	1	 9	2	2	1	1	1727.2718853258586	1406000000.0
11	3	3	1	1	 9	2	2	1	1	992.5891143518647	1086000000.0
12	3	3	1	1	 9	2	2	1	1	749.9682506415201	830900000.0
13	3	3	1	1	 9	2	2	1	1	630.1058318183372	647000000.0
14	3	3	1	1	 9	2	2	1	1	559.1919430186015	513300000.0
15	3	3	1	1	 9	2	2	1	1	512.6467847817573	415000000.0
10	0	0	1	1	 9	1	1	1	1	1748.9897964340519	1215000000.0
10	2	2	1	1	 9	1	1	1	1	1733.6935220237697	1035000000.0
11	0	0	1	1	 9	1	1	1	1	998.4984912512502	870800000.0
11	2	2	1	1	 9	1	1	1	1	994.7455554187031	800100000.0
12	0	0	1	1	 9	1	1	1	1	752.8542464632881	646700000.0
12	2	2	1	1	 9	1	1	1	1	751.2142680447861	616700000.0
13	0	0	1	1	 9	1	1	1	1	631.8983082596156	501700000.0
13	2	2	1	1	 9	1	1	1	1	630.9930683177915	485700000.0
14	0	0	1	1	 9	1	1	1	1	560.4619354540407	408600000.0
14	2	2	1	1	 9	1	1	1	1	559.8951906075355	393100000.0
15	0	0	1	1	 9	1	1	1	1	513.6230201560679	367300000.0
15	2	2	1	1	 9	1	1	1	1	513.2406690665227	335500000.0
11	1	1	3	1	10	0	0	3	1	2279.1047046094054	353000000.0
12	1	1	3	1	10	0	0	3	1	1306.1387229012157	278400000.0
13	1	1	3	1	10	0	0	3	1	980.468163019124	215100000.0
14	1	1	3	1	10	0	0	3	1	818.5544197340093	166400000.0
15	1	1	3	1	10	0	0	3	1	722.3355133943368	124300000.0
11	0	0	3	1	10	1	1	3	1	2363.16334416631	776500000.0
11	2	2	3	1	10	1	1	3	1	2306.4760735436066	563700000.0
12	0	0	3	1	10	1	1	3	1	1330.5774044617667	557300000.0
12	2	2	3	1	10	1	1	3	1	1316.569981390809	450300000.0
13	0	0	3	1	10	1	1	3	1	993.0848312306616	408300000.0
13	2	2	3	1	10	1	1	3	1	986.9322184842479	352800000.0
14	0	0	3	1	10	1	1	3	1	826.774912198764	304400000.0
14	2	2	3	1	10	1	1	3	1	823.3606301081531	278200000.0
15	0	0	3	1	10	1	1	3	1	728.4055921686788	221200000.0
15	2	2	3	1	10	1	1	3	1	726.2551999441843	217300000.0
11	1	1	3	1	10	2	2	3	1	2353.5044634530764	371900000.0
11	3	3	3	1	10	2	2	3	1	2331.6450061492815	790800000.0
12	1	1	3	1	10	2	2	3	1	1330.2383878958456	258800000.0
12	3	3	3	1	10	2	2	3	1	1324.8406492237646	627500000.0
13	1	1	3	1	10	2	2	3	1	993.9859615944258	186600000.0
13	3	3	3	1	10	2	2	3	1	991.6161268121732	491200000.0
14	1	1	3	1	10	2	2	3	1	827.9548216286682	139400000.0
14	3	3	3	1	10	2	2	3	1	826.6404156282169	389500000.0
15	1	1	3	1	10	2	2	3	1	729.6459508861001	106000000.0
15	3	3	3	1	10	2	2	3	1	728.8189042410795	313200000.0
11	2	2	3	1	10	3	3	3	1	2335.0834140861966	229400000.0
11	4	4	3	1	10	3	3	3	1	2333.562165992097	1025000000.0
12	2	2	3	1	10	3	3	3	1	1325.8417325348191	152500000.0
12	4	4	3	1	10	3	3	3	1	1325.4622223247068	802500000.0
13	2	2	3	1	10	3	3	3	1	992.1331775147288	106700000.0
13	4	4	3	1	10	3	3	3	1	991.9654699668151	620500000.0
14	2	2	3	1	10	3	3	3	1	826.9773079272379	78300000.0
14	4	4	3	1	10	3	3	3	1	826.883779963076	487300000.0
15	2	2	3	1	10	3	3	3	1	729.0676395809727	59510000.0
15	4	4	3	1	10	3	3	3	1	729.0084318370496	389300000.0
11	3	3	3	1	10	4	4	3	1	2333.655381997648	154000000.0
11	5	5	3	1	10	4	4	3	1	2333.6142327485495	1299000000.0
12	3	3	3	1	10	4	4	3	1	1325.4894599621662	95830000.0
12	5	5	3	1	10	4	4	3	1	1325.4790613789605	983400000.0
13	3	3	3	1	10	4	4	3	1	991.9795598550985	64170000.0
13	5	5	3	1	10	4	4	3	1	991.9749192604165	740800000.0
14	3	3	3	1	10	4	4	3	1	826.8929636882982	45610000.0
14	5	5	3	1	10	4	4	3	1	826.8903556207559	569700000.0
15	3	3	3	1	10	4	4	3	1	729.0152105803775	33860000.0
15	5	5	3	1	10	4	4	3	1	729.0135490674138	447700000.0
11	4	4	3	1	10	5	5	3	1	2333.615733329464	101400000.0
11	6	6	3	1	10	5	5	3	1	2333.6150329386132	1624000000.0
12	4	4	3	1	10	5	5	3	1	1325.479504233608	58260000.0
12	6	6	3	1	10	5	5	3	1	1325.4793212692337	1158000000.0
13	4	4	3	1	10	5	5	3	1	991.9751493723976	36950000.0
13	6	6	3	1	10	5	5	3	1	991.9750657934723	833700000.0
14	4	4	3	1	10	5	5	3	1	826.890505761065	25250000.0
14	6	6	3	1	10	5	5	3	1	826.8904581153201	619300000.0
15	4	4	3	1	10	5	5	3	1	729.013659644194	18200000.0
15	6	6	3	1	10	5	5	3	1	729.0136290839431	473500000.0
11	6	6	1	1	10	5	5	1	1	2333.615040707506	1624000000.0
11	4	4	1	1	10	5	5	1	1	2333.6148954898576	101400000.0
12	6	6	1	1	10	5	5	1	1	1325.4793237756119	1158000000.0
12	4	4	1	1	10	5	5	1	1	1325.479288108163	58260000.0
13	6	6	1	1	10	5	5	1	1	991.9750671972624	833700000.0
13	4	4	1	1	10	5	5	1	1	991.9750515396925	36950000.0
14	6	6	1	1	10	5	5	1	1	826.8904590907513	619300000.0
14	4	4	1	1	10	5	5	1	1	826.8904501618664	25250000.0
15	6	6	1	1	10	5	5	1	1	729.0136297837921	473500000.0
15	4	4	1	1	10	5	5	1	1	729.0136240100089	18200000.0
11	6	6	3	1	10	7	7	3	1	2333.6150723804362	35740000.0
11	8	8	3	1	10	7	7	3	1	2333.615061025861	2477000000.0
12	6	6	3	1	10	7	7	3	1	1325.479333993843	16440000.0
12	8	8	3	1	10	7	7	3	1	1325.479312786179	1358000000.0
13	6	6	3	1	10	7	7	3	1	991.9750729203623	8967000.0
13	8	8	3	1	10	7	7	3	1	991.9750704367216	814900000.0
14	6	6	3	1	10	7	7	3	1	826.8904630674782	5494000.0
14	8	8	3	1	10	7	7	3	1	826.8904622421151	529600000.0
15	8	8	3	1	10	7	7	3	1	729.0136317083976	365800000.0
11	6	6	1	1	10	7	7	1	1	2333.6150723804362	35740000.0
11	8	8	1	1	10	7	7	1	1	2333.615061025861	2477000000.0
12	6	6	1	1	10	7	7	1	1	1325.479333993843	16440000.0
12	8	8	1	1	10	7	7	1	1	1325.479312786179	1358000000.0
13	6	6	1	1	10	7	7	1	1	991.9750729203623	8967000.0
13	8	8	1	1	10	7	7	1	1	991.9750704367216	814900000.0
14	6	6	1	1	10	7	7	1	1	826.8904630674782	5494000.0
14	8	8	1	1	10	7	7	1	1	826.8904622421151	529600000.0
15	8	8	1	1	10	7	7	1	1	729.0136317083976	365800000.0
11	10	10	1	1	10	9	9	1	1	2333.615065209072	3699000000.0
12	10	10	1	1	10	9	9	1	1	1325.4793309090908	871400000.0
13	10	10	1	1	10	9	9	1	1	991.9750709766622	328800000.0
14	10	10	1	1	10	9	9	1	1	826.8904600661825	158100000.0
15	10	10	1	1	10	9	9	1	1	729.0136315917533	88300000.0
11	10	10	3	1	10	9	9	3	1	2333.615065209072	3699000000.0
12	10	10	3	1	10	9	9	3	1	1325.4793309090908	871400000.0
13	10	10	3	1	10	9	9	3	1	991.9750709766622	328800000.0
14	10	10	3	1	10	9	9	3	1	826.8904600661825	158100000.0
15	10	10	3	1	10	9	9	3	1	729.0136315917533	88300000.0
11	5	5	1	1	10	4	4	1	1	2333.615293493612	1299000000.0
11	3	3	1	1	10	4	4	1	1	2333.5952189819686	154000000.0
12	5	5	1	1	10	4	4	1	1	1325.4794039791718	983400000.0
12	3	3	1	1	10	4	4	1	1	1325.47434037771	95850000.0
13	5	5	1	1	10	4	4	1	1	991.9751113623639	740800000.0
13	3	3	1	1	10	4	4	1	1	991.9728548441262	64170000.0
14	5	5	1	1	10	4	4	1	1	826.8904891788605	569700000.0
14	3	3	1	1	10	4	4	1	1	826.8892222543781	45610000.0
15	5	5	1	1	10	4	4	1	1	729.013652878959	447700000.0
15	3	3	1	1	10	4	4	1	1	729.0128462991161	33870000.0
11	5	5	3	1	10	6	6	3	1	2333.6154596272013	63180000.0
11	7	7	3	1	10	6	6	3	1	2333.6153060430775	2012000000.0
12	5	5	3	1	10	6	6	3	1	1325.4794571911134	32890000.0
12	7	7	3	1	10	6	6	3	1	1325.4794431169257	1299000000.0
13	5	5	3	1	10	6	6	3	1	991.9751409497165	19510000.0
13	7	7	3	1	10	6	6	3	1	991.9751345787055	870400000.0
14	5	5	3	1	10	6	6	3	1	826.8905096627691	12700000.0
14	7	7	3	1	10	6	6	3	1	826.8905061362243	612900000.0
15	5	5	3	1	10	6	6	3	1	729.0136688005954	8825000.0
15	7	7	3	1	10	6	6	3	1	729.0136663511154	449600000.0
11	5	5	1	1	10	6	6	1	1	2333.6154530535337	63180000.0
11	7	7	1	1	10	6	6	1	1	2333.6153060430775	2012000000.0
12	5	5	1	1	10	6	6	1	1	1325.4794554559364	32890000.0
12	7	7	1	1	10	6	6	1	1	1325.4794431169257	1299000000.0
13	5	5	1	1	10	6	6	1	1	991.9751401938364	19510000.0
13	7	7	1	1	10	6	6	1	1	991.9751345787055	870400000.0
14	5	5	1	1	10	6	6	1	1	826.890509212565	12700000.0
14	7	7	1	1	10	6	6	1	1	826.8905061362243	612900000.0
15	5	5	1	1	10	6	6	1	1	729.0136684506791	8825000.0
15	7	7	1	1	10	6	6	1	1	729.0136663511154	449600000.0
11	7	7	3	1	10	8	8	3	1	2333.6156311392547	16960000.0
11	9	9	3	1	10	8	8	3	1	2333.614646887047	3033000000.0
12	7	7	3	1	10	8	8	3	1	1325.4795479985248	6638000.0
12	9	9	3	1	10	8	8	3	1	1325.4795476129239	1258000000.0
13	9	9	3	1	10	8	8	3	1	991.9751874904347	634300000.0
14	9	9	3	1	10	8	8	3	1	826.8905465037933	366000000.0
15	9	9	3	1	10	8	8	3	1	729.0136972029884	231800000.0
11	7	7	1	1	10	8	8	1	1	2333.6156311392547	16960000.0
11	9	9	1	1	10	8	8	1	1	2333.614646887047	3033000000.0
12	7	7	1	1	10	8	8	1	1	1325.4795479985248	6638000.0
12	9	9	1	1	10	8	8	1	1	1325.4795476129239	1258000000.0
13	9	9	1	1	10	8	8	1	1	991.9751874904347	634300000.0
14	9	9	1	1	10	8	8	1	1	826.8905465037933	366000000.0
15	9	9	1	1	10	8	8	1	1	729.0136972029884	231800000.0
11	4	4	1	1	10	3	3	1	1	2333.641073779636	1025000000.0
11	2	2	1	1	10	3	3	1	1	2332.958935819554	227500000.0
12	4	4	1	1	10	3	3	1	1	1325.487733633737	802300000.0
12	2	2	1	1	10	3	3	1	1	1325.3175814404951	151300000.0
13	4	4	1	1	10	3	3	1	1	991.9797817624449	620400000.0
13	2	2	1	1	10	3	3	1	1	991.9046001550197	105900000.0
14	4	4	1	1	10	3	3	1	1	826.8937369802037	487200000.0
14	2	2	1	1	10	3	3	1	1	826.8518013743918	77790000.0
15	4	4	1	1	10	3	3	1	1	729.016178774279	389300000.0
15	2	2	1	1	10	3	3	1	1	728.9896061355155	59260000.0
11	3	3	1	1	10	2	2	1	1	2334.4994935734894	793700000.0
12	3	3	1	1	10	2	2	1	1	1325.7660288252307	629300000.0
13	3	3	1	1	10	2	2	1	1	992.1362172456584	492500000.0
14	3	3	1	1	10	2	2	1	1	827.002732560158	390900000.0
15	3	3	1	1	10	2	2	1	1	729.1010737917167	315700000.0
11	0	0	1	1	10	1	1	1	1	2363.9793126703303	757400000.0
11	2	2	1	1	10	1	1	1	1	2343.050860677826	597400000.0
12	0	0	1	1	10	1	1	1	1	1333.7065321540729	556700000.0
12	2	2	1	1	10	1	1	1	1	1328.568372574493	472400000.0
13	0	0	1	1	10	1	1	1	1	995.9713978613328	423200000.0
13	2	2	1	1	10	1	1	1	1	993.7243892202208	371700000.0
14	0	0	1	1	10	1	1	1	1	829.3563823365408	337800000.0
14	2	2	1	1	10	1	1	1	1	828.115967163152	299300000.0
15	0	0	1	1	10	1	1	1	1	730.745755552422	294700000.0
15	2	2	1	1	10	1	1	1	1	729.9720613734908	252500000.0
12	1	1	3	1	11	0	0	3	1	2998.184543631776	218500000.0
13	1	1	3	1	11	0	0	3	1	1701.1413116910758	174900000.0
14	1	1	3	1	11	0	0	3	1	1266.4871527534774	136200000.0
15	1	1	3	1	11	0	0	3	1	1050.0694827922757	103000000.0
12	0	0	3	1	11	1	1	3	1	3108.454117929103	503100000.0
12	2	2	3	1	11	1	1	3	1	3033.066410894947	342600000.0
13	0	0	3	1	11	1	1	3	1	1732.7622552619846	367700000.0
13	2	2	3	1	11	1	1	3	1	1714.1171268337548	278200000.0
14	0	0	3	1	11	1	1	3	1	1282.5956644607381	272000000.0
14	2	2	3	1	11	1	1	3	1	1274.3974987745685	220700000.0
15	0	0	3	1	11	1	1	3	1	1060.4325624309934	198700000.0
15	2	2	3	1	11	1	1	3	1	1055.8810763779732	173500000.0
12	1	1	3	1	11	2	2	3	1	3094.6823155651364	247900000.0
12	3	3	3	1	11	2	2	3	1	3065.6251096476535	472700000.0
13	1	1	3	1	11	2	2	3	1	1731.7804161525005	176600000.0
13	3	3	3	1	11	2	2	3	1	1724.59957472811	382900000.0
14	1	1	3	1	11	2	2	3	1	1283.391673303045	129500000.0
14	3	3	3	1	11	2	2	3	1	1280.2362647307355	305100000.0
15	1	1	3	1	11	2	2	3	1	1061.6638734236724	97340000.0
15	3	3	3	1	11	2	2	3	1	1059.9138019517793	245500000.0
12	2	2	3	1	11	3	3	3	1	3070.160518012121	158300000.0
12	4	4	3	1	11	3	3	3	1	3068.126294169022	602400000.0
13	2	2	3	1	11	3	3	3	1	1725.9018260465612	108400000.0
13	4	4	3	1	11	3	3	3	1	1725.3943792110604	484400000.0
14	2	2	3	1	11	3	3	3	1	1280.900024276061	77560000.0
14	4	4	3	1	11	3	3	3	1	1280.6756578840977	383000000.0
15	2	2	3	1	11	3	3	3	1	1060.3409490498136	57890000.0
15	4	4	3	1	11	3	3	3	1	1060.2157163017316	306500000.0
12	3	3	3	1	11	4	4	3	1	3068.251070286489	110600000.0
12	5	5	3	1	11	4	4	3	1	3068.195351849764	750800000.0
13	3	3	3	1	11	4	4	3	1	1725.4303125265524	71480000.0
13	5	5	3	1	11	4	4	3	1	1725.4162727066791	590300000.0
14	3	3	3	1	11	4	4	3	1	1280.6939993634287	49170000.0
14	5	5	3	1	11	4	4	3	1	1280.687743168972	458100000.0
15	3	3	3	1	11	4	4	3	1	1060.2275260617732	35680000.0
15	5	5	3	1	11	4	4	3	1	1060.22401184736	361000000.0
12	4	4	3	1	11	5	5	3	1	3068.197424144732	76770000.0
12	6	6	3	1	11	5	5	3	1	3068.1964437814777	924100000.0
13	4	4	3	1	11	5	5	3	1	1725.4168738251321	46270000.0
13	6	6	3	1	11	5	5	3	1	1725.416620963316	696700000.0
14	4	4	3	1	11	5	5	3	1	1280.6880509465752	30340000.0
14	6	6	3	1	11	5	5	3	1	1280.687936654844	523000000.0
15	4	4	3	1	11	5	5	3	1	1060.2242098289232	21260000.0
15	6	6	3	1	11	5	5	3	1	1060.2241451919504	401400000.0
12	6	6	1	1	11	5	5	1	1	3068.1964551450656	924100000.0
12	4	4	1	1	11	5	5	1	1	3068.1962640310912	76770000.0
13	6	6	1	1	11	5	5	1	1	1725.4166245569772	696700000.0
13	4	4	1	1	11	5	5	1	1	1725.4165771861685	46270000.0
14	6	6	1	1	11	5	5	1	1	1280.68793863471	523000000.0
14	4	4	1	1	11	5	5	1	1	1280.6879172162667	30340000.0
15	6	6	1	1	11	5	5	1	1	1060.2241464254673	401400000.0
15	4	4	1	1	11	5	5	1	1	1060.2241342135303	21260000.0
12	5	5	3	1	11	6	6	3	1	3068.196562581964	51380000.0
12	7	7	3	1	11	6	6	3	1	3068.1964871694036	1128000000.0
13	5	5	3	1	11	6	6	3	1	1725.4166555929394	28480000.0
13	7	7	3	1	11	6	6	3	1	1725.4166363179233	793300000.0
14	5	5	3	1	11	6	6	3	1	1280.6879541136068	17630000.0
14	7	7	3	1	11	6	6	3	1	1280.6879456541978	565200000.0
15	5	5	3	1	11	6	6	3	1	1060.224156417046	11840000.0
15	7	7	3	1	11	6	6	3	1	1060.2241512362325	416500000.0
12	5	5	1	1	11	6	6	1	1	3068.196553284509	51380000.0
12	7	7	1	1	11	6	6	1	1	3068.1964871694036	1128000000.0
13	5	5	1	1	11	6	6	1	1	1725.416653306081	28480000.0
13	7	7	1	1	11	6	6	1	1	1725.4166363179233	793300000.0
14	5	5	1	1	11	6	6	1	1	1280.687953033666	17630000.0
14	7	7	1	1	11	6	6	1	1	1280.6879456541978	565200000.0
15	5	5	1	1	11	6	6	1	1	1060.2241556769497	11840000.0
15	7	7	1	1	11	6	6	1	1	1060.2241512362325	416500000.0
12	7	7	3	1	11	8	8	3	1	3068.196506797527	18460000.0
12	9	9	3	1	11	8	8	3	1	3068.1965047313934	1650000000.0
13	7	7	3	1	11	8	8	3	1	1725.4166425251901	8133000.0
13	9	9	3	1	11	8	8	3	1	1725.4166248836316	875800000.0
14	7	7	3	1	11	8	8	3	1	1280.687949073985	4298000.0
14	9	9	3	1	11	8	8	3	1	1280.6879479940442	512000000.0
15	9	9	3	1	11	8	8	3	1	1060.2241517296884	326000000.0
12	7	7	1	1	11	8	8	1	1	3068.196506797527	18460000.0
12	9	9	1	1	11	8	8	1	1	3068.1965047313934	1650000000.0
13	7	7	1	1	11	8	8	1	1	1725.4166425251901	8133000.0
13	9	9	1	1	11	8	8	1	1	1725.4166248836316	875800000.0
14	7	7	1	1	11	8	8	1	1	1280.687949073985	4298000.0
14	9	9	1	1	11	8	8	1	1	1280.6879479940442	512000000.0
15	9	9	1	1	11	8	8	1	1	1060.2241517296884	326000000.0
12	11	11	3	1	11	10	10	3	1	3068.1965036984734	2375000000.0
13	11	11	3	1	11	10	10	3	1	1725.416639258276	530900000.0
14	11	11	3	1	11	10	10	3	1	1280.6879407945917	192100000.0
15	11	11	3	1	11	10	10	3	1	1060.2241501260883	89300000.0
12	11	11	1	1	11	10	10	1	1	3068.1965036984734	2375000000.0
13	11	11	1	1	11	10	10	1	1	1725.416639258276	530900000.0
14	11	11	1	1	11	10	10	1	1	1280.6879407945917	192100000.0
15	11	11	1	1	11	10	10	1	1	1060.2241501260883	89300000.0
12	6	6	3	1	11	7	7	3	1	3068.196709275122	32360000.0
12	8	8	3	1	11	7	7	3	1	3068.1965956398117	1367000000.0
13	6	6	3	1	11	7	7	3	1	1725.4167049239566	16200000.0
13	8	8	3	1	11	7	7	3	1	1725.4166974098866	862600000.0
14	6	6	3	1	11	7	7	3	1	1280.6879829115198	9347000.0
14	8	8	3	1	11	7	7	3	1	1280.6879809316536	567700000.0
15	6	6	3	1	11	7	7	3	1	1060.224176893695	5959000.0
15	8	8	3	1	11	7	7	3	1	1060.224174303288	394100000.0
12	6	6	1	1	11	7	7	1	1	3068.196709275122	32360000.0
12	8	8	1	1	11	7	7	1	1	3068.1965956398117	1367000000.0
13	6	6	1	1	11	7	7	1	1	1725.4167049239566	16200000.0
13	8	8	1	1	11	7	7	1	1	1725.4166974098866	862600000.0
14	6	6	1	1	11	7	7	1	1	1280.6879829115198	9347000.0
14	8	8	1	1	11	7	7	1	1	1280.6879809316536	567700000.0
15	6	6	1	1	11	7	7	1	1	1060.2241767703222	5959000.0
15	8	8	1	1	11	7	7	1	1	1060.224174303288	394100000.0
12	5	5	1	1	11	4	4	1	1	3068.196804315527	750800000.0
12	3	3	1	1	11	4	4	1	1	3068.1696725663132	110600000.0
13	5	5	1	1	11	4	4	1	1	1725.4167326930071	590300000.0
13	3	3	1	1	11	4	4	1	1	1725.409905776734	71500000.0
14	5	5	1	1	11	4	4	1	1	1280.687996770532	458100000.0
14	3	3	1	1	11	4	4	1	1	1280.684957698119	49180000.0
15	5	5	1	1	11	4	4	1	1	1060.2241856517571	361000000.0
15	3	3	1	1	11	4	4	1	1	1060.2224796823584	35680000.0
12	10	10	1	1	11	9	9	1	1	3068.198386946895	1983000000.0
12	8	8	1	1	11	9	9	1	1	3068.1982970715853	8821000.0
13	10	10	1	1	11	9	9	1	1	1725.4172348232082	788200000.0
14	10	10	1	1	11	9	9	1	1	1280.688270890721	384300000.0
15	10	10	1	1	11	9	9	1	1	1060.2243763555475	215800000.0
12	10	10	3	1	11	9	9	3	1	3068.198386946895	1983000000.0
12	8	8	3	1	11	9	9	3	1	3068.1982970715853	8821000.0
13	10	10	3	1	11	9	9	3	1	1725.4172348232082	788200000.0
14	10	10	3	1	11	9	9	3	1	1280.688270890721	384300000.0
15	10	10	3	1	11	9	9	3	1	1060.2243763555475	215800000.0
12	4	4	1	1	11	3	3	1	1	3068.2309665808702	602500000.0
12	2	2	1	1	11	3	3	1	1	3067.319398878757	157000000.0
13	4	4	1	1	11	3	3	1	1	1725.4275515889378	484300000.0
13	2	2	1	1	11	3	3	1	1	1725.2001072734422	107600000.0
14	4	4	1	1	11	3	3	1	1	1280.6939633656739	383000000.0
14	2	2	1	1	11	3	3	1	1	1280.5933716642473	77040000.0
15	4	4	1	1	11	3	3	1	1	1060.228277903648	306500000.0
15	2	2	1	1	11	3	3	1	1	1060.1720758836368	57620000.0
12	3	3	1	1	11	2	2	1	1	3069.3496040637433	474500000.0
13	3	3	1	1	11	2	2	1	1	1725.7829922773383	384100000.0
14	3	3	1	1	11	2	2	1	1	1280.8904925025713	306200000.0
15	3	3	1	1	11	2	2	1	1	1060.3633380902913	247200000.0
12	0	0	1	1	11	1	1	1	1	3108.2430141872705	491800000.0
12	2	2	1	1	11	1	1	1	1	3080.478090062145	364000000.0
13	0	0	1	1	11	1	1	1	1	1736.1716085215119	370000000.0
13	2	2	1	1	11	1	1	1	1	1729.354994094809	293300000.0
14	0	0	1	1	11	1	1	1	1	1285.8605574565806	288800000.0
14	2	2	1	1	11	1	1	1	1	1282.8812518505717	235500000.0
15	0	0	1	1	11	1	1	1	1	1063.377235529095	244700000.0
15	2	2	1	1	11	1	1	1	1	1061.7396568052425	196600000.0
13	1	1	3	1	12	0	0	3	1	3854.324593077851	141000000.0
14	1	1	3	1	12	0	0	3	1	2168.2860002523057	113800000.0
15	1	1	3	1	12	0	0	3	1	1602.7538632466092	87230000.0
13	0	0	3	1	12	1	1	3	1	3995.7398899767622	337100000.0
13	2	2	3	1	12	1	1	3	1	3897.9663804847332	217600000.0
14	0	0	3	1	12	1	1	3	1	2208.371991611175	249400000.0
14	2	2	3	1	12	1	1	3	1	2184.17939139638	178900000.0
15	0	0	3	1	12	1	1	3	1	1622.9426236224629	182100000.0
15	2	2	3	1	12	1	1	3	1	1612.3059513544117	141900000.0
13	1	1	3	1	12	2	2	3	1	3976.889448639151	170100000.0
13	3	3	3	1	12	2	2	3	1	3939.2235456913936	296100000.0
14	1	1	3	1	12	2	2	3	1	2206.5423013250074	123400000.0
14	3	3	3	1	12	2	2	3	1	2197.2313447278652	243900000.0
15	1	1	3	1	12	2	2	3	1	1623.5608677260952	91290000.0
15	3	3	3	1	12	2	2	3	1	1619.4716510451085	197100000.0
13	2	2	3	1	12	3	3	3	1	3945.0653081625824	111700000.0
13	4	4	3	1	12	3	3	3	1	3942.414961927743	372100000.0
14	2	2	3	1	12	3	3	3	1	2198.8893146618184	78470000.0
14	4	4	3	1	12	3	3	3	1	2198.2281957840337	305400000.0
15	2	2	3	1	12	3	3	3	1	1620.3073071196973	57200000.0
15	4	4	3	1	12	3	3	3	1	1620.01489555975	246000000.0
13	3	3	3	1	12	4	4	3	1	3942.5774856984863	80620000.0
13	5	5	3	1	12	4	4	3	1	3942.504182550943	457300000.0
14	3	3	3	1	12	4	4	3	1	2198.274435541277	53750000.0
14	5	5	3	1	12	4	4	3	1	2198.2560031454314	369800000.0
15	3	3	3	1	12	4	4	3	1	1620.0382333926873	37830000.0
15	5	5	3	1	12	4	4	3	1	1620.0300283683591	293800000.0
13	4	4	3	1	12	5	5	3	1	3942.506955995684	58180000.0
13	6	6	3	1	12	5	5	3	1	3942.5056357947806	555300000.0
14	4	4	3	1	12	5	5	3	1	2198.2567964548643	36490000.0
14	6	6	3	1	12	5	5	3	1	2198.2564597224546	435900000.0
15	4	4	3	1	12	5	5	3	1	1620.0304289838873	24610000.0
15	6	6	3	1	12	5	5	3	1	1620.030278069062	337800000.0
13	6	6	1	1	12	5	5	1	1	3942.505651145983	555300000.0
13	4	4	1	1	12	5	5	1	1	3942.505403821291	58180000.0
14	6	6	1	1	12	5	5	1	1	2198.2564644950485	435900000.0
14	4	4	1	1	12	5	5	1	1	2198.2564013908905	36490000.0
15	6	6	1	1	12	5	5	1	1	1620.0302803730644	337800000.0
15	4	4	1	1	12	5	5	1	1	1620.0302518605554	24610000.0
13	5	5	3	1	12	6	6	3	1	3942.5058012460927	40990000.0
13	7	7	3	1	12	6	6	3	1	3942.505700610537	668900000.0
14	5	5	3	1	12	6	6	3	1	2198.2565063877987	23910000.0
14	7	7	3	1	12	6	6	3	1	2198.256481464237	499500000.0
15	5	5	3	1	12	6	6	3	1	1620.0303016854339	15330000.0
15	7	7	3	1	12	6	6	3	1	1620.0302895892373	372200000.0
13	5	5	1	1	12	6	6	1	1	3942.5057893063217	40990000.0
13	7	7	1	1	12	6	6	1	1	3942.505700610537	668900000.0
14	5	5	1	1	12	6	6	1	1	2198.2565032060193	23910000.0
14	7	7	1	1	12	6	6	1	1	2198.256481464237	499500000.0
15	5	5	1	1	12	6	6	1	1	1620.0302999574526	15330000.0
15	7	7	1	1	12	6	6	1	1	1620.0302895892373	372200000.0
13	6	6	3	1	12	7	7	3	1	3942.5057603098744	27730000.0
13	8	8	3	1	12	7	7	3	1	3942.5057210786454	800700000.0
14	6	6	3	1	12	7	7	3	1	2198.2564984334253	14830000.0
14	8	8	3	1	12	7	7	3	1	2198.2564926002387	553600000.0
15	6	6	3	1	12	7	7	3	1	1620.030299093462	8949000.0
15	8	8	3	1	12	7	7	3	1	1620.0302930453636	389000000.0
13	6	6	1	1	12	7	7	1	1	3942.5057603098744	27730000.0
13	8	8	1	1	12	7	7	1	1	3942.5057210786454	800700000.0
14	6	6	1	1	12	7	7	1	1	2198.2564984334253	14830000.0
14	8	8	1	1	12	7	7	1	1	2198.2564926002387	553600000.0
15	6	6	1	1	12	7	7	1	1	1620.0302988054104	8949000.0
15	8	8	1	1	12	7	7	1	1	1620.0302930453636	389000000.0
13	8	8	1	1	12	9	9	1	1	3942.5057244900777	10110000.0
13	10	10	1	1	12	9	9	1	1	3942.50572107913	1132000000.0
14	8	8	1	1	12	9	9	1	1	2198.256493660832	4267000.0
14	10	10	1	1	12	9	9	1	1	2198.2564745706077	581200000.0
15	10	10	1	1	12	9	9	1	1	1620.030291029331	330700000.0
13	8	8	3	1	12	9	9	3	1	3942.5057244900777	10110000.0
13	10	10	3	1	12	9	9	3	1	3942.50572107913	1132000000.0
14	8	8	3	1	12	9	9	3	1	2198.256493660832	4267000.0
14	10	10	3	1	12	9	9	3	1	2198.2564745706077	581200000.0
15	10	10	3	1	12	9	9	3	1	1620.030291029331	330700000.0
13	12	12	3	1	12	11	11	3	1	3942.505722784604	1581000000.0
14	12	12	3	1	12	11	11	3	1	2198.2564904790524	336000000.0
15	12	12	3	1	12	11	11	3	1	1620.0302918933216	116700000.0
13	12	12	1	1	12	11	11	1	1	3942.505722784604	1581000000.0
14	12	12	1	1	12	11	11	1	1	2198.2564904790524	336000000.0
15	12	12	1	1	12	11	11	1	1	1620.0302918933216	116700000.0
13	11	11	1	1	12	10	10	1	1	3942.505722784604	1340000000.0
13	9	9	1	1	12	10	10	1	1	3942.505647734066	4854000.0
14	11	11	1	1	12	10	10	1	1	2198.256469267642	510700000.0
15	11	11	1	1	12	10	10	1	1	1620.0302881492257	240600000.0
13	11	11	3	1	12	10	10	3	1	3942.505722784604	1340000000.0
13	9	9	3	1	12	10	10	3	1	3942.505647734066	4854000.0
14	11	11	3	1	12	10	10	3	1	2198.256469267642	510700000.0
15	11	11	3	1	12	10	10	3	1	1620.0302881492257	240600000.0
13	7	7	3	1	12	8	8	3	1	3942.505888235923	17600000.0
13	9	9	3	1	12	8	8	3	1	3942.5057961287016	954100000.0
14	7	7	3	1	12	8	8	3	1	2198.2565397958056	8474000.0
14	9	9	3	1	12	8	8	3	1	2198.2565366140257	586700000.0
15	7	7	3	1	12	8	8	3	1	1620.0303212698227	4751000.0
15	9	9	3	1	12	8	8	3	1	1620.0303169497874	378400000.0
13	7	7	1	1	12	8	8	1	1	3942.505888235923	17600000.0
13	9	9	1	1	12	8	8	1	1	3942.5057961287016	954100000.0
14	7	7	1	1	12	8	8	1	1	2198.2565397958056	8474000.0
14	9	9	1	1	12	8	8	1	1	2198.2565366140257	586700000.0
15	7	7	1	1	12	8	8	1	1	1620.0303212698227	4751000.0
15	9	9	1	1	12	8	8	1	1	1620.0303169497874	378400000.0
13	5	5	1	1	12	4	4	1	1	3942.5061048582643	457300000.0
13	3	3	1	1	12	4	4	1	1	3942.470461459712	80590000.0
14	5	5	1	1	12	4	4	1	1	2198.256601309157	369800000.0
14	3	3	1	1	12	4	4	1	1	2198.2476474470113	53760000.0
15	5	5	1	1	12	4	4	1	1	1620.0303532384605	293800000.0
15	3	3	1	1	12	4	4	1	1	1620.0263701334452	37840000.0
13	4	4	1	1	12	3	3	1	1	3942.550202451756	372100000.0
13	2	2	1	1	12	3	3	1	1	3941.3628967921327	110800000.0
14	4	4	1	1	12	3	3	1	1	2198.270328938529	305400000.0
14	2	2	1	1	12	3	3	1	1	2197.9739760353796	77900000.0
15	4	4	1	1	12	3	3	1	1	1620.0378160689427	245900000.0
15	2	2	1	1	12	3	3	1	1	1619.9065987053698	56900000.0
13	3	3	1	1	12	2	2	1	1	3943.976529695845	297400000.0
14	3	3	1	1	12	2	2	1	1	2198.715800212839	244800000.0
15	3	3	1	1	12	2	2	1	1	1620.2806161747205	198200000.0
13	0	0	1	1	12	1	1	1	1	3994.0786564869436	330800000.0
13	2	2	1	1	12	1	1	1	1	3958.186070751935	232000000.0
14	0	0	1	1	12	1	1	1	1	2211.997847182408	255100000.0
14	2	2	1	1	12	1	1	1	1	2203.1960256205	190200000.0
15	0	0	1	1	12	1	1	1	1	1626.5696948551029	209600000.0
15	2	2	1	1	12	1	1	1	1	1622.7412821341393	157500000.0
14	1	1	3	1	13	0	0	3	1	4859.467318336835	94010000.0
15	1	1	3	1	13	0	0	3	1	2713.5847642591275	75190000.0
14	0	0	3	1	13	1	1	3	1	5037.357215967315	232200000.0
14	2	2	3	1	13	1	1	3	1	4913.223074395013	143400000.0
15	0	0	3	1	13	1	1	3	1	2763.5053536976006	170800000.0
15	2	2	3	1	13	1	1	3	1	2732.806347062366	118200000.0
14	1	1	3	1	13	2	2	3	1	5012.3709409641115	119700000.0
14	3	3	3	1	13	2	2	3	1	4964.581482934829	193000000.0
15	1	1	3	1	13	2	2	3	1	2760.610371599902	87790000.0
15	3	3	3	1	13	2	2	3	1	2748.8085835130305	161000000.0
14	2	2	3	1	13	3	3	3	1	4971.956870731634	80500000.0
14	4	4	3	1	13	3	3	3	1	4968.578067615671	239500000.0
15	2	2	3	1	13	3	3	3	1	2750.8812066186906	57760000.0
15	4	4	3	1	13	3	3	3	1	2750.0384760533975	199900000.0
14	3	3	3	1	13	4	4	3	1	4968.7850592352515	59610000.0
14	5	5	3	1	13	4	4	3	1	4968.69088896841	290800000.0
15	3	3	3	1	13	4	4	3	1	2750.096769455644	40820000.0
15	5	5	3	1	13	4	4	3	1	2750.073125302572	240400000.0
14	4	4	3	1	13	5	5	3	1	4968.694492183661	44370000.0
14	6	6	3	1	13	5	5	3	1	4968.692771850449	349000000.0
15	4	4	3	1	13	5	5	3	1	2750.074141970476	28760000.0
15	6	6	3	1	13	5	5	3	1	2750.073707085566	282400000.0
14	6	6	1	1	13	5	5	1	1	4968.692790814696	349000000.0
14	4	4	1	1	13	5	5	1	1	4968.692468421748	44370000.0
15	6	6	1	1	13	5	5	1	1	2750.073712065017	282400000.0
15	4	4	1	1	13	5	5	1	1	2750.0736299017244	28760000.0
14	5	5	3	1	13	6	6	3	1	4968.692985876411	32500000.0
14	7	7	3	1	13	6	6	3	1	4968.692858544371	415700000.0
15	5	5	3	1	13	6	6	3	1	2750.0737676704566	19760000.0
15	7	7	3	1	13	6	6	3	1	2750.0737328133573	324300000.0
14	5	5	1	1	13	6	6	1	1	4968.69296962101	32500000.0
14	7	7	1	1	13	6	6	1	1	4968.692858544371	415700000.0
15	5	5	1	1	13	6	6	1	1	2750.0737626910054	19760000.0
15	7	7	1	1	13	6	6	1	1	2750.0737328133573	324300000.0
14	6	6	3	1	13	7	7	3	1	4968.692931692513	23130000.0
14	8	8	3	1	13	7	7	3	1	4968.692901891332	492200000.0
15	6	6	3	1	13	7	7	3	1	2750.073756051659	13040000.0
15	8	8	3	1	13	7	7	3	1	2750.0737386231094	362800000.0
14	6	6	1	1	13	7	7	1	1	4968.692931692513	23130000.0
14	8	8	1	1	13	7	7	1	1	4968.692901891332	492200000.0
15	6	6	1	1	13	7	7	1	1	2750.0737552215933	13040000.0
15	8	8	1	1	13	7	7	1	1	2750.0737386231094	362800000.0
14	7	7	1	1	13	8	8	1	1	4968.692920856351	15760000.0
14	9	9	1	1	13	8	8	1	1	4968.692904600951	580100000.0
15	7	7	1	1	13	8	8	1	1	2750.073751902038	8130000.0
15	9	9	1	1	13	8	8	1	1	2750.073739453175	393200000.0
14	7	7	3	1	13	8	8	3	1	4968.692920856351	15760000.0
14	9	9	3	1	13	8	8	3	1	4968.692904600951	580100000.0
15	7	7	3	1	13	8	8	3	1	2750.073751902038	8130000.0
15	9	9	3	1	13	8	8	3	1	2750.073739453175	393200000.0
14	12	12	3	1	13	11	11	3	1	4968.692910018647	931200000.0
14	10	10	3	1	13	11	11	3	1	4968.692831452809	2800000.0
15	12	12	3	1	13	11	11	3	1	2750.073741112835	340700000.0
14	12	12	1	1	13	11	11	1	1	4968.692910018647	931200000.0
14	10	10	1	1	13	11	11	1	1	4968.692831452809	2800000.0
15	12	12	1	1	13	11	11	1	1	2750.073741112835	340700000.0
14	13	13	3	1	13	12	12	3	1	4968.692910018647	1085000000.0
15	13	13	3	1	13	12	12	3	1	2750.073746092286	219700000.0
14	13	13	1	1	13	12	12	1	1	4968.692910018647	1085000000.0
15	13	13	1	1	13	12	12	1	1	2750.073746092286	219700000.0
14	9	9	1	1	13	10	10	1	1	4968.692910018647	5805000.0
14	11	11	1	1	13	10	10	1	1	4968.692801651629	797500000.0
15	9	9	1	1	13	10	10	1	1	2750.073741112835	2352000.0
15	11	11	1	1	13	10	10	1	1	2750.073730323632	395700000.0
14	9	9	3	1	13	10	10	3	1	4968.692910018647	5805000.0
14	11	11	3	1	13	10	10	3	1	4968.692801651629	797500000.0
15	9	9	3	1	13	10	10	3	1	2750.073741112835	2352000.0
15	11	11	3	1	13	10	10	3	1	2750.073730323632	395700000.0
14	8	8	1	1	13	9	9	1	1	4968.693048187623	10060000.0
14	10	10	1	1	13	9	9	1	1	4968.692950657532	681200000.0
15	8	8	1	1	13	9	9	1	1	2750.0737834395827	4661000.0
15	10	10	1	1	13	9	9	1	1	2750.0737759701706	407800000.0
14	8	8	3	1	13	9	9	3	1	4968.693048187623	10060000.0
14	10	10	3	1	13	9	9	3	1	4968.692950657532	681200000.0
15	8	8	3	1	13	9	9	3	1	2750.0737834395827	4661000.0
15	10	10	3	1	13	9	9	3	1	2750.0737759701706	407800000.0
14	5	5	1	1	13	4	4	1	1	4968.693362453329	290800000.0
14	3	3	1	1	13	4	4	1	1	4968.647618278971	59590000.0
15	5	5	1	1	13	4	4	1	1	2750.073883031436	240400000.0
15	3	3	1	1	13	4	4	1	1	2750.0624051051295	40820000.0
14	4	4	1	1	13	3	3	1	1	4968.74908289454	239500000.0
14	2	2	1	1	13	3	3	1	1	4967.235286941748	79880000.0
15	4	4	1	1	13	3	3	1	1	2750.0909731190573	199800000.0
15	2	2	1	1	13	3	3	1	1	2749.712869714646	57420000.0
14	3	3	1	1	13	2	2	1	1	4970.534654277596	193900000.0
15	3	3	1	1	13	2	2	1	1	2750.6403883469643	161900000.0
14	0	0	1	1	13	1	1	1	1	5033.751983710806	229700000.0
14	2	2	1	1	13	1	1	1	1	4988.4008778831285	153500000.0
15	0	0	1	1	13	1	1	1	1	2767.2490446077304	185000000.0
15	2	2	1	1	13	1	1	1	1	2756.186535471741	129100000.0
15	1	1	3	1	14	0	0	3	1	6025.530206872147	63940000.0
15	0	0	3	1	14	1	1	3	1	6245.537749528261	162500000.0
15	2	2	3	1	14	1	1	3	1	6090.9031456794855	97150000.0
15	1	1	3	1	14	2	2	3	1	6213.306186800703	85770000.0
15	3	3	3	1	14	2	2	3	1	6153.840398161049	130000000.0
15	2	2	3	1	14	3	3	3	1	6162.993920225161	59100000.0
15	4	4	3	1	14	3	3	3	1	6158.7656419968425	159600000.0
15	3	3	3	1	14	4	4	3	1	6159.024357249724	44710000.0
15	5	5	3	1	14	4	4	3	1	6158.905767534725	191800000.0
15	4	4	3	1	14	5	5	3	1	6158.910325551569	34120000.0
15	6	6	3	1	14	5	5	3	1	6158.908144363018	227900000.0
15	6	6	1	1	14	5	5	1	1	6158.9081651756605	227900000.0
15	4	4	1	1	14	5	5	1	1	6158.907753081361	34120000.0
15	5	5	3	1	14	6	6	3	1	6158.908410767681	25760000.0
15	7	7	3	1	14	6	6	3	1	6158.908235940063	268700000.0
15	5	5	1	1	14	6	6	1	1	6158.908385792982	25760000.0
15	7	7	1	1	14	6	6	1	1	6158.908235940063	268700000.0
15	7	7	3	1	14	8	8	3	1	6158.908281728585	13650000.0
15	9	9	3	1	14	8	8	3	1	6158.908219290658	367900000.0
15	7	7	1	1	14	8	8	1	1	6158.908281728585	13650000.0
15	9	9	1	1	14	8	8	1	1	6158.908219290658	367900000.0
15	6	6	1	1	14	7	7	1	1	6158.908335841219	19050000.0
15	8	8	1	1	14	7	7	1	1	6158.90825259065	315100000.0
15	6	6	3	1	14	7	7	3	1	6158.908340004457	19050000.0
15	8	8	3	1	14	7	7	3	1	6158.90825259065	315100000.0
15	8	8	1	1	14	9	9	1	1	6158.90827756653	9351000.0
15	10	10	1	1	14	9	9	1	1	6158.9082401033	428100000.0
15	8	8	3	1	14	9	9	3	1	6158.90827756653	9351000.0
15	10	10	3	1	14	9	9	3	1	6158.9082401033	428100000.0
15	14	14	3	1	14	13	13	3	1	6158.908269241237	764500000.0
15	14	14	1	1	14	13	13	1	1	6158.908269241237	764500000.0
15	13	13	1	1	14	12	12	1	1	6158.908273403292	663400000.0
15	11	11	1	1	14	12	12	1	1	6158.9081943147785	1682000.0
15	13	13	3	1	14	12	12	3	1	6158.908273403292	663400000.0
15	11	11	3	1	14	12	12	3	1	6158.9081943147785	1682000.0
15	9	9	3	1	14	10	10	3	1	6158.908369142394	6000000.0
15	11	11	3	1	14	10	10	3	1	6158.908315028577	496600000.0
15	9	9	1	1	14	10	10	1	1	6158.908369142394	6000000.0
15	11	11	1	1	14	10	10	1	1	6158.908315028577	496600000.0
15	12	12	3	1	14	11	11	3	1	6158.908414930919	574600000.0
15	10	10	3	1	14	11	11	3	1	6158.908406605625	3475000.0
15	12	12	1	1	14	11	11	1	1	6158.908414930919	574600000.0
15	10	10	1	1	14	11	11	1	1	6158.908406605625	3475000.0
15	5	5	1	1	14	4	4	1	1	6158.908881139133	191800000.0
15	3	3	1	1	14	4	4	1	1	6158.851313287853	44700000.0
15	4	4	1	1	14	3	3	1	1	6158.97803890776	159600000.0
15	2	2	1	1	14	3	3	1	1	6157.081945317564	58690000.0
15	3	3	1	1	14	2	2	1	1	6161.178702767818	130700000.0
15	0	0	1	1	14	1	1	1	1	6239.349193593889	165800000.0
15	2	2	1	1	14	1	1	1	1	6183.391114326016	105500000.0

100	0	0	0	0	0	0	0	0	0	1.0	1.0
# upper n l L (2S+1) Seniority  lower  n l L (2S+1) Seniority  Energy (Angstrom) Einstein A (s-1)
# File computed  using the RAP package (Witthoeft, 2011) using Autostructure and Nist data 
# For the final state of He-like S