2	0	1	1	0	0	1.369874E+01	1.02505E+04
2	1	0	1	0	0	1.344708E+01	8.87000E+12
2	1	0	2	0	0	1.855976E+03	3.29000E+07
2	1	0	2	0	1	7.319573E+02	3.43647E+05
2	1	1	1	0	0	1.355137E+01	5.41125E+09
2	1	1	2	0	1	1.259640E+03	3.11366E+08
3	0	0	2	1	0	8.275953E+01	5.22700E+10
3	0	0	2	1	1	7.901689E+01	7.82424E+07
3	0	1	2	0	1	7.558236E+01	6.26000E+00
3	0	1	2	1	1	8.040704E+01	5.74200E+10
3	1	0	1	0	0	1.154664E+01	2.48000E+12
3	1	0	2	0	0	7.825645E+01	1.40000E+11
3	1	0	2	1	0	8.170135E+01	1.26209E+07
3	1	0	3	0	0	6.389776E+03	5.21400E+06
3	1	1	1	0	0	1.156772E+01	1.72578E+09
3	1	1	2	0	0	7.923526E+01	1.13808E+08
3	1	1	2	0	1	7.436025E+01	1.46000E+11
3	1	1	2	1	1	7.902535E+01	1.35075E+07
3	1	1	3	0	1	4.598876E+03	1.35400E+07
3	2	0	2	1	0	8.157671E+01	4.18000E+11
3	2	1	2	1	1	7.825945E+01	4.35656E+11
3	2	1	3	1	1	8.074790E+03	1.16000E+06
4	0	0	2	1	0	6.069803E+01	2.11700E+10
4	0	0	2	1	1	5.866024E+01	3.19711E+07
4	0	0	3	1	0	2.361108E+02	1.46000E+10
4	0	0	3	1	1	2.276268E+02	8.25006E+06
4	0	1	2	1	1	5.896671E+01	2.27500E+10
4	0	1	3	1	1	2.323120E+02	1.59000E+10
4	1	0	1	0	0	1.100034E+01	1.02400E+12
4	1	0	2	0	0	5.854972E+01	6.18200E+10
4	1	0	2	1	0	6.045693E+01	5.44026E+06
4	1	0	3	0	0	2.243410E+02	1.85900E+10
4	1	0	3	2	0	2.335194E+02	2.08500E+09
4	1	0	4	0	0	1.522070E+04	1.27400E+06
4	1	1	1	0	0	1.100820E+01	7.54289E+08
4	1	1	2	0	0	5.877302E+01	4.97419E+07
4	1	1	2	0	1	5.604749E+01	6.49300E+10
4	1	1	2	1	1	5.865745E+01	5.78600E+06
4	1	1	3	0	0	2.276550E+02	1.49143E+07
4	1	1	3	0	1	2.168534E+02	1.88000E+10
4	1	1	3	2	1	2.341852E+02	2.73400E+09
4	1	1	4	0	1	1.118429E+04	3.14700E+06
4	2	0	2	1	0	6.018093E+01	1.28400E+11
4	2	0	3	1	0	2.284744E+02	4.52900E+10
4	2	1	2	1	1	5.844441E+01	1.42400E+11
4	2	1	3	1	1	2.244110E+02	4.53800E+10
4	2	1	4	1	1	1.609212E+04	1.47150E+05
4	3	0	3	2	0	2.314815E+02	6.95200E+10
4	3	1	3	2	1	2.311223E+02	9.03644E+10
5	0	0	2	1	0	5.405142E+01	1.05700E+10
5	0	0	2	1	1	5.242953E+01	1.59687E+07
5	0	0	3	1	0	1.597138E+02	7.10500E+09
5	0	0	3	1	1	1.557862E+02	4.12069E+06
5	0	0	4	1	0	5.101520E+02	5.05200E+09
5	0	0	4	1	1	4.938055E+02	3.19000E+06
5	0	1	2	1	1	5.255214E+01	1.12400E+10
5	0	1	3	1	1	1.568737E+02	7.64700E+09
5	0	1	4	1	1	5.049003E+02	5.45000E+09
5	1	0	1	0	0	1.076426E+01	5.19600E+11
5	1	0	2	0	0	5.242959E+01	3.19400E+10
5	1	0	2	1	0	5.395373E+01	2.78486E+06
5	1	0	3	0	0	1.550099E+02	1.02100E+10
5	1	0	3	2	0	1.593372E+02	9.00700E+08
5	1	0	4	0	0	4.855783E+02	4.40500E+09
5	1	0	4	2	0	5.214196E+02	1.15800E+09
5	1	0	5	0	0	2.985075E+04	4.22800E+05
5	1	1	1	0	0	1.076807E+01	3.96942E+08
5	1	1	2	0	0	5.252009E+01	2.61765E+07
5	1	1	2	0	1	5.033287E+01	3.35600E+10
5	1	1	2	1	1	5.242779E+01	2.95374E+06
5	1	1	3	0	0	1.558037E+02	7.84859E+06
5	1	1	3	0	1	1.506675E+02	1.03800E+10
5	1	1	3	2	1	1.588349E+02	1.17000E+09
5	1	1	4	0	0	4.934535E+02	3.82780E+06
5	1	1	4	0	1	4.727834E+02	4.38900E+09
5	1	1	4	2	1	5.092739E+02	1.45400E+09
5	1	1	5	0	1	2.215657E+04	1.02000E+06
5	2	0	2	1	0	5.385399E+01	5.85300E+10
5	2	0	3	1	0	1.580022E+02	2.17300E+10
5	2	0	4	1	0	4.930899E+02	9.65800E+09
5	2	0	4	3	0	5.024299E+02	2.41100E+08
5	2	1	2	1	1	5.237872E+01	6.58000E+10
5	2	1	3	1	1	1.553385E+02	2.24400E+10
5	2	1	4	1	1	4.893352E+02	9.39200E+09
5	2	1	4	3	1	5.032713E+02	3.30818E+08
5	2	1	5	1	1	5.597015E+04	4.93060E+04
5	3	0	3	2	0	1.582278E+02	2.33300E+10
5	3	0	4	2	0	5.097252E+02	1.27600E+10
5	3	0	5	2	0	1.033865E+05	1.01676E+06
5	3	1	3	2	1	1.580600E+02	2.97686E+10
5	3	1	4	2	1	5.013922E+02	1.69379E+10
5	3	1	5	2	1	7.692308E+04	2.11992E+04
5	4	0	4	3	0	4.953158E+02	2.78813E+10
5	4	0	5	3	0	5.287125E+04	5.77186E+05
5	4	1	4	3	1	4.923477E+02	2.78813E+10
5	4	1	5	3	1	3.217007E+04	2.96579E+00
6	0	0	2	1	0	5.134980E+01	6.06600E+09
6	0	0	2	1	1	4.988378E+01	9.05603E+06
6	0	0	3	1	0	1.382251E+02	3.99500E+09
6	0	0	3	1	1	1.352735E+02	2.33688E+06
6	0	0	4	1	0	3.408811E+02	2.78300E+09
6	0	0	4	1	1	3.335042E+02	1.80908E+06
6	0	0	5	1	0	1.063972E+03	2.09400E+09
6	0	0	5	1	1	1.028023E+03	1.40048E+06
6	0	1	2	1	1	4.988184E+01	6.40700E+09
6	0	1	3	1	1	1.352592E+02	4.27200E+09
6	0	1	4	1	1	3.334173E+02	2.97400E+09
6	0	1	5	1	1	1.027198E+03	2.24200E+09
6	1	0	1	0	0	1.064260E+01	3.00800E+11
6	1	0	2	0	0	4.966427E+01	1.86400E+10
6	1	0	2	1	0	5.102978E+01	1.60967E+06
6	1	0	3	0	0	1.330991E+02	6.05100E+09
6	1	0	3	2	0	1.362769E+02	4.76100E+08
6	1	0	4	0	0	3.203691E+02	2.75200E+09
6	1	0	4	2	0	3.355883E+02	5.85100E+08
6	1	0	5	0	0	9.128252E+02	1.44600E+09
6	1	0	5	2	0	9.730727E+02	5.99500E+08
6	1	0	6	0	0	8.188280E+03	2.01025E+05
6	1	1	1	0	0	1.064396E+01	2.34922E+08
6	1	1	2	0	0	4.969389E+01	1.54920E+07
6	1	1	2	0	1	4.773133E+01	1.95700E+10
6	1	1	2	1	1	4.961124E+01	1.70323E+06
6	1	1	3	0	0	1.333120E+02	4.64502E+06
6	1	1	3	0	1	1.295337E+02	6.15600E+09
6	1	1	3	2	1	1.355250E+02	6.15500E+08
6	1	1	4	0	0	3.216055E+02	2.26540E+06
6	1	1	4	0	1	3.126954E+02	2.75900E+09
6	1	1	4	2	1	3.282513E+02	7.26000E+08
6	1	1	5	0	0	9.229349E+02	1.38782E+06
6	1	1	5	0	1	8.865248E+02	1.42800E+09
6	1	1	5	2	1	9.389671E+02	7.35000E+08
6	1	1	6	0	1	9.145390E+03	3.70100E+05
6	2	0	2	1	0	5.094405E+01	3.19900E+10
6	2	0	3	1	0	1.353239E+02	1.20500E+10
6	2	0	4	1	0	3.237632E+02	5.59300E+09
6	2	0	4	3	0	3.277639E+02	1.02200E+08
6	2	0	5	1	0	9.132613E+02	2.94500E+09
6	2	0	5	3	0	9.514957E+02	1.90200E+08
6	2	1	2	1	1	4.948848E+01	3.62199E+10
6	2	1	3	1	1	1.324055E+02	1.25900E+10
6	2	1	4	1	1	3.165971E+02	5.59900E+09
6	2	1	4	3	1	3.223727E+02	1.40578E+08
6	2	1	5	1	1	8.827164E+02	2.81500E+09
6	2	1	5	3	1	9.074410E+02	2.56122E+08
6	2	1	6	1	1	2.000000E+04	2.01795E+04
6	3	0	3	2	0	1.350257E+02	1.11500E+10
6	3	0	4	2	0	3.281011E+02	6.43600E+09
6	3	0	5	2	0	9.126815E+02	3.56900E+09
6	3	0	5	4	0	9.371315E+02	7.45360E+07
6	3	0	6	2	0	2.855255E+04	2.33745E-01
6	3	1	3	2	1	1.349034E+02	1.40648E+10
6	3	1	4	2	1	3.246282E+02	8.43468E+09
6	3	1	5	2	1	9.099181E+02	4.74012E+09
6	3	1	5	4	1	9.479435E+02	7.45360E+07
6	4	0	4	3	0	3.255469E+02	8.99700E+09
6	4	0	5	3	0	9.330499E+02	7.24655E+09
6	4	1	4	3	1	3.229155E+02	8.99700E+09
6	4	1	5	3	1	9.117550E+02	7.24655E+09
6	4	1	6	3	1	9.271409E+04	5.22474E-04
6	5	0	5	4	0	9.453706E+02	1.07800E+10
6	5	0	6	4	0	2.021803E+05	4.21823E-06
6	5	1	5	4	1	9.345765E+02	1.07800E+10
6	5	1	6	4	1	2.324352E+05	4.21823E-06
7	0	0	2	1	0	4.961059E+01	3.27501E+09
7	0	0	2	1	1	4.824087E+01	5.60617E+06
7	0	0	3	1	0	1.263059E+02	2.37944E+09
7	0	0	3	1	1	1.238368E+02	1.44666E+06
7	0	0	4	1	0	2.765267E+02	1.68471E+09
7	0	0	4	1	1	2.716523E+02	1.11992E+06
7	0	0	5	1	0	6.162997E+02	1.26211E+09
7	0	0	5	1	1	6.040640E+02	8.66976E+05
7	0	0	6	1	0	1.783844E+03	9.90051E+08
7	0	0	6	1	1	1.746459E+03	6.71163E+05
7	0	1	2	1	1	4.823232E+01	3.39841E+09
7	0	1	3	1	1	1.237804E+02	2.48980E+09
7	0	1	4	1	1	2.713812E+02	1.76131E+09
7	0	1	5	1	1	6.027248E+02	1.31562E+09
7	0	1	6	1	1	1.735312E+03	1.03895E+09
7	1	0	1	0	0	1.056502E+01	1.73798E+11
7	1	0	2	0	0	4.801875E+01	1.18700E+10
7	1	0	2	1	0	4.929411E+01	1.08229E+06
7	1	0	3	0	0	1.219036E+02	3.89345E+09
7	1	0	3	2	0	1.245640E+02	2.67114E+08
7	1	0	4	0	0	2.623708E+02	1.77504E+09
7	1	0	4	2	0	2.724914E+02	3.30048E+08
7	1	0	5	0	0	5.600672E+02	9.71348E+08
7	1	0	5	2	0	5.821832E+02	3.31787E+08
7	1	0	6	0	0	1.231336E+03	5.71649E+08
7	1	0	6	2	0	1.522016E+03	3.19732E+08
7	1	0	7	0	0	7.727208E+03	9.19097E+04
7	1	0	7	2	0	6.434204E+04	1.61845E+02
7	1	1	1	0	0	1.057082E+01	1.50771E+08
7	1	1	2	0	0	4.813895E+01	9.94264E+06
7	1	1	2	0	1	4.629501E+01	1.22676E+10
7	1	1	2	1	1	4.806139E+01	1.14404E+06
7	1	1	3	0	0	1.226813E+02	2.98113E+06
7	1	1	3	0	1	1.194743E+02	4.17630E+09
7	1	1	3	2	1	1.245530E+02	3.57458E+08
7	1	1	4	0	0	2.659999E+02	1.45392E+06
7	1	1	4	0	1	2.598753E+02	1.73630E+09
7	1	1	4	2	1	2.705301E+02	4.15955E+08
7	1	1	5	0	0	5.768676E+02	8.90693E+05
7	1	1	5	0	1	5.624297E+02	9.80124E+08
7	1	1	5	2	1	5.830904E+02	4.20097E+08
7	1	1	6	0	0	1.315572E+03	6.20351E+05
7	1	1	6	0	1	1.316925E+03	5.70334E+08
7	1	1	6	2	1	1.666667E+03	3.95634E+08
7	1	1	7	0	1	1.356214E+04	1.62790E+05
7	2	0	2	1	0	4.933190E+01	1.25266E+10
7	2	0	3	1	0	1.245150E+02	7.11703E+09
7	2	0	4	1	0	2.680852E+02	3.52218E+09
7	2	0	4	3	0	2.708223E+02	7.36603E+07
7	2	0	5	1	0	5.758849E+02	1.94773E+09
7	2	0	5	3	0	5.908566E+02	1.25311E+08
7	2	0	6	1	0	1.482672E+03	1.14274E+09
7	2	0	6	3	0	1.648919E+03	1.65409E+08
7	2	1	2	1	1	4.799219E+01	1.47131E+10
7	2	1	3	1	1	1.222112E+02	7.49899E+09
7	2	1	4	1	1	2.639505E+02	3.52849E+09
7	2	1	4	3	1	2.679528E+02	7.36603E+07
7	2	1	5	1	1	5.672579E+02	1.87542E+09
7	2	1	5	3	1	5.773672E+02	1.25311E+08
7	2	1	6	1	1	1.470588E+03	1.05431E+09
7	2	1	6	3	1	1.547988E+03	1.65409E+08
7	2	1	7	1	1	3.333333E+04	9.48140E+03
7	3	0	3	2	0	1.246537E+02	7.91081E+09
7	3	0	4	2	0	2.729207E+02	4.81047E+09
7	3	0	5	2	0	5.841467E+02	2.83858E+09
7	3	0	5	4	0	5.940667E+02	3.04822E+07
7	3	0	6	2	0	1.535510E+03	1.70015E+09
7	3	0	6	4	0	1.586112E+03	7.27629E+07
7	3	0	7	2	0	1.023712E+05	1.17703E-01
7	3	1	3	2	1	1.240425E+02	7.91081E+09
7	3	1	4	2	1	2.681336E+02	4.81047E+09
7	3	1	5	2	1	5.720700E+02	2.83858E+09
7	3	1	5	4	1	5.868706E+02	3.04822E+07
7	3	1	6	2	1	1.579684E+03	1.70015E+09
7	3	1	6	4	1	1.566779E+03	7.27629E+07
7	3	1	7	2	1	3.291687E+05	1.17703E-01
7	4	0	4	3	0	2.696963E+02	4.23278E+09
7	4	0	5	3	0	5.855231E+02	3.59255E+09
7	4	0	6	3	0	1.608041E+03	2.46663E+09
7	4	0	6	5	0	1.584348E+03	2.19824E+07
7	4	0	7	3	0	1.770459E+05	2.93033E-04
7	4	1	4	3	1	2.673862E+02	4.23278E+09
7	4	1	5	3	1	5.747427E+02	3.59255E+09
7	4	1	6	3	1	1.529265E+03	2.46663E+09
7	4	1	6	5	1	1.565384E+03	2.19824E+07
7	4	1	7	3	1	2.052947E+05	2.93033E-04
7	5	0	5	4	0	5.907903E+02	3.33399E+09
7	5	0	6	4	0	1.562969E+03	3.48847E+09
7	5	0	7	4	0	2.712031E+05	3.12838E-06
7	5	1	5	4	1	5.841126E+02	3.33399E+09
7	5	1	6	4	1	1.547275E+03	3.48847E+09
7	5	1	7	4	1	3.150058E+05	3.12838E-06
7	6	0	6	5	0	1.568725E+03	4.85495E+09
7	6	0	7	5	0	3.848544E+05	6.05611E-08
7	6	1	6	5	1	1.552241E+03	4.85495E+09
7	6	1	7	5	1	4.475664E+05	6.05611E-08
8	0	0	2	1	0	4.853632E+01	2.04905E+09
8	0	0	2	1	1	4.722450E+01	3.70044E+06
8	0	0	3	1	0	1.195682E+02	1.52249E+09
8	0	0	3	1	1	1.173532E+02	9.54889E+05
8	0	0	4	1	0	2.461582E+02	1.07976E+09
8	0	0	4	1	1	2.422881E+02	7.39220E+05
8	0	0	5	1	0	4.833887E+02	8.00408E+08
8	0	0	5	1	1	4.758291E+02	5.72261E+05
8	0	0	6	1	0	9.933166E+02	6.22482E+08
8	0	0	6	1	1	9.816159E+02	4.43011E+05
8	0	0	7	1	0	3.157280E+03	5.11356E+08
8	0	0	7	1	1	2.712024E+03	3.42954E+05
8	0	1	2	1	1	4.721483E+01	2.12100E+09
8	0	1	3	1	1	1.172935E+02	1.59055E+09
8	0	1	4	1	1	2.420338E+02	1.12729E+09
8	0	1	5	1	1	4.748493E+02	8.33334E+08
8	0	1	6	1	1	9.774554E+02	6.50248E+08
8	0	1	7	1	1	2.680501E+03	5.34969E+08
8	1	0	1	0	0	1.051304E+01	1.14887E+11
8	1	0	2	0	0	4.696335E+01	8.07074E+09
8	1	0	2	1	0	4.818255E+01	7.55706E+05
8	1	0	3	0	0	1.153243E+02	2.60981E+09
8	1	0	3	2	0	1.177024E+02	1.61313E+08
8	1	0	4	0	0	2.336776E+02	1.19727E+09
8	1	0	4	2	0	2.416719E+02	2.01623E+08
8	1	0	5	0	0	4.437542E+02	6.61854E+08
8	1	0	5	2	0	4.575251E+02	2.00404E+08
8	1	0	6	0	0	7.811732E+02	4.08315E+08
8	1	0	6	2	0	8.888706E+02	1.90515E+08
8	1	0	7	0	0	1.673884E+03	2.63108E+08
8	1	0	7	2	0	2.068073E+03	1.80148E+08
8	1	0	8	0	0	6.610624E+03	4.66591E+04
8	1	0	8	2	0	1.525693E+04	9.15233E+01
8	1	1	1	0	0	1.052272E+01	1.02677E+08
8	1	1	2	0	0	4.715712E+01	6.77110E+06
8	1	1	2	0	1	4.538625E+01	8.34776E+09
8	1	1	2	1	1	4.708269E+01	7.98268E+05
8	1	1	3	0	0	1.164998E+02	2.03020E+06
8	1	1	3	0	1	1.136040E+02	2.92306E+09
8	1	1	3	2	1	1.181863E+02	2.16140E+08
8	1	1	4	0	0	2.385549E+02	9.90140E+05
8	1	1	4	0	1	2.336172E+02	1.22422E+09
8	1	1	4	2	1	2.421921E+02	2.54603E+08
8	1	1	5	0	0	4.616791E+02	6.06576E+05
8	1	1	5	0	1	4.523849E+02	6.68421E+08
8	1	1	5	2	1	4.656563E+02	2.52416E+08
8	1	1	6	0	0	8.384812E+02	4.22469E+05
8	1	1	6	0	1	8.390306E+02	4.09190E+08
8	1	1	6	2	1	9.685166E+02	2.32900E+08
8	1	1	7	0	0	1.961093E+03	3.18936E+05
8	1	1	7	0	1	1.975342E+03	2.61387E+08
8	1	1	7	2	1	2.484430E+03	2.20762E+08
8	1	1	8	0	1	1.682305E+04	7.99181E+04
8	2	0	2	1	0	4.833520E+01	7.34809E+09
8	2	0	3	1	0	1.183550E+02	4.53717E+09
8	2	0	4	1	0	2.410710E+02	2.29680E+09
8	2	0	4	3	0	2.432820E+02	4.39525E+07
8	2	0	5	1	0	4.641543E+02	1.28783E+09
8	2	0	5	3	0	4.738312E+02	7.13316E+07
8	2	0	6	1	0	9.153687E+02	7.86015E+08
8	2	0	6	3	0	9.761278E+02	8.92589E+07
8	2	0	7	1	0	2.484744E+03	5.06131E+08
8	2	0	7	3	0	2.449602E+03	1.04411E+08
8	2	1	2	1	1	4.705210E+01	8.75991E+09
8	2	1	3	1	1	1.162944E+02	4.82556E+09
8	2	1	4	1	1	2.378176E+02	2.32608E+09
8	2	1	4	3	1	2.410618E+02	4.39525E+07
8	2	1	5	1	1	4.588880E+02	1.26106E+09
8	2	1	5	3	1	4.654813E+02	7.13316E+07
8	2	1	6	1	1	9.121473E+02	7.50001E+08
8	2	1	6	3	1	9.413411E+02	8.92589E+07
8	2	1	7	1	1	2.240574E+03	4.62382E+08
8	2	1	7	3	1	2.419689E+03	1.04411E+08
8	2	1	8	1	1	7.242528E+04	4.92847E+03
8	3	0	3	2	0	1.185133E+02	4.94083E+09
8	3	0	4	2	0	2.451152E+02	3.02174E+09
8	3	0	5	2	0	4.700251E+02	1.80465E+09
8	3	0	5	4	0	4.764265E+02	1.56530E+07
8	3	0	6	2	0	9.372980E+02	1.13101E+09
8	3	0	6	4	0	9.559138E+02	3.43214E+07
8	3	0	7	2	0	2.350644E+03	7.21634E+08
8	3	0	7	4	0	2.439032E+03	5.55038E+07
8	3	0	8	2	0	1.348185E+05	6.35518E-02
8	3	1	3	2	1	1.179051E+02	4.94083E+09
8	3	1	4	2	1	2.410143E+02	3.02174E+09
8	3	1	5	2	1	4.613218E+02	1.80465E+09
8	3	1	5	4	1	4.708986E+02	1.56530E+07
8	3	1	6	2	1	9.499526E+02	1.13101E+09
8	3	1	6	4	1	9.452705E+02	3.43214E+07
8	3	1	7	2	1	2.365833E+03	7.21634E+08
8	3	1	7	4	1	2.410945E+03	5.55038E+07
8	3	1	8	2	1	1.569888E+05	6.35518E-02
8	4	0	4	3	0	2.425903E+02	2.38754E+09
8	4	0	5	3	0	4.712145E+02	2.05446E+09
8	4	0	6	3	0	9.650872E+02	1.48262E+09
8	4	0	6	5	0	9.565024E+02	8.55718E+06
8	4	0	7	3	0	2.381240E+03	1.00666E+09
8	4	0	7	5	0	2.435378E+03	2.52695E+07
8	4	0	8	3	0	2.324291E+05	1.67377E-04
8	4	1	4	3	1	2.404788E+02	2.38754E+09
8	4	1	5	3	1	4.633125E+02	2.05446E+09
8	4	1	6	3	1	9.325138E+02	1.48262E+09
8	4	1	6	5	1	9.458214E+02	8.55718E+06
8	4	1	7	3	1	2.362211E+03	1.00666E+09
8	4	1	7	5	1	2.407975E+03	2.52695E+07
8	4	1	8	3	1	2.712873E+05	1.67377E-04
8	5	0	5	4	0	4.748166E+02	1.53246E+09
8	5	0	6	4	0	9.494545E+02	1.68951E+09
8	5	0	7	4	0	2.397416E+03	1.37098E+09
8	5	0	7	6	0	2.434097E+03	7.79888E+06
8	5	0	8	4	0	3.552899E+05	1.99631E-06
8	5	1	5	4	1	4.695513E+02	1.53246E+09
8	5	1	6	4	1	9.398569E+02	1.68951E+09
8	5	1	7	4	1	2.376039E+03	1.37098E+09
8	5	1	7	6	1	2.406972E+03	7.79888E+06
8	5	1	8	4	1	4.153931E+05	1.99631E-06
8	6	0	6	5	0	9.521300E+02	1.42587E+09
8	6	0	7	5	0	2.407232E+03	1.83907E+09
8	6	0	8	5	0	5.034177E+05	5.12230E-08
8	6	1	6	5	1	9.421640E+02	1.42587E+09
8	6	1	7	5	1	2.384410E+03	1.83907E+09
8	6	1	8	5	1	5.893235E+05	5.12230E-08
8	7	0	7	6	0	2.413745E+03	2.44120E+09
8	7	0	8	6	0	6.768180E+05	1.74283E-09
8	7	1	7	6	1	2.389958E+03	2.44120E+09
8	7	1	8	6	1	7.930842E+05	1.74283E-09
9	0	0	2	1	0	4.782275E+01	1.34683E+09
9	0	0	2	1	1	4.654871E+01	2.56518E+06
9	0	0	3	1	0	1.153289E+02	1.02420E+09
9	0	0	3	1	1	1.132669E+02	6.61938E+05
9	0	0	4	1	0	2.288408E+02	7.29958E+08
9	0	0	4	1	1	2.254924E+02	5.12434E+05
9	0	0	5	1	0	4.208488E+02	5.38564E+08
9	0	0	5	1	1	4.151071E+02	3.96697E+05
9	0	0	6	1	0	7.609481E+02	4.14191E+08
9	0	0	6	1	1	7.540624E+02	3.07100E+05
9	0	0	7	1	0	1.602179E+03	3.36689E+08
9	0	0	7	1	1	1.478961E+03	2.37739E+05
9	0	0	8	1	0	6.404093E+03	2.85036E+08
9	0	0	8	1	1	4.104361E+03	1.84044E+05
9	0	1	2	1	1	4.653958E+01	1.39116E+09
9	0	1	3	1	1	1.132128E+02	1.06859E+09
9	0	1	4	1	1	2.252782E+02	7.61239E+08
9	0	1	5	1	1	4.143819E+02	5.60160E+08
9	0	1	6	1	1	7.516727E+02	4.31766E+08
9	0	1	7	1	1	1.469797E+03	3.50712E+08
9	0	1	8	1	1	4.034546E+03	2.97485E+08
9	1	0	1	0	0	1.048990E+01	7.97438E+10
9	1	0	2	0	0	4.650507E+01	5.74293E+09
9	1	0	2	1	0	4.770029E+01	5.45779E+05
9	1	0	3	0	0	1.125995E+02	1.82949E+09
9	1	0	3	2	0	1.148655E+02	1.02812E+08
9	1	0	4	0	0	2.227553E+02	8.42381E+08
9	1	0	4	2	0	2.300081E+02	1.30913E+08
9	1	0	5	0	0	4.059542E+02	4.67276E+08
9	1	0	5	2	0	4.174486E+02	1.29852E+08
9	1	0	6	0	0	6.711601E+02	2.90728E+08
9	1	0	6	2	0	7.491451E+02	1.21590E+08
9	1	0	7	0	0	1.238782E+03	1.95691E+08
9	1	0	7	2	0	1.442224E+03	1.13658E+08
9	1	0	8	0	0	2.769290E+03	1.34373E+08
9	1	0	8	2	0	3.631402E+03	1.06942E+08
9	1	0	9	0	0	1.862834E+04	2.56587E+04
9	1	1	1	0	0	1.049034E+01	7.31659E+07
9	1	1	2	0	0	4.651388E+01	4.82496E+06
9	1	1	2	0	1	4.479010E+01	5.94425E+09
9	1	1	2	1	1	4.644146E+01	5.76235E+05
9	1	1	3	0	0	1.126512E+02	1.44668E+06
9	1	1	3	0	1	1.099413E+02	2.13382E+09
9	1	1	3	2	1	1.142273E+02	1.37970E+08
9	1	1	4	0	0	2.229574E+02	7.05555E+05
9	1	1	4	0	1	2.186384E+02	8.99483E+08
9	1	1	4	2	1	2.261314E+02	1.65669E+08
9	1	1	5	0	0	4.066262E+02	4.32234E+05
9	1	1	5	0	1	3.993991E+02	4.72039E+08
9	1	1	5	2	1	4.097083E+02	1.63330E+08
9	1	1	6	0	0	6.729987E+02	3.01043E+05
9	1	1	6	0	1	6.733527E+02	2.91756E+08
9	1	1	6	2	1	7.542837E+02	1.48340E+08
9	1	1	7	0	0	1.245060E+03	2.27268E+05
9	1	1	7	0	1	1.250788E+03	1.95319E+08
9	1	1	7	2	1	1.437275E+03	1.37452E+08
9	1	1	8	0	0	2.800863E+03	1.81185E+05
9	1	1	8	0	1	2.835299E+03	1.33067E+08
9	1	1	8	2	1	3.578497E+03	1.30093E+08
9	1	1	9	0	1	2.202890E+04	4.26682E+04
9	2	0	2	1	0	4.767211E+01	4.55830E+09
9	2	0	3	1	0	1.144567E+02	3.04998E+09
9	2	0	4	1	0	2.254320E+02	1.57498E+09
9	2	0	4	3	0	2.273643E+02	2.85664E+07
9	2	0	5	1	0	4.094623E+02	8.90817E+08
9	2	0	5	3	0	4.169746E+02	4.49804E+07
9	2	0	6	1	0	7.245183E+02	5.49072E+08
9	2	0	6	3	0	7.620631E+02	5.40568E+07
9	2	0	7	1	0	1.448798E+03	3.65538E+08
9	2	0	7	3	0	1.436780E+03	6.05740E+07
9	2	0	8	1	0	4.499896E+03	2.50845E+08
9	2	0	8	3	0	3.566919E+03	6.68500E+07
9	2	1	2	1	1	4.641855E+01	5.51184E+09
9	2	1	3	1	1	1.124993E+02	3.26852E+09
9	2	1	4	1	1	2.224706E+02	1.60746E+09
9	2	1	4	3	1	2.253070E+02	2.85664E+07
9	2	1	5	1	1	4.049805E+02	8.81183E+08
9	2	1	5	3	1	4.101070E+02	4.49804E+07
9	2	1	6	1	1	7.212989E+02	5.31817E+08
9	2	1	6	3	1	7.394329E+02	5.40568E+07
9	2	1	7	1	1	1.357980E+03	3.45025E+08
9	2	1	7	3	1	1.421768E+03	6.05740E+07
9	2	1	8	1	1	3.290763E+03	2.27449E+08
9	2	1	8	3	1	3.524804E+03	6.68500E+07
9	2	1	9	1	1	9.410303E+04	2.76735E+03
9	3	0	3	2	0	1.146265E+02	3.31174E+09
9	3	0	4	2	0	2.290515E+02	2.03139E+09
9	3	0	5	2	0	4.143083E+02	1.21884E+09
9	3	0	5	4	0	4.192739E+02	9.24374E+06
9	3	0	6	2	0	7.390915E+02	7.71788E+08
9	3	0	6	4	0	7.506181E+02	1.91540E+07
9	3	0	7	2	0	1.405420E+03	5.13712E+08
9	3	0	7	4	0	1.436545E+03	2.89225E+07
9	3	0	8	2	0	3.406768E+03	3.45894E+08
9	3	0	8	4	0	3.548445E+03	3.97280E+07
9	3	0	9	2	0	1.735516E+05	3.64768E-02
9	3	1	3	2	1	1.140247E+02	3.31174E+09
9	3	1	4	2	1	2.253389E+02	2.03139E+09
9	3	1	5	2	1	4.071141E+02	1.21884E+09
9	3	1	5	4	1	4.145544E+02	9.24374E+06
9	3	1	6	2	1	7.455378E+02	7.71788E+08
9	3	1	6	4	1	7.426508E+02	1.91540E+07
9	3	1	7	2	1	1.405850E+03	5.13712E+08
9	3	1	7	4	1	1.421657E+03	2.89225E+07
9	3	1	8	2	1	3.389837E+03	3.45894E+08
9	3	1	8	4	1	3.509468E+03	3.97280E+07
9	3	1	9	2	1	2.030083E+05	3.64768E-02
9	4	0	4	3	0	2.268942E+02	1.50010E+09
9	4	0	5	3	0	4.153961E+02	1.29812E+09
9	4	0	6	3	0	7.568070E+02	9.48563E+08
9	4	0	6	5	0	7.515176E+02	4.25842E+06
9	4	0	7	3	0	1.418210E+03	6.75194E+08
9	4	0	7	5	0	1.437238E+03	1.14085E+07
9	4	0	8	3	0	3.454620E+03	4.67933E+08
9	4	0	8	5	0	3.541698E+03	2.18041E+07
9	4	0	9	3	0	2.983752E+05	9.93798E-05
9	4	1	4	3	1	2.249126E+02	1.50010E+09
9	4	1	5	3	1	4.088020E+02	1.29812E+09
9	4	1	6	3	1	7.352010E+02	9.48563E+08
9	4	1	6	5	1	7.434479E+02	4.25842E+06
9	4	1	7	3	1	1.406204E+03	6.75194E+08
9	4	1	7	5	1	1.422296E+03	1.14085E+07
9	4	1	8	3	1	3.430671E+03	4.67933E+08
9	4	1	8	5	1	3.503920E+03	2.18041E+07
9	4	1	9	3	1	3.498297E+05	9.93798E-05
9	5	0	5	4	0	4.183009E+02	8.53471E+08
9	5	0	6	4	0	7.475051E+02	9.53886E+08
9	5	0	7	4	0	1.425186E+03	8.14073E+08
9	5	0	7	6	0	1.438069E+03	2.87704E+06
9	5	0	8	4	0	3.479935E+03	6.18824E+08
9	5	0	8	6	0	3.539063E+03	1.01242E+07
9	5	0	9	4	0	4.552443E+05	1.25685E-06
9	5	1	5	4	1	4.137433E+02	8.53471E+08
9	5	1	6	4	1	7.400518E+02	9.53886E+08
9	5	1	7	4	1	1.412163E+03	8.14073E+08
9	5	1	7	6	1	1.423032E+03	2.87704E+06
9	5	1	8	4	1	3.452177E+03	6.18824E+08
9	5	1	8	6	1	3.501792E+03	1.01242E+07
9	5	1	9	4	1	5.346684E+05	1.25685E-06
9	6	0	6	5	0	7.494063E+02	6.33967E+08
9	6	0	7	5	0	1.429536E+03	8.61515E+08
9	6	0	8	5	0	3.495288E+03	8.06754E+08
9	6	0	8	7	0	3.538126E+03	3.16808E+06
9	6	0	9	5	0	6.441826E+05	3.60953E-08
9	6	1	6	5	1	7.416888E+02	6.33967E+08
9	6	1	7	5	1	1.415871E+03	8.61515E+08
9	6	1	8	5	1	3.465183E+03	8.06754E+08
9	6	1	8	7	1	3.501067E+03	3.16808E+06
9	6	1	9	5	1	7.575487E+05	3.60953E-08
9	7	0	7	6	0	1.432490E+03	6.78443E+08
9	7	0	8	6	0	3.505466E+03	1.04132E+09
9	7	0	9	6	0	8.651982E+05	1.63022E-09
9	7	1	7	6	1	1.418386E+03	6.78443E+08
9	7	1	8	6	1	3.473790E+03	1.04132E+09
9	7	1	9	6	1	1.018479E+06	1.63022E-09
9	8	0	8	7	0	3.512648E+03	1.33421E+09
9	8	0	9	7	0	1.118294E+06	8.23559E-11
9	8	1	8	7	1	3.479857E+03	1.33421E+09
9	8	1	9	7	1	1.317462E+06	8.23559E-11
10	0	0	2	1	0	4.732316E+01	9.20766E+08
10	0	0	2	1	1	4.607526E+01	1.84827E+06
10	0	0	3	1	0	1.124657E+02	7.16646E+08
10	0	0	3	1	1	1.105039E+02	4.76942E+05
10	0	0	4	1	0	2.178364E+02	5.14168E+08
10	0	0	4	1	1	2.148002E+02	3.69221E+05
10	0	0	5	1	0	3.850744E+02	3.78922E+08
10	0	0	5	1	1	3.802618E+02	2.85830E+05
10	0	0	6	1	0	6.515080E+02	2.89517E+08
10	0	0	6	1	1	6.464539E+02	2.21273E+05
10	0	0	7	1	0	1.183571E+03	2.32268E+08
10	0	0	7	1	1	1.114951E+03	1.71296E+05
10	0	0	8	1	0	2.653219E+03	1.94611E+08
10	0	0	8	1	1	2.153345E+03	1.32608E+05
10	0	0	9	1	0	5.985554E+03	1.68821E+08
10	0	0	9	1	1	5.843184E+03	1.02657E+05
10	0	1	2	1	1	4.606710E+01	9.49284E+08
10	0	1	3	1	1	1.104570E+02	7.46890E+08
10	0	1	4	1	1	2.146230E+02	5.35709E+08
10	0	1	5	1	1	3.797070E+02	3.93789E+08
10	0	1	6	1	1	6.448522E+02	3.01396E+08
10	0	1	7	1	1	1.110195E+03	2.41483E+08
10	0	1	8	1	1	2.135674E+03	2.02262E+08
10	0	1	9	1	1	5.714876E+03	1.75856E+08
10	1	0	1	0	0	1.046692E+01	5.75239E+10
10	1	0	2	0	0	4.605680E+01	4.23584E+09
10	1	0	2	1	0	4.722880E+01	4.05801E+05
10	1	0	3	0	0	1.100071E+02	1.32943E+09
10	1	0	3	2	0	1.121690E+02	6.83248E+07
10	1	0	4	0	0	2.128330E+02	6.13712E+08
10	1	0	4	2	0	2.194445E+02	8.89693E+07
10	1	0	5	0	0	3.741648E+02	3.40972E+08
10	1	0	5	2	0	3.839078E+02	8.85669E+07
10	1	0	6	0	0	5.884966E+02	2.12616E+08
10	1	0	6	2	0	6.476086E+02	8.23065E+07
10	1	0	7	0	0	9.837366E+02	1.44048E+08
10	1	0	7	2	0	1.107835E+03	7.56923E+07
10	1	0	8	0	0	1.753183E+03	1.03099E+08
10	1	0	8	2	0	2.063288E+03	7.05578E+07
10	1	0	9	0	0	3.802725E+03	7.43005E+07
10	1	0	9	2	0	5.078925E+03	6.64389E+07
10	1	1	1	0	0	1.046724E+01	5.40336E+07
10	1	1	2	0	0	4.606298E+01	3.56327E+06
10	1	1	2	0	1	4.437186E+01	4.38711E+09
10	1	1	2	1	1	4.599196E+01	4.28292E+05
10	1	1	3	0	0	1.100424E+02	1.06839E+06
10	1	1	3	0	1	1.074551E+02	1.61025E+09
10	1	1	3	2	1	1.115459E+02	9.18376E+07
10	1	1	4	0	0	2.129650E+02	5.21058E+05
10	1	1	4	0	1	2.090210E+02	6.82725E+08
10	1	1	4	2	1	2.158589E+02	1.12833E+08
10	1	1	5	0	0	3.745728E+02	3.19209E+05
10	1	1	5	0	1	3.684316E+02	3.44468E+08
10	1	1	5	2	1	3.771865E+02	1.11400E+08
10	1	1	6	0	0	5.895065E+02	2.22323E+05
10	1	1	6	0	1	5.897781E+02	2.13490E+08
10	1	1	6	2	1	6.509534E+02	1.00413E+08
10	1	1	7	0	0	9.865620E+02	1.67839E+05
10	1	1	7	0	1	9.901550E+02	1.43999E+08
10	1	1	7	2	1	1.103499E+03	9.12953E+07
10	1	1	8	0	0	1.762177E+03	1.33807E+05
10	1	1	8	0	1	1.775746E+03	1.02588E+08
10	1	1	8	2	1	2.041258E+03	8.46284E+07
10	1	1	9	0	0	3.845294E+03	1.10907E+05
10	1	1	9	0	1	3.908662E+03	7.33950E+07
10	1	1	9	2	1	5.004493E+03	8.03573E+07
10	2	0	2	1	0	4.720699E+01	2.95094E+09
10	2	0	3	1	0	1.118117E+02	2.13613E+09
10	2	0	4	1	0	2.153963E+02	1.12373E+09
10	2	0	4	3	0	2.171597E+02	1.97200E+07
10	2	0	5	1	0	3.775145E+02	6.40113E+08
10	2	0	5	3	0	3.838911E+02	3.04248E+07
10	2	0	6	1	0	6.301574E+02	3.96420E+08
10	2	0	6	3	0	6.583690E+02	3.55978E+07
10	2	0	7	1	0	1.114945E+03	2.65502E+08
10	2	0	7	3	0	1.107814E+03	3.84958E+07
10	2	0	8	1	0	2.331518E+03	1.87792E+08
10	2	0	8	3	0	2.053254E+03	4.10091E+07
10	2	0	9	1	0	4.564682E+03	1.35397E+08
10	2	0	9	3	0	4.977211E+03	4.38457E+07
10	2	1	2	1	1	4.597428E+01	3.61841E+09
10	2	1	3	1	1	1.099249E+02	2.30414E+09
10	2	1	4	1	1	2.126231E+02	1.15383E+09
10	2	1	4	3	1	2.152126E+02	1.97200E+07
10	2	1	5	1	1	3.734918E+02	6.37681E+08
10	2	1	5	3	1	3.778478E+02	3.04248E+07
10	2	1	6	1	1	6.271289E+02	3.87461E+08
10	2	1	6	3	1	6.407922E+02	3.55978E+07
10	2	1	7	1	1	1.058685E+03	2.54247E+08
10	2	1	7	3	1	1.097056E+03	3.84958E+07
10	2	1	8	1	1	1.952890E+03	1.75788E+08
10	2	1	8	3	1	2.032998E+03	4.10091E+07
10	2	1	9	1	1	4.570231E+03	1.22046E+08
10	2	1	9	3	1	4.919934E+03	4.38457E+07
10	3	0	3	2	0	1.119887E+02	2.33641E+09
10	3	0	4	2	0	2.187555E+02	1.43562E+09
10	3	0	5	2	0	3.818040E+02	8.63312E+08
10	3	0	5	4	0	3.860172E+02	5.97916E+06
10	3	0	6	2	0	6.416445E+02	5.48651E+08
10	3	0	6	4	0	6.503142E+02	1.19468E+07
10	3	0	7	2	0	1.090496E+03	3.68418E+08
10	3	0	7	4	0	1.109142E+03	1.71776E+07
10	3	0	8	2	0	2.003943E+03	2.58108E+08
10	3	0	8	4	0	2.052139E+03	2.22936E+07
10	3	0	9	2	0	4.733844E+03	1.81730E+08
10	3	0	9	4	0	4.947278E+03	2.80665E+07
10	3	1	3	2	1	1.113936E+02	2.33641E+09
10	3	1	4	2	1	2.152896E+02	1.43562E+09
10	3	1	5	2	1	3.754515E+02	8.63312E+08
10	3	1	5	4	1	3.817704E+02	5.97916E+06
10	3	1	6	2	1	6.458029E+02	5.48651E+08
10	3	1	6	4	1	6.436356E+02	1.19468E+07
10	3	1	7	2	1	1.088779E+03	3.68418E+08
10	3	1	7	4	1	1.098236E+03	1.71776E+07
10	3	1	8	2	1	1.991453E+03	2.58108E+08
10	3	1	8	4	1	2.032149E+03	2.22936E+07
10	3	1	9	2	1	4.715372E+03	1.81730E+08
10	3	1	9	4	1	4.895052E+03	2.80665E+07
10	4	0	4	3	0	2.168193E+02	1.01278E+09
10	4	0	5	3	0	3.828286E+02	8.78937E+08
10	4	0	6	3	0	6.552499E+02	6.45404E+08
10	4	0	6	5	0	6.512812E+02	2.46377E+06
10	4	0	7	3	0	1.099011E+03	4.64583E+08
10	4	0	7	5	0	1.110404E+03	6.19264E+06
10	4	0	8	3	0	2.023219E+03	3.36725E+08
10	4	0	8	5	0	2.052777E+03	1.09177E+07
10	4	0	9	3	0	4.804322E+03	2.39847E+08
10	4	0	9	5	0	4.935887E+03	1.71879E+07
10	4	1	4	3	1	2.149279E+02	1.01278E+09
10	4	1	5	3	1	3.769710E+02	8.78937E+08
10	4	1	6	3	1	6.382745E+02	6.45404E+08
10	4	1	6	5	1	6.444811E+02	2.46377E+06
10	4	1	7	3	1	1.089697E+03	4.64583E+08
10	4	1	7	5	1	1.099335E+03	6.19264E+06
10	4	1	8	3	1	2.007871E+03	3.36725E+08
10	4	1	8	5	1	2.032741E+03	1.09177E+07
10	4	1	9	3	1	4.775311E+03	2.39847E+08
10	4	1	9	5	1	4.885637E+03	1.71879E+07
10	5	0	5	4	0	3.853609E+02	5.32689E+08
10	5	0	6	4	0	6.484539E+02	5.98695E+08
10	5	0	7	4	0	1.103742E+03	5.17502E+08
10	5	0	7	6	0	1.111453E+03	1.37934E+06
10	5	0	8	4	0	2.033728E+03	4.12903E+08
10	5	0	8	6	0	2.053781E+03	4.36110E+06
10	5	0	9	4	0	4.841612E+03	3.09781E+08
10	5	0	9	6	0	4.931117E+03	9.60691E+06
10	5	1	5	4	1	3.812250E+02	5.32689E+08
10	5	1	6	4	1	6.420867E+02	5.98695E+08
10	5	1	7	4	1	1.093734E+03	5.17502E+08
10	5	1	7	6	1	1.100243E+03	1.37934E+06
10	5	1	8	4	1	2.016789E+03	4.12903E+08
10	5	1	8	6	1	2.033622E+03	4.36110E+06
10	5	1	9	4	1	4.806868E+03	3.09781E+08
10	5	1	9	6	1	4.881732E+03	9.60691E+06
10	6	0	6	5	0	6.500173E+02	3.45401E+08
10	6	0	7	5	0	1.106735E+03	4.75817E+08
10	6	0	8	5	0	2.040274E+03	4.68800E+08
10	6	0	8	7	0	2.054796E+03	1.10618E+06
10	6	0	9	5	0	4.864211E+03	3.94722E+08
10	6	0	9	7	0	4.929142E+03	4.51834E+06
10	6	1	6	5	1	6.434310E+02	3.45401E+08
10	6	1	7	5	1	1.096284E+03	4.75817E+08
10	6	1	8	5	1	2.022332E+03	4.68800E+08
10	6	1	8	7	1	2.034501E+03	1.10618E+06
10	6	1	9	5	1	4.825933E+03	3.94722E+08
10	6	1	9	7	1	4.880146E+03	4.51834E+06
10	7	0	7	6	0	1.108792E+03	2.90259E+08
10	7	0	8	6	0	2.044715E+03	4.69374E+08
10	7	0	9	6	0	4.879174E+03	4.98217E+08
10	7	0	9	8	0	4.928471E+03	1.42761E+06
10	7	1	7	6	1	1.098034E+03	2.90259E+08
10	7	1	8	6	1	2.026086E+03	4.69374E+08
10	7	1	9	6	1	4.838532E+03	4.98217E+08
10	7	1	9	8	1	4.879635E+03	1.42761E+06
10	8	0	8	7	0	2.047913E+03	3.50606E+08
10	8	0	9	7	0	4.889721E+03	6.24438E+08
10	8	1	8	7	1	2.028787E+03	3.50606E+08
10	8	1	9	7	1	4.847399E+03	6.24438E+08
10	9	0	9	8	0	4.897509E+03	7.78386E+08
10	9	1	9	8	1	4.853939E+03	7.78386E+08
11	0	0	2	1	0	4.695909E+01	6.50031E+08
11	0	0	2	1	1	4.573006E+01	1.37402E+06
11	0	0	3	1	0	1.104310E+02	5.17654E+08
11	0	0	3	1	1	1.085389E+02	3.54563E+05
11	0	0	4	1	0	2.103301E+02	3.74211E+08
11	0	0	4	1	1	2.074982E+02	2.74482E+05
11	0	0	5	1	0	3.622229E+02	2.76038E+08
11	0	0	5	1	1	3.579614E+02	2.12488E+05
11	0	0	6	1	0	5.886747E+02	2.10207E+08
11	0	0	6	1	1	5.845454E+02	1.64496E+05
11	0	0	7	1	0	9.913446E+02	1.67224E+08
11	0	0	7	1	1	9.427461E+02	1.27343E+05
11	0	0	8	1	0	1.849348E+03	1.38204E+08
11	0	0	8	1	1	1.591789E+03	9.85817E+04
11	0	0	9	1	0	3.022068E+03	1.18692E+08
11	0	0	9	1	1	2.985343E+03	7.63162E+04
11	0	1	2	1	1	4.572293E+01	6.69039E+08
11	0	1	3	1	1	1.084987E+02	5.39002E+08
11	0	1	4	1	1	2.073513E+02	3.89589E+08
11	0	1	5	1	1	3.575246E+02	2.86669E+08
11	0	1	6	1	1	5.833818E+02	2.18616E+08
11	0	1	7	1	1	9.397230E+02	1.73650E+08
11	0	1	8	1	1	1.583189E+03	1.43383E+08
11	0	1	9	1	1	2.955238E+03	1.23135E+08
11	1	0	1	0	0	1.044992E+01	4.28086E+10
11	1	0	2	0	0	4.572945E+01	3.21630E+09
11	1	0	2	1	0	4.688464E+01	3.09331E+05
11	1	0	3	0	0	1.081578E+02	9.94886E+08
11	1	0	3	2	0	1.102469E+02	4.69570E+07
11	1	0	4	0	0	2.060179E+02	4.60201E+08
11	1	0	4	2	0	2.122067E+02	6.26573E+07
11	1	0	5	0	0	3.536010E+02	2.55917E+08
11	1	0	5	2	0	3.622901E+02	6.28088E+07
11	1	0	6	0	0	5.391789E+02	1.59686E+08
11	1	0	6	2	0	5.883844E+02	5.82238E+07
11	1	0	7	0	0	8.532722E+02	1.08291E+08
11	1	0	7	2	0	9.451009E+02	5.30161E+07
11	1	0	8	0	0	1.377756E+03	7.79168E+07
11	1	0	8	2	0	1.562280E+03	4.86115E+07
11	1	0	9	0	0	2.390080E+03	5.84306E+07
11	1	0	9	2	0	2.838338E+03	4.54393E+07
11	1	1	1	0	0	1.045015E+01	4.10750E+07
11	1	1	2	0	0	4.573394E+01	2.70871E+06
11	1	1	2	0	1	4.406646E+01	3.33306E+09
11	1	1	2	1	1	4.566394E+01	3.26385E+05
11	1	1	3	0	0	1.081830E+02	8.12160E+05
11	1	1	3	0	1	1.056815E+02	1.24822E+09
11	1	1	3	2	1	1.096358E+02	6.32140E+07
11	1	1	4	0	0	2.061092E+02	3.96095E+05
11	1	1	4	0	1	2.024129E+02	5.32012E+08
11	1	1	4	2	1	2.088187E+02	7.96333E+07
11	1	1	5	0	0	3.538699E+02	2.42654E+05
11	1	1	5	0	1	3.483839E+02	2.58538E+08
11	1	1	5	2	1	3.562019E+02	7.90469E+07
11	1	1	6	0	0	5.398044E+02	1.69004E+05
11	1	1	6	0	1	5.400321E+02	1.60385E+08
11	1	1	6	2	1	5.908779E+02	7.10762E+07
11	1	1	7	0	0	8.548398E+02	1.27587E+05
11	1	1	7	0	1	8.575361E+02	1.08330E+08
11	1	1	7	2	1	9.412677E+02	6.39164E+07
11	1	1	8	0	0	1.381848E+03	1.01717E+05
11	1	1	8	0	1	1.390178E+03	7.76604E+07
11	1	1	8	2	1	1.547789E+03	5.81223E+07
11	1	1	9	0	0	2.402421E+03	8.43090E+04
11	1	1	9	0	1	2.427003E+03	5.80009E+07
11	1	1	9	2	1	2.808916E+03	5.41480E+07
11	2	0	2	1	0	4.686736E+01	1.97584E+09
11	2	0	3	1	0	1.099250E+02	1.54586E+09
11	2	0	4	1	0	2.085022E+02	8.27780E+08
11	2	0	4	3	0	2.101542E+02	1.42374E+07
11	2	0	5	1	0	3.568355E+02	4.74572E+08
11	2	0	5	3	0	3.625275E+02	2.16522E+07
11	2	0	6	1	0	5.745767E+02	2.94881E+08
11	2	0	6	3	0	5.979389E+02	2.48711E+07
11	2	0	7	1	0	9.520078E+02	1.97876E+08
11	2	0	7	3	0	9.468037E+02	2.62528E+07
11	2	0	8	1	0	1.716999E+03	1.40532E+08
11	2	0	8	3	0	1.561187E+03	2.70877E+07
11	2	0	9	1	0	2.683989E+03	1.04194E+08
11	2	0	9	3	0	2.821494E+03	2.81178E+07
11	2	1	2	1	1	4.564997E+01	2.45687E+09
11	2	1	3	1	1	1.080888E+02	1.67716E+09
11	2	1	4	1	1	2.058592E+02	8.54204E+08
11	2	1	4	3	1	2.082856E+02	1.42374E+07
11	2	1	5	1	1	3.531116E+02	4.75323E+08
11	2	1	5	3	1	3.570027E+02	2.16522E+07
11	2	1	6	1	1	5.717229E+02	2.90045E+08
11	2	1	6	3	1	5.830567E+02	2.48711E+07
11	2	1	7	1	1	9.098360E+02	1.91144E+08
11	2	1	7	3	1	9.380325E+02	2.62528E+07
11	2	1	8	1	1	1.500167E+03	1.33405E+08
11	2	1	8	3	1	1.546994E+03	2.70877E+07
11	2	1	9	1	1	2.678538E+03	9.68961E+07
11	2	1	9	3	1	2.794971E+03	2.81178E+07
11	3	0	3	2	0	1.101067E+02	1.71389E+09
11	3	0	4	2	0	2.116878E+02	1.05427E+09
11	3	0	5	2	0	3.607805E+02	6.34781E+08
11	3	0	5	4	0	3.645402E+02	4.12131E+06
11	3	0	6	2	0	5.844129E+02	4.04054E+08
11	3	0	6	4	0	5.915964E+02	8.03377E+06
11	3	0	7	2	0	9.348960E+02	2.72064E+08
11	3	0	7	4	0	9.485677E+02	1.11840E+07
11	3	0	8	2	0	1.534590E+03	1.92037E+08
11	3	0	8	4	0	1.562695E+03	1.38997E+07
11	3	0	9	2	0	2.748247E+03	1.40370E+08
11	3	0	9	4	0	2.818848E+03	1.66814E+07
11	3	1	3	2	1	1.095177E+02	1.71389E+09
11	3	1	4	2	1	2.083908E+02	1.05427E+09
11	3	1	5	2	1	3.549585E+02	6.34781E+08
11	3	1	5	4	1	3.606013E+02	4.12131E+06
11	3	1	6	2	1	5.874644E+02	4.04054E+08
11	3	1	6	4	1	5.856704E+02	8.03377E+06
11	3	1	7	2	1	9.326350E+02	2.72064E+08
11	3	1	7	4	1	9.395654E+02	1.11840E+07
11	3	1	8	2	1	1.524584E+03	1.92037E+08
11	3	1	8	4	1	1.548322E+03	1.38997E+07
11	3	1	9	2	1	2.733413E+03	1.40370E+08
11	3	1	9	4	1	2.792839E+03	1.66814E+07
11	4	0	4	3	0	2.098967E+02	7.19956E+08
11	4	0	5	3	0	3.617619E+02	6.25860E+08
11	4	0	6	3	0	5.958592E+02	4.60668E+08
11	4	0	6	5	0	5.925755E+02	1.57218E+06
11	4	0	7	3	0	9.415998E+02	3.32980E+08
11	4	0	7	5	0	9.499501E+02	3.79221E+06
11	4	0	8	3	0	1.547089E+03	2.43770E+08
11	4	0	8	5	0	1.564313E+03	6.32223E+06
11	4	0	9	3	0	2.775777E+03	1.81191E+08
11	4	0	9	5	0	2.819194E+03	9.29662E+06
11	4	1	4	3	1	2.080708E+02	7.19956E+08
11	4	1	5	3	1	3.563720E+02	6.25860E+08
11	4	1	6	3	1	5.813762E+02	4.60668E+08
11	4	1	6	5	1	5.865211E+02	1.57218E+06
11	4	1	7	3	1	9.336904E+02	3.32980E+08
11	4	1	7	5	1	9.407575E+02	3.79221E+06
11	4	1	8	3	1	1.535219E+03	2.43770E+08
11	4	1	8	5	1	1.549717E+03	6.32223E+06
11	4	1	9	3	1	2.756772E+03	1.81191E+08
11	4	1	9	5	1	2.793185E+03	9.29662E+06
11	5	0	5	4	0	3.640666E+02	3.58566E+08
11	5	0	6	4	0	5.903500E+02	4.04141E+08
11	5	0	7	4	0	9.453675E+02	3.51096E+08
11	5	0	7	6	0	9.510187E+02	7.77144E+05
11	5	0	8	4	0	1.554029E+03	2.83452E+08
11	5	0	8	6	0	1.565711E+03	2.29212E+06
11	5	0	9	4	0	2.790774E+03	2.22774E+08
11	5	0	9	6	0	2.820281E+03	4.61183E+06
11	5	1	5	4	1	3.602084E+02	3.58566E+08
11	5	1	6	4	1	5.846349E+02	4.04141E+08
11	5	1	7	4	1	9.369031E+02	3.51096E+08
11	5	1	7	6	1	9.416751E+02	7.77144E+05
11	5	1	8	4	1	1.541105E+03	2.83452E+08
11	5	1	8	6	1	1.550915E+03	2.29212E+06
11	5	1	9	4	1	2.769446E+03	2.22774E+08
11	5	1	9	6	1	2.794134E+03	4.61183E+06
11	6	0	6	5	0	5.917275E+02	2.12421E+08
11	6	0	7	5	0	9.477728E+02	2.94255E+08
11	6	0	8	5	0	1.558417E+03	2.93690E+08
11	6	0	8	7	0	1.566875E+03	5.09408E+05
11	6	0	9	5	0	2.800103E+03	2.59763E+08
11	6	0	9	7	0	2.821499E+03	1.85508E+06
11	6	1	6	5	1	5.858180E+02	2.12421E+08
11	6	1	7	5	1	9.389500E+02	2.94255E+08
11	6	1	8	5	1	1.544818E+03	2.93690E+08
11	6	1	8	7	1	1.551909E+03	5.09408E+05
11	6	1	9	5	1	2.777312E+03	2.59763E+08
11	6	1	9	7	1	2.795182E+03	1.85508E+06
11	7	0	7	6	0	9.494380E+02	1.53848E+08
11	7	0	8	6	0	1.561431E+03	2.52195E+08
11	7	0	9	6	0	2.806426E+03	2.81724E+08
11	7	0	9	8	0	2.822665E+03	4.71963E+05
11	7	1	7	6	1	9.403652E+02	1.53848E+08
11	7	1	8	6	1	1.547365E+03	2.52195E+08
11	7	1	9	6	1	2.782632E+03	2.81724E+08
11	7	1	9	8	1	2.796178E+03	4.71963E+05
11	8	0	8	7	0	1.563624E+03	1.43962E+08
11	8	0	9	7	0	2.810973E+03	2.70131E+08
11	8	1	8	7	1	1.549215E+03	1.43962E+08
11	8	1	9	7	1	2.786455E+03	2.70131E+08
11	9	0	9	8	0	2.814391E+03	1.93534E+08
11	9	1	9	8	1	2.789325E+03	1.93534E+08
12	0	0	2	1	0	4.668524E+01	4.71351E+08
12	0	0	2	1	1	4.547032E+01	1.04817E+06
12	0	0	3	1	0	1.089284E+02	3.83885E+08
12	0	0	3	1	1	1.070870E+02	2.70479E+05
12	0	0	4	1	0	2.049455E+02	2.79734E+08
12	0	0	4	1	1	2.022558E+02	2.09389E+05
12	0	0	5	1	0	3.465430E+02	2.06795E+08
12	0	0	5	1	1	3.426404E+02	1.62097E+05
12	0	0	6	1	0	5.483524E+02	1.57269E+08
12	0	0	6	1	1	5.447677E+02	1.25486E+05
12	0	0	7	1	0	8.821104E+02	1.24474E+08
12	0	0	7	1	1	8.434228E+02	9.71439E+04
12	0	0	8	1	0	1.502302E+03	1.01927E+08
12	0	0	8	1	1	1.327778E+03	7.52032E+04
12	0	0	9	1	0	2.193881E+03	8.63210E+07
12	0	0	9	1	1	2.174462E+03	5.82179E+04
12	0	1	2	1	1	4.546412E+01	4.84394E+08
12	0	1	3	1	1	1.070526E+02	3.99399E+08
12	0	1	4	1	1	2.021332E+02	2.91039E+08
12	0	1	5	1	1	3.422886E+02	2.14632E+08
12	0	1	6	1	1	5.438789E+02	1.63433E+08
12	0	1	7	1	1	8.412944E+02	1.29144E+08
12	0	1	8	1	1	1.322510E+03	1.05631E+08
12	0	1	9	1	1	2.160371E+03	8.94016E+07
12	1	0	1	0	0	1.043698E+01	3.26879E+10
12	1	0	2	0	0	4.548274E+01	2.50141E+09
12	1	0	2	1	0	4.662534E+01	2.40885E+05
12	1	0	3	0	0	1.067878E+02	7.62963E+08
12	1	0	3	2	0	1.088238E+02	3.31781E+07
12	1	0	4	0	0	2.011035E+02	3.53518E+08
12	1	0	4	2	0	2.069963E+02	4.54143E+07
12	1	0	5	0	0	3.393669E+02	1.96713E+08
12	1	0	5	2	0	3.473626E+02	4.59325E+07
12	1	0	6	0	0	5.067681E+02	1.22768E+08
12	1	0	6	2	0	5.499985E+02	4.26078E+07
12	1	0	7	0	0	7.748476E+02	8.32371E+07
12	1	0	7	2	0	8.498303E+02	3.85914E+07
12	1	0	8	0	0	1.184223E+03	5.98983E+07
12	1	0	8	2	0	1.318031E+03	3.49987E+07
12	1	0	9	0	0	1.862151E+03	4.51122E+07
12	1	0	9	2	0	2.123430E+03	3.21872E+07
12	1	1	1	0	0	1.043716E+01	3.19786E+07
12	1	1	2	0	0	4.548611E+01	2.10884E+06
12	1	1	2	0	1	4.383632E+01	2.59358E+09
12	1	1	2	1	1	4.541686E+01	2.54112E+05
12	1	1	3	0	0	1.068064E+02	6.32301E+05
12	1	1	3	0	1	1.043674E+02	9.89284E+08
12	1	1	3	2	1	1.082222E+02	4.47275E+07
12	1	1	4	0	0	2.011694E+02	3.08377E+05
12	1	1	4	0	1	1.976466E+02	4.23671E+08
12	1	1	4	2	1	2.037498E+02	5.78394E+07
12	1	1	5	0	0	3.395546E+02	1.88917E+05
12	1	1	5	0	1	3.345002E+02	1.98720E+08
12	1	1	5	2	1	3.417010E+02	5.78587E+07
12	1	1	6	0	0	5.071867E+02	1.31577E+05
12	1	1	6	0	1	5.073877E+02	1.23322E+08
12	1	1	6	2	1	5.520181E+02	5.20577E+07
12	1	1	7	0	0	7.758267E+02	9.93320E+04
12	1	1	7	0	1	7.780470E+02	8.32977E+07
12	1	1	7	2	1	8.463568E+02	4.65384E+07
12	1	1	8	0	0	1.186512E+03	7.91907E+04
12	1	1	8	0	1	1.192648E+03	5.97488E+07
12	1	1	8	2	1	1.306813E+03	4.18135E+07
12	1	1	9	0	0	1.867816E+03	6.56381E+04
12	1	1	9	0	1	1.882642E+03	4.48589E+07
12	1	1	9	2	1	2.104612E+03	3.82198E+07
12	2	0	2	1	0	4.661139E+01	1.35958E+09
12	2	0	3	1	0	1.085271E+02	1.14900E+09
12	2	0	4	1	0	2.035298E+02	6.25976E+08
12	2	0	4	3	0	2.051036E+02	1.06423E+07
12	2	0	5	1	0	3.425144E+02	3.61064E+08
12	2	0	5	3	0	3.477553E+02	1.60148E+07
12	2	0	6	1	0	5.383333E+02	2.24985E+08
12	2	0	6	3	0	5.587887E+02	1.81539E+07
12	2	0	7	1	0	8.564686E+02	1.51131E+08
12	2	0	7	3	0	8.522543E+02	1.88408E+07
12	2	0	8	1	0	1.429419E+03	1.07388E+08
12	2	0	8	3	0	1.319763E+03	1.90129E+07
12	2	0	9	1	0	2.041844E+03	7.98357E+07
12	2	0	9	3	0	2.120460E+03	1.91693E+07
12	2	1	2	1	1	4.540559E+01	1.71471E+09
12	2	1	3	1	1	1.067287E+02	1.25324E+09
12	2	1	4	1	1	2.009814E+02	6.48738E+08
12	2	1	4	3	1	2.032935E+02	1.06423E+07
12	2	1	5	1	1	3.389989E+02	3.63214E+08
12	2	1	5	3	1	3.425836E+02	1.60148E+07
12	2	1	6	1	1	5.356199E+02	2.22358E+08
12	2	1	6	3	1	5.455550E+02	1.81539E+07
12	2	1	7	1	1	8.216956E+02	1.46873E+08
12	2	1	7	3	1	8.446248E+02	1.88408E+07
12	2	1	8	1	1	1.274715E+03	1.02804E+08
12	2	1	8	3	1	1.308367E+03	1.90129E+07
12	2	1	9	1	1	2.035688E+03	7.52641E+07
12	2	1	9	3	1	2.102245E+03	1.91693E+07
12	3	0	3	2	0	1.087122E+02	1.29657E+09
12	3	0	4	2	0	2.065926E+02	7.98170E+08
12	3	0	5	2	0	3.462274E+02	4.80945E+08
12	3	0	5	4	0	3.496884E+02	2.97683E+06
12	3	0	6	2	0	5.471579E+02	3.06373E+08
12	3	0	6	4	0	5.534497E+02	5.70168E+06
12	3	0	7	2	0	8.430673E+02	2.06496E+08
12	3	0	7	4	0	8.541692E+02	7.76233E+06
12	3	0	8	2	0	1.301834E+03	1.46039E+08
12	3	0	8	4	0	1.322004E+03	9.36966E+06
12	3	0	9	2	0	2.081705E+03	1.07427E+08
12	3	0	9	4	0	2.121961E+03	1.08152E+07
12	3	1	3	2	1	1.081283E+02	1.29657E+09
12	3	1	4	2	1	2.034173E+02	7.98170E+08
12	3	1	5	2	1	3.407670E+02	4.80945E+08
12	3	1	5	4	1	3.459643E+02	2.97683E+06
12	3	1	6	2	1	5.495846E+02	3.06373E+08
12	3	1	6	4	1	5.480142E+02	5.70168E+06
12	3	1	7	2	1	8.406498E+02	2.06496E+08
12	3	1	7	4	1	8.462764E+02	7.76233E+06
12	3	1	8	2	1	1.293256E+03	1.46039E+08
12	3	1	8	4	1	1.310297E+03	9.36966E+06
12	3	1	9	2	1	2.069672E+03	1.07427E+08
12	3	1	9	4	1	2.103563E+03	1.08152E+07
12	4	0	4	3	0	2.049025E+02	5.32113E+08
12	4	0	5	3	0	3.471776E+02	4.63063E+08
12	4	0	6	3	0	5.572986E+02	3.41296E+08
12	4	0	6	5	0	5.544251E+02	1.07394E+06
12	4	0	7	3	0	8.487929E+02	2.47165E+08
12	4	0	7	5	0	8.555724E+02	2.51862E+06
12	4	0	8	3	0	1.311481E+03	1.81569E+08
12	4	0	8	5	0	1.323838E+03	4.04702E+06
12	4	0	9	3	0	2.099161E+03	1.36167E+08
12	4	0	9	5	0	2.123897E+03	5.66179E+06
12	4	1	4	3	1	2.031260E+02	5.32113E+08
12	4	1	5	3	1	3.421082E+02	4.63063E+08
12	4	1	6	3	1	5.443504E+02	3.41296E+08
12	4	1	6	5	1	5.488583E+02	1.07394E+06
12	4	1	7	3	1	8.417409E+02	2.47165E+08
12	4	1	7	5	1	8.474803E+02	2.51862E+06
12	4	1	8	3	1	1.301460E+03	1.81569E+08
12	4	1	8	5	1	1.311864E+03	4.04702E+06
12	4	1	9	3	1	2.084470E+03	1.36167E+08
12	4	1	9	5	1	2.105221E+03	5.66179E+06
12	5	0	5	4	0	3.493304E+02	2.54702E+08
12	5	0	6	4	0	5.525535E+02	2.87549E+08
12	5	0	7	4	0	8.520363E+02	2.50427E+08
12	5	0	7	6	0	8.566240E+02	4.86459E+05
12	5	0	8	4	0	1.316902E+03	2.03084E+08
12	5	0	8	6	0	1.325281E+03	1.37163E+06
12	5	0	9	4	0	2.108847E+03	1.61347E+08
12	5	0	9	6	0	2.125652E+03	2.59489E+06
12	5	1	5	4	1	3.456679E+02	2.54702E+08
12	5	1	6	4	1	5.472707E+02	2.87549E+08
12	5	1	7	4	1	8.445047E+02	2.50427E+08
12	5	1	7	6	1	8.483799E+02	4.86459E+05
12	5	1	8	4	1	1.306054E+03	2.03084E+08
12	5	1	8	6	1	1.313093E+03	1.37163E+06
12	5	1	9	4	1	2.092651E+03	1.61347E+08
12	5	1	9	6	1	2.106716E+03	2.59489E+06
12	6	0	6	5	0	5.538146E+02	1.41562E+08
12	6	0	7	5	0	8.541193E+02	1.96651E+08
12	6	0	8	5	0	1.320362E+03	1.97284E+08
12	6	0	8	7	0	1.326428E+03	2.78492E+05
12	6	0	9	5	0	2.114965E+03	1.76631E+08
12	6	0	9	7	0	2.127148E+03	9.41711E+05
12	6	1	6	5	1	5.483529E+02	1.41562E+08
12	6	1	7	5	1	8.462760E+02	1.96651E+08
12	6	1	8	5	1	1.308980E+03	1.97284E+08
12	6	1	8	7	1	1.314068E+03	2.78492E+05
12	6	1	9	5	1	2.097805E+03	1.76631E+08
12	6	1	9	7	1	2.107985E+03	9.41711E+05
12	7	0	7	6	0	8.555682E+02	9.27366E+07
12	7	0	8	6	0	1.322756E+03	1.52861E+08
12	7	0	9	6	0	2.119163E+03	1.73004E+08
12	7	0	9	8	0	2.128409E+03	2.08495E+05
12	7	1	7	6	1	8.475063E+02	9.27366E+07
12	7	1	8	6	1	1.311001E+03	1.52861E+08
12	7	1	9	6	1	2.101337E+03	1.73004E+08
12	7	1	9	8	1	2.109052E+03	2.08495E+05
12	8	0	8	7	0	1.324508E+03	7.39899E+07
12	8	0	9	7	0	2.122214E+03	1.40734E+08
12	8	1	8	7	1	1.312479E+03	7.39899E+07
12	8	1	9	7	1	2.103901E+03	1.40734E+08
12	9	0	9	8	0	2.124529E+03	7.61870E+07
12	9	1	9	8	1	2.105843E+03	7.61870E+07
13	0	0	2	1	0	4.647390E+01	3.49624E+08
13	0	0	2	1	1	4.526981E+01	8.17126E+05
13	0	0	3	1	0	1.077847E+02	2.91061E+08
13	0	0	3	1	1	1.059815E+02	2.10857E+05
13	0	0	4	1	0	2.009342E+02	2.13832E+08
13	0	0	4	1	1	1.983480E+02	1.63233E+05
13	0	0	5	1	0	3.352269E+02	1.58538E+08
13	0	0	5	1	1	3.315737E+02	1.26366E+05
13	0	0	6	1	0	5.205475E+02	1.20561E+08
13	0	0	6	1	1	5.173160E+02	9.78250E+04
13	0	0	7	1	0	8.123118E+02	9.51374E+07
13	0	0	7	1	1	7.793902E+02	7.57305E+04
13	0	0	8	1	0	1.310523E+03	7.74409E+07
13	0	0	8	1	1	1.175713E+03	5.86261E+04
13	0	0	9	1	0	1.807591E+03	6.49508E+07
13	0	0	9	1	1	1.794387E+03	4.53849E+04
13	0	1	2	1	1	4.526442E+01	3.58795E+08
13	0	1	3	1	1	1.059520E+02	3.02614E+08
13	0	1	4	1	1	1.982447E+02	2.22349E+08
13	0	1	5	1	1	3.312849E+02	1.64462E+08
13	0	1	6	1	1	5.166134E+02	1.25207E+08
13	0	1	7	1	1	7.777964E+02	9.86398E+07
13	0	1	8	1	1	1.172090E+03	8.01920E+07
13	0	1	9	1	1	1.785962E+03	6.72003E+07
13	1	0	1	0	0	1.042690E+01	2.55049E+10
13	1	0	2	0	0	4.529198E+01	1.98499E+09
13	1	0	2	1	0	4.642490E+01	1.91075E+05
13	1	0	3	0	0	1.057422E+02	5.97314E+08
13	1	0	3	2	0	1.077382E+02	2.39951E+07
13	1	0	4	0	0	1.974270E+02	2.77174E+08
13	1	0	4	2	0	2.031033E+02	3.37094E+07
13	1	0	5	0	0	3.290272E+02	1.54305E+08
13	1	0	5	2	0	3.365377E+02	3.44409E+07
13	1	0	6	0	0	4.840532E+02	9.63064E+07
13	1	0	6	2	0	5.233449E+02	3.20327E+07
13	1	0	7	0	0	7.229740E+02	6.52665E+07
13	1	0	7	2	0	7.878329E+02	2.89457E+07
13	1	0	8	0	0	1.067197E+03	4.69287E+07
13	1	0	8	2	0	1.174665E+03	2.60747E+07
13	1	0	9	0	0	1.588278E+03	3.53260E+07
13	1	0	9	2	0	1.774512E+03	2.37072E+07
13	1	1	1	0	0	1.042704E+01	2.54009E+07
13	1	1	2	0	0	4.529457E+01	1.67507E+06
13	1	1	2	0	1	4.365840E+01	2.05911E+09
13	1	1	2	1	1	4.522590E+01	2.01533E+05
13	1	1	3	0	0	1.057563E+02	5.02242E+05
13	1	1	3	0	1	1.033645E+02	7.98798E+08
13	1	1	3	2	1	1.071442E+02	3.23876E+07
13	1	1	4	0	0	1.974762E+02	2.44947E+05
13	1	1	4	0	1	1.940805E+02	3.43602E+08
13	1	1	4	2	1	1.999621E+02	4.30199E+07
13	1	1	5	0	0	3.291638E+02	1.50058E+05
13	1	1	5	0	1	3.244119E+02	1.55872E+08
13	1	1	5	2	1	3.311806E+02	4.34290E+07
13	1	1	6	0	0	4.843491E+02	1.04513E+05
13	1	1	6	0	1	4.845324E+02	9.67463E+07
13	1	1	6	2	1	5.250720E+02	3.91747E+07
13	1	1	7	0	0	7.236342E+02	7.89003E+04
13	1	1	7	0	1	7.255654E+02	6.53271E+07
13	1	1	7	2	1	7.846209E+02	3.49255E+07
13	1	1	8	0	0	1.068636E+03	6.29019E+04
13	1	1	8	0	1	1.073611E+03	4.68319E+07
13	1	1	8	2	1	1.165248E+03	3.11519E+07
13	1	1	9	0	0	1.591468E+03	5.21369E+04
13	1	1	9	0	1	1.602218E+03	3.51580E+07
13	1	1	9	2	1	1.760213E+03	2.81208E+07
13	2	0	2	1	0	4.641345E+01	9.56915E+08
13	2	0	3	1	0	1.074601E+02	8.73249E+08
13	2	0	4	1	0	1.998091E+02	4.83856E+08
13	2	0	4	3	0	2.013256E+02	8.17864E+06
13	2	0	5	1	0	3.321070E+02	2.80730E+08
13	2	0	5	3	0	3.370320E+02	1.22095E+07
13	2	0	6	1	0	5.130632E+02	1.75382E+08
13	2	0	6	3	0	5.316102E+02	1.37049E+07
13	2	0	7	1	0	7.942322E+02	1.17912E+08
13	2	0	7	3	0	7.906068E+02	1.40496E+07
13	2	0	8	1	0	1.264098E+03	8.37757E+07
13	2	0	8	3	0	1.177573E+03	1.39566E+07
13	2	0	9	1	0	1.720442E+03	6.22523E+07
13	2	0	9	3	0	1.775920E+03	1.37840E+07
13	2	1	2	1	1	4.521667E+01	1.22450E+09
13	2	1	3	1	1	1.056907E+02	9.57203E+08
13	2	1	4	1	1	1.973320E+02	5.03366E+08
13	2	1	4	3	1	1.995604E+02	8.17864E+06
13	2	1	5	1	1	3.287441E+02	2.83443E+08
13	2	1	5	3	1	3.321141E+02	1.22095E+07
13	2	1	6	1	1	5.104610E+02	1.74003E+08
13	2	1	6	3	1	5.194769E+02	1.37049E+07
13	2	1	7	1	1	7.639341E+02	1.15111E+08
13	2	1	7	3	1	7.837141E+02	1.40496E+07
13	2	1	8	1	1	1.140893E+03	8.06674E+07
13	2	1	8	3	1	1.167775E+03	1.39566E+07
13	2	1	9	1	1	1.714524E+03	5.91699E+07
13	2	1	9	3	1	1.761494E+03	1.37840E+07
13	3	0	3	2	0	1.076475E+02	1.00570E+09
13	3	0	4	2	0	2.027812E+02	6.19447E+08
13	3	0	5	2	0	3.356543E+02	3.73439E+08
13	3	0	5	4	0	3.389062E+02	2.22877E+06
13	3	0	6	2	0	5.212118E+02	2.37989E+08
13	3	0	6	4	0	5.269179E+02	4.21371E+06
13	3	0	7	2	0	7.830088E+02	1.60463E+08
13	3	0	7	4	0	7.925763E+02	5.64506E+06
13	3	0	8	2	0	1.163972E+03	1.13536E+08
13	3	0	8	4	0	1.180070E+03	6.67626E+06
13	3	0	9	2	0	1.750224E+03	8.36224E+07
13	3	0	9	4	0	1.778593E+03	7.50299E+06
13	3	1	3	2	1	1.070681E+02	1.00570E+09
13	3	1	4	2	1	1.996972E+02	6.19447E+08
13	3	1	5	2	1	3.304544E+02	3.73439E+08
13	3	1	5	4	1	3.353397E+02	2.22877E+06
13	3	1	6	2	1	5.232491E+02	2.37989E+08
13	3	1	6	4	1	5.218254E+02	4.21371E+06
13	3	1	7	2	1	7.805574E+02	1.60463E+08
13	3	1	7	4	1	7.854060E+02	5.64506E+06
13	3	1	8	2	1	1.156308E+03	1.13536E+08
13	3	1	8	4	1	1.169911E+03	6.67626E+06
13	3	1	9	2	1	1.739893E+03	8.36224E+07
13	3	1	9	4	1	1.763782E+03	7.50299E+06
13	4	0	4	3	0	2.011646E+02	4.05467E+08
13	4	0	5	3	0	3.365810E+02	3.53108E+08
13	4	0	6	3	0	5.304892E+02	2.60469E+08
13	4	0	6	5	0	5.278849E+02	7.71118E+05
13	4	0	7	3	0	7.881300E+02	1.88818E+08
13	4	0	7	5	0	7.939718E+02	1.77237E+06
13	4	0	8	3	0	1.172087E+03	1.38906E+08
13	4	0	8	5	0	1.181946E+03	2.77619E+06
13	4	0	9	3	0	1.763472E+03	1.04463E+08
13	4	0	9	5	0	1.780896E+03	3.75622E+06
13	4	1	4	3	1	1.994265E+02	4.05467E+08
13	4	1	5	3	1	3.317434E+02	3.53108E+08
13	4	1	6	3	1	5.185705E+02	2.60469E+08
13	4	1	6	5	1	5.226599E+02	7.71118E+05
13	4	1	7	3	1	7.816530E+02	1.88818E+08
13	4	1	7	5	1	7.865998E+02	1.77237E+06
13	4	1	8	3	1	1.163205E+03	1.38906E+08
13	4	1	8	5	1	1.171508E+03	2.77619E+06
13	4	1	9	3	1	1.751116E+03	1.04463E+08
13	4	1	9	5	1	1.765738E+03	3.75622E+06
13	5	0	5	4	0	3.386263E+02	1.88369E+08
13	5	0	6	4	0	5.262417E+02	2.12883E+08
13	5	0	7	4	0	7.910474E+02	1.85659E+08
13	5	0	7	6	0	7.950003E+02	3.27624E+05
13	5	0	8	4	0	1.176684E+03	1.50878E+08
13	5	0	8	6	0	1.183369E+03	8.95703E+05
13	5	0	9	4	0	1.770912E+03	1.20339E+08
13	5	0	9	6	0	1.782748E+03	1.62709E+06
13	5	1	5	4	1	3.351082E+02	1.88369E+08
13	5	1	6	4	1	5.212651E+02	2.12883E+08
13	5	1	7	4	1	7.841375E+02	1.85659E+08
13	5	1	7	6	1	7.874774E+02	3.27624E+05
13	5	1	8	4	1	1.167099E+03	1.50878E+08
13	5	1	8	6	1	1.172716E+03	8.95703E+05
13	5	1	9	4	1	1.757397E+03	1.20339E+08
13	5	1	9	6	1	1.767306E+03	1.62709E+06
13	6	0	6	5	0	5.274237E+02	9.98791E+07
13	6	0	7	5	0	7.929289E+02	1.38973E+08
13	6	0	8	5	0	1.179637E+03	1.39775E+08
13	6	0	8	7	0	1.184477E+03	1.70370E+05
13	6	0	9	5	0	1.775658E+03	1.25730E+08
13	6	0	9	7	0	1.784238E+03	5.49044E+05
13	6	1	6	5	1	5.222787E+02	9.98791E+07
13	6	1	7	5	1	7.857365E+02	1.38973E+08
13	6	1	8	5	1	1.169594E+03	1.39775E+08
13	6	1	8	7	1	1.173655E+03	1.70370E+05
13	6	1	9	5	1	1.761394E+03	1.25730E+08
13	6	1	9	7	1	1.768564E+03	5.49044E+05
13	7	0	7	6	0	7.942419E+02	6.08906E+07
13	7	0	8	6	0	1.181690E+03	1.00649E+08
13	7	0	9	6	0	1.778939E+03	1.14507E+08
13	7	0	9	8	0	1.785450E+03	1.10372E+05
13	7	1	7	6	1	7.868507E+02	6.08906E+07
13	7	1	8	6	1	1.171327E+03	1.00649E+08
13	7	1	9	6	1	1.764153E+03	1.14507E+08
13	7	1	9	8	1	1.769587E+03	1.10372E+05
13	8	0	8	7	0	1.183199E+03	4.35624E+07
13	8	0	9	7	0	1.781340E+03	8.33175E+07
13	8	1	8	7	1	1.172599E+03	4.35624E+07
13	8	1	9	7	1	1.766168E+03	8.33175E+07
13	9	0	9	8	0	1.783170E+03	3.78965E+07
13	9	1	9	8	1	1.767704E+03	3.78965E+07
14	0	0	2	1	0	4.630728E+01	2.64431E+08
14	0	0	2	1	1	4.511170E+01	6.48877E+05
14	0	0	3	1	0	1.068927E+02	2.24900E+08
14	0	0	3	1	1	1.051190E+02	1.67441E+05
14	0	0	4	1	0	1.978562E+02	1.66585E+08
14	0	0	4	1	1	1.953482E+02	1.29623E+05
14	0	0	5	1	0	3.267465E+02	1.23924E+08
14	0	0	5	1	1	3.232748E+02	1.00347E+05
14	0	0	6	1	0	5.003811E+02	9.43086E+07
14	0	0	6	1	1	4.973945E+02	7.76825E+04
14	0	0	7	1	0	7.642475E+02	7.43029E+07
14	0	0	7	1	1	7.350365E+02	6.01373E+04
14	0	0	8	1	0	1.189801E+03	6.02504E+07
14	0	0	8	1	1	1.077621E+03	4.65548E+04
14	0	0	9	1	0	1.585679E+03	5.02052E+07
14	0	0	9	1	1	1.575509E+03	3.60400E+04
14	0	1	2	1	1	4.510701E+01	2.71013E+08
14	0	1	3	1	1	1.050935E+02	2.33685E+08
14	0	1	4	1	1	1.952602E+02	1.73136E+08
14	0	1	5	1	1	3.230341E+02	1.28497E+08
14	0	1	6	1	1	4.968248E+02	9.78915E+07
14	0	1	7	1	1	7.337930E+02	7.69953E+07
14	0	1	8	1	1	1.074951E+03	6.23524E+07
14	0	1	9	1	1	1.569807E+03	5.19064E+07
14	1	0	1	0	0	1.041890E+01	2.02699E+10
14	1	0	2	0	0	4.514133E+01	1.60242E+09
14	1	0	2	1	0	4.626664E+01	1.54014E+05
14	1	0	3	0	0	1.049247E+02	4.75961E+08
14	1	0	3	2	0	1.068896E+02	1.77031E+07
14	1	0	4	0	0	1.945962E+02	2.21157E+08
14	1	0	4	2	0	2.001086E+02	2.55291E+07
14	1	0	5	0	0	3.212391E+02	1.23168E+08
14	1	0	5	2	0	3.283945E+02	2.63672E+07
14	1	0	6	0	0	4.673832E+02	7.68729E+07
14	1	0	6	2	0	5.039131E+02	2.46198E+07
14	1	0	7	0	0	6.864083E+02	5.20735E+07
14	1	0	7	2	0	7.446083E+02	2.22386E+07
14	1	0	8	0	0	9.893960E+02	3.74093E+07
14	1	0	8	2	0	1.081093E+03	1.99545E+07
14	1	0	9	0	0	1.421877E+03	2.81244E+07
14	1	0	9	2	0	1.569320E+03	1.80071E+07
14	1	1	1	0	0	1.041901E+01	2.05236E+07
14	1	1	2	0	0	4.514336E+01	1.35344E+06
14	1	1	2	0	1	4.351790E+01	1.66300E+09
14	1	1	2	1	1	4.507515E+01	1.62421E+05
14	1	1	3	0	0	1.049356E+02	4.05806E+05
14	1	1	3	0	1	1.025804E+02	6.55299E+08
14	1	1	3	2	1	1.063020E+02	2.39191E+07
14	1	1	4	0	0	1.946339E+02	1.97914E+05
14	1	1	4	0	1	1.913345E+02	2.83028E+08
14	1	1	4	2	1	1.970484E+02	3.26452E+07
14	1	1	5	0	0	3.213419E+02	1.21245E+05
14	1	1	5	0	1	3.168116E+02	1.24414E+08
14	1	1	5	2	1	3.232637E+02	3.32867E+07
14	1	1	6	0	0	4.676010E+02	8.44450E+04
14	1	1	6	0	1	4.677718E+02	7.72263E+07
14	1	1	6	2	1	5.054462E+02	3.01395E+07
14	1	1	7	0	0	6.868780E+02	6.37504E+04
14	1	1	7	0	1	6.886177E+02	5.21279E+07
14	1	1	7	2	1	7.415923E+02	2.68508E+07
14	1	1	8	0	0	9.903721E+02	5.08240E+04
14	1	1	8	0	1	9.946436E+02	3.73418E+07
14	1	1	8	2	1	1.072805E+03	2.38477E+07
14	1	1	9	0	0	1.423893E+03	4.21260E+04
14	1	1	9	0	1	1.432493E+03	2.80043E+07
14	1	1	9	2	1	1.557482E+03	2.13551E+07
14	2	0	2	1	0	4.625711E+01	6.86436E+08
14	2	0	3	1	0	1.066257E+02	6.76293E+08
14	2	0	4	1	0	1.969435E+02	3.81018E+08
14	2	0	4	3	0	1.984167E+02	6.42962E+06
14	2	0	5	1	0	3.242649E+02	2.22333E+08
14	2	0	5	3	0	3.289584E+02	9.53915E+06
14	2	0	6	1	0	4.945848E+02	1.39243E+08
14	2	0	6	3	0	5.117974E+02	1.06272E+07
14	2	0	7	1	0	7.508082E+02	9.36942E+07
14	2	0	7	3	0	7.475676E+02	1.07943E+07
14	2	0	8	1	0	1.157544E+03	6.65618E+07
14	2	0	8	3	0	1.084570E+03	1.05997E+07
14	2	0	9	1	0	1.528897E+03	4.94186E+07
14	2	0	9	3	0	1.572553E+03	1.03150E+07
14	2	1	2	1	1	4.506748E+01	8.91584E+08
14	2	1	3	1	1	1.048792E+02	7.44793E+08
14	2	1	4	1	1	1.945217E+02	3.97753E+08
14	2	1	4	3	1	1.966868E+02	6.42962E+06
14	2	1	5	1	1	3.210178E+02	2.25200E+08
14	2	1	5	3	1	3.242306E+02	9.53915E+06
14	2	1	6	1	1	4.920715E+02	1.38594E+08
14	2	1	6	3	1	5.004441E+02	1.06272E+07
14	2	1	7	1	1	7.234712E+02	9.18004E+07
14	2	1	7	3	1	7.411870E+02	1.07943E+07
14	2	1	8	1	1	1.052944E+03	6.43721E+07
14	2	1	8	3	1	1.075800E+03	1.05997E+07
14	2	1	9	1	1	1.523313E+03	4.72374E+07
14	2	1	9	3	1	1.560278E+03	1.03150E+07
14	3	0	3	2	0	1.068148E+02	7.96432E+08
14	3	0	4	2	0	1.998464E+02	4.90751E+08
14	3	0	5	2	0	3.276889E+02	2.95954E+08
14	3	0	5	4	0	3.307875E+02	1.71681E+06
14	3	0	6	2	0	5.022537E+02	1.88653E+08
14	3	0	6	4	0	5.075502E+02	3.21378E+06
14	3	0	7	2	0	7.409908E+02	1.27212E+08
14	3	0	7	4	0	7.495534E+02	4.25400E+06
14	3	0	8	2	0	1.073484E+03	9.00083E+07
14	3	0	8	4	0	1.087161E+03	4.95680E+06
14	3	0	9	2	0	1.553338E+03	6.62938E+07
14	3	0	9	4	0	1.575643E+03	5.46632E+06
14	3	1	3	2	1	1.062392E+02	7.96432E+08
14	3	1	4	2	1	1.968329E+02	4.90751E+08
14	3	1	5	2	1	3.226841E+02	2.95954E+08
14	3	1	5	4	1	3.273407E+02	1.71681E+06
14	3	1	6	2	1	5.040308E+02	1.88653E+08
14	3	1	6	4	1	5.027096E+02	3.21378E+06
14	3	1	7	2	1	7.385493E+02	1.27212E+08
14	3	1	7	4	1	7.428887E+02	4.25400E+06
14	3	1	8	2	1	1.066449E+03	9.00083E+07
14	3	1	8	4	1	1.078010E+03	4.95680E+06
14	3	1	9	2	1	1.544120E+03	6.62938E+07
14	3	1	9	4	1	1.562907E+03	5.46632E+06
14	4	0	4	3	0	1.982853E+02	3.16665E+08
14	4	0	5	3	0	3.285973E+02	2.75917E+08
14	4	0	6	3	0	5.109238E+02	2.03639E+08
14	4	0	6	5	0	5.085076E+02	5.75136E+05
14	4	0	7	3	0	7.457051E+02	1.47705E+08
14	4	0	7	5	0	7.509328E+02	1.30225E+06
14	4	0	8	3	0	1.080654E+03	1.08734E+08
14	4	0	8	5	0	1.089030E+03	2.00247E+06
14	4	0	9	3	0	1.564334E+03	8.18544E+07
14	4	0	9	5	0	1.578030E+03	2.64671E+06
14	4	1	4	3	1	1.965776E+02	3.16665E+08
14	4	1	5	3	1	3.239339E+02	2.75917E+08
14	4	1	6	3	1	4.997377E+02	2.03639E+08
14	4	1	6	5	1	5.035344E+02	5.75136E+05
14	4	1	7	3	1	7.396386E+02	1.47705E+08
14	4	1	7	5	1	7.440664E+02	1.30225E+06
14	4	1	8	3	1	1.072541E+03	1.08734E+08
14	4	1	8	5	1	1.079596E+03	2.00247E+06
14	4	1	9	3	1	1.553432E+03	8.18544E+07
14	4	1	9	5	1	1.564928E+03	2.64671E+06
14	5	0	5	4	0	3.305631E+02	1.43752E+08
14	5	0	6	4	0	5.070220E+02	1.62576E+08
14	5	0	7	4	0	7.484019E+02	1.41907E+08
14	5	0	7	6	0	7.519391E+02	2.32776E+05
14	5	0	8	4	0	1.084741E+03	1.15453E+08
14	5	0	8	6	0	1.090419E+03	6.22411E+05
14	5	0	9	4	0	1.570563E+03	9.22445E+07
14	5	0	9	6	0	1.579865E+03	1.09923E+06
14	5	1	5	4	1	3.271553E+02	1.43752E+08
14	5	1	6	4	1	5.022724E+02	1.62576E+08
14	5	1	7	4	1	7.419342E+02	1.41907E+08
14	5	1	7	6	1	7.449236E+02	2.32776E+05
14	5	1	8	4	1	1.076001E+03	1.15453E+08
14	5	1	8	6	1	1.080774E+03	6.22411E+05
14	5	1	9	4	1	1.558688E+03	9.22445E+07
14	5	1	9	6	1	1.566478E+03	1.09923E+06
14	6	0	6	5	0	5.081469E+02	7.35342E+07
14	6	0	7	5	0	7.501465E+02	1.02422E+08
14	6	0	8	5	0	1.087377E+03	1.03160E+08
14	6	0	8	7	0	1.091488E+03	1.12726E+05
14	6	0	9	5	0	1.574562E+03	9.30031E+07
14	6	0	9	7	0	1.581305E+03	3.51446E+05
14	6	1	6	5	1	5.032365E+02	7.35342E+07
14	6	1	7	5	1	7.434161E+02	1.02422E+08
14	6	1	8	5	1	1.078228E+03	1.03160E+08
14	6	1	8	7	1	1.081678E+03	1.12726E+05
14	6	1	9	5	1	1.562054E+03	9.30031E+07
14	6	1	9	7	1	1.567691E+03	3.51446E+05
14	7	0	7	6	0	7.513669E+02	4.24860E+07
14	7	0	8	6	0	1.089216E+03	7.03408E+07
14	7	0	9	6	0	1.577341E+03	8.02323E+07
14	7	0	9	8	0	1.582458E+03	6.58314E+04
14	7	1	7	6	1	7.444512E+02	4.24860E+07
14	7	1	8	6	1	1.079780E+03	7.03408E+07
14	7	1	9	6	1	1.564390E+03	8.02323E+07
14	7	1	9	8	1	1.568662E+03	6.58314E+04
14	8	0	8	7	0	1.090572E+03	2.80862E+07
14	8	0	9	7	0	1.579383E+03	5.38675E+07
14	8	1	8	7	1	1.080922E+03	2.80862E+07
14	8	1	9	7	1	1.566104E+03	5.38675E+07
14	9	0	9	8	0	1.580946E+03	2.17442E+07
14	9	1	9	8	1	1.567414E+03	2.17442E+07
15	0	0	2	1	0	4.617354E+01	2.03406E+08
15	0	0	2	1	1	4.498476E+01	5.23536E+05
15	0	0	3	1	0	1.061827E+02	1.76649E+08
15	0	0	3	1	1	1.044323E+02	1.35097E+05
15	0	0	4	1	0	1.954375E+02	1.31914E+08
15	0	0	4	1	1	1.929900E+02	1.04584E+05
15	0	0	5	1	0	3.202022E+02	9.84877E+07
15	0	0	5	1	1	3.168675E+02	8.09631E+04
15	0	0	6	1	0	4.851952E+02	7.50468E+07
15	0	0	6	1	1	4.823866E+02	6.26769E+04
15	0	0	7	1	0	7.293807E+02	5.90871E+07
15	0	0	7	1	1	7.027278E+02	4.85209E+04
15	0	0	8	1	0	1.107388E+03	4.77960E+07
15	0	0	8	1	1	1.009571E+03	3.75620E+04
15	0	0	9	1	0	1.442597E+03	3.96530E+07
15	0	0	9	1	1	1.434175E+03	2.90783E+04
15	0	1	2	1	1	4.498066E+01	2.08214E+08
15	0	1	3	1	1	1.044102E+02	1.83449E+08
15	0	1	4	1	1	1.929146E+02	1.37044E+08
15	0	1	5	1	1	3.166642E+02	1.02083E+08
15	0	1	6	1	1	4.819154E+02	7.78628E+07
15	0	1	7	1	1	7.017283E+02	6.11995E+07
15	0	1	8	1	1	1.007510E+03	4.94388E+07
15	0	1	9	1	1	1.430018E+03	4.09736E+07
15	1	0	1	0	0	1.041243E+01	1.63669E+10
15	1	0	2	0	0	4.502021E+01	1.31284E+09
15	1	0	2	1	0	4.613941E+01	1.25896E+05
15	1	0	3	0	0	1.042726E+02	3.85100E+08
15	1	0	3	2	0	1.062130E+02	1.32884E+07
15	1	0	4	0	0	1.923652E+02	1.79159E+08
15	1	0	4	2	0	1.977502E+02	1.96699E+07
15	1	0	5	0	0	3.152044E+02	9.98108E+07
15	1	0	5	2	0	3.220906E+02	2.05454E+07
15	1	0	6	0	0	4.547169E+02	6.22946E+07
15	1	0	6	2	0	4.892206E+02	1.92752E+07
15	1	0	7	0	0	6.594317E+02	4.21822E+07
15	1	0	7	2	0	7.129685E+02	1.74266E+07
15	1	0	8	0	0	9.343034E+02	3.02799E+07
15	1	0	8	2	0	1.015653E+03	1.56049E+07
15	1	0	9	0	0	1.310797E+03	2.27362E+07
15	1	0	9	2	0	1.435097E+03	1.40142E+07
15	1	1	1	0	0	1.041252E+01	1.68287E+07
15	1	1	2	0	0	4.502183E+01	1.10977E+06
15	1	1	2	0	1	4.340495E+01	1.36304E+09
15	1	1	2	1	1	4.495399E+01	1.32754E+05
15	1	1	3	0	0	1.042813E+02	3.32747E+05
15	1	1	3	0	1	1.019550E+02	5.44976E+08
15	1	1	3	2	1	1.056305E+02	1.79685E+07
15	1	1	4	0	0	1.923948E+02	1.62283E+05
15	1	1	4	0	1	1.891702E+02	2.36273E+08
15	1	1	4	2	1	1.947536E+02	2.52017E+07
15	1	1	5	0	0	3.152838E+02	9.94170E+04
15	1	1	5	0	1	3.109215E+02	1.00818E+08
15	1	1	5	2	1	3.171336E+02	2.59687E+07
15	1	1	6	0	0	4.548822E+02	6.92420E+04
15	1	1	6	0	1	4.550439E+02	6.25817E+07
15	1	1	6	2	1	4.906181E+02	2.36209E+07
15	1	1	7	0	0	6.597793E+02	5.22732E+04
15	1	1	7	0	1	6.613844E+02	4.22291E+07
15	1	1	7	2	1	7.101035E+02	2.10562E+07
15	1	1	8	0	0	9.350015E+02	4.16739E+04
15	1	1	8	0	1	9.388078E+02	3.02300E+07
15	1	1	8	2	1	1.008134E+03	1.86581E+07
15	1	1	9	0	0	1.312172E+03	3.45419E+04
15	1	1	9	0	1	1.319472E+03	2.26460E+07
15	1	1	9	2	1	1.424790E+03	1.66222E+07
15	2	0	2	1	0	4.613139E+01	5.00459E+08
15	2	0	3	1	0	1.059601E+02	5.32284E+08
15	2	0	4	1	0	1.946846E+02	3.04864E+08
15	2	0	4	3	0	1.961241E+02	5.15132E+06
15	2	0	5	1	0	3.181862E+02	1.78898E+08
15	2	0	5	3	0	3.227041E+02	7.60516E+06
15	2	0	6	1	0	4.805812E+02	1.12310E+08
15	2	0	6	3	0	4.968170E+02	8.42278E+06
15	2	0	7	1	0	7.190036E+02	7.56376E+07
15	2	0	7	3	0	7.160312E+02	8.49440E+06
15	2	0	8	1	0	1.083642E+03	5.37335E+07
15	2	0	8	3	0	1.019430E+03	8.26862E+06
15	2	0	9	1	0	1.402560E+03	3.98648E+07
15	2	0	9	3	0	1.439213E+03	7.95909E+06
15	2	1	2	1	1	4.494754E+01	6.60128E+08
15	2	1	3	1	1	1.042319E+02	5.88828E+08
15	2	1	4	1	1	1.923067E+02	3.19271E+08
15	2	1	4	3	1	1.944225E+02	5.15132E+06
15	2	1	5	1	1	3.150296E+02	1.81722E+08
15	2	1	5	3	1	3.181230E+02	7.60516E+06
15	2	1	6	1	1	4.781399E+02	1.12098E+08
15	2	1	6	3	1	4.860413E+02	8.42278E+06
15	2	1	7	1	1	6.937516E+02	7.43312E+07
15	2	1	7	3	1	7.100255E+02	8.49440E+06
15	2	1	8	1	1	9.911478E+02	5.21453E+07
15	2	1	8	3	1	1.011374E+03	8.26862E+06
15	2	1	9	1	1	1.397278E+03	3.82662E+07
15	2	1	9	3	1	1.428317E+03	7.95909E+06
15	3	0	3	2	0	1.061504E+02	6.41850E+08
15	3	0	4	2	0	1.975332E+02	3.95621E+08
15	3	0	5	2	0	3.215153E+02	2.38643E+08
15	3	0	5	4	0	3.244977E+02	1.35336E+06
15	3	0	6	2	0	4.878946E+02	1.52142E+08
15	3	0	6	4	0	4.928911E+02	2.51386E+06
15	3	0	7	2	0	7.101558E+02	1.02592E+08
15	3	0	7	4	0	7.180168E+02	3.29687E+06
15	3	0	8	2	0	1.009954E+03	7.25763E+07
15	3	0	8	4	0	1.022052E+03	3.79870E+06
15	3	0	9	2	0	1.423746E+03	5.34364E+07
15	3	0	9	4	0	1.442463E+03	4.13142E+06
15	3	1	3	2	1	1.055781E+02	6.41850E+08
15	3	1	4	2	1	1.945754E+02	3.95621E+08
15	3	1	5	2	1	3.166613E+02	2.38643E+08
15	3	1	5	4	1	3.211445E+02	1.35336E+06
15	3	1	6	2	1	4.894887E+02	1.52142E+08
15	3	1	6	4	1	4.882426E+02	2.51386E+06
15	3	1	7	2	1	7.077401E+02	1.02592E+08
15	3	1	7	4	1	7.117240E+02	3.29687E+06
15	3	1	8	2	1	1.003378E+03	7.25763E+07
15	3	1	8	4	1	1.013605E+03	3.79870E+06
15	3	1	9	2	1	1.415308E+03	5.34364E+07
15	3	1	9	4	1	1.431074E+03	4.13142E+06
15	4	0	4	3	0	1.960150E+02	2.52390E+08
15	4	0	5	3	0	3.224089E+02	2.19997E+08
15	4	0	6	3	0	4.961176E+02	1.62428E+08
15	4	0	6	5	0	4.938391E+02	4.41990E+05
15	4	0	7	3	0	7.145795E+02	1.17855E+08
15	4	0	7	5	0	7.193784E+02	9.89330E+05
15	4	0	8	3	0	1.016490E+03	8.67880E+07
15	4	0	8	5	0	1.023897E+03	1.50034E+06
15	4	0	9	3	0	1.433360E+03	6.53575E+07
15	4	0	9	5	0	1.444850E+03	1.94943E+06
15	4	1	4	3	1	1.943319E+02	2.52390E+08
15	4	1	5	3	1	3.178807E+02	2.19997E+08
15	4	1	6	3	1	4.854759E+02	1.62428E+08
15	4	1	6	5	1	4.890582E+02	4.41990E+05
15	4	1	7	3	1	7.088194E+02	1.17855E+08
15	4	1	7	5	1	7.128849E+02	9.89330E+05
15	4	1	8	3	1	1.008929E+03	8.67880E+07
15	4	1	8	5	1	1.015170E+03	1.50034E+06
15	4	1	9	3	1	1.423445E+03	6.53575E+07
15	4	1	9	5	1	1.433092E+03	1.94943E+06
15	5	0	5	4	0	3.243140E+02	1.12498E+08
15	5	0	6	4	0	4.924674E+02	1.27293E+08
15	5	0	7	4	0	7.171179E+02	1.11173E+08
15	5	0	7	6	0	7.203650E+02	1.72250E+05
15	5	0	8	4	0	1.020232E+03	9.05090E+07
15	5	0	8	6	0	1.025253E+03	4.52984E+05
15	5	0	9	4	0	1.438839E+03	7.23781E+07
15	5	0	9	6	0	1.446643E+03	7.83798E+05
15	5	1	5	4	1	3.209928E+02	1.12498E+08
15	5	1	6	4	1	4.878921E+02	1.27293E+08
15	5	1	7	4	1	7.109795E+02	1.11173E+08
15	5	1	7	6	1	7.137242E+02	1.72250E+05
15	5	1	8	4	1	1.012095E+03	9.05090E+07
15	5	1	8	6	1	1.016317E+03	4.52984E+05
15	5	1	9	4	1	1.428067E+03	7.23781E+07
15	5	1	9	6	1	1.434604E+03	7.83798E+05
15	6	0	6	5	0	4.935495E+02	5.59531E+07
15	6	0	7	5	0	7.187640E+02	7.79880E+07
15	6	0	8	5	0	1.022653E+03	7.86204E+07
15	6	0	8	7	0	1.026289E+03	7.89885E+04
15	6	0	9	5	0	1.442374E+03	7.09664E+07
15	6	0	9	7	0	1.448030E+03	2.40441E+05
15	6	1	6	5	1	4.888192E+02	5.59531E+07
15	6	1	7	5	1	7.123772E+02	7.79880E+07
15	6	1	8	5	1	1.014140E+03	7.86204E+07
15	6	1	8	7	1	1.017192E+03	7.89885E+04
15	6	1	9	5	1	1.431042E+03	7.09664E+07
15	6	1	9	7	1	1.435771E+03	2.40441E+05
15	7	0	7	6	0	7.199176E+02	3.10180E+07
15	7	0	8	6	0	1.024347E+03	5.14064E+07
15	7	0	9	6	0	1.444839E+03	5.87211E+07
15	7	0	9	8	0	1.449132E+03	4.26864E+04
15	7	1	7	6	1	7.133551E+02	3.10180E+07
15	7	1	8	6	1	1.015569E+03	5.14064E+07
15	7	1	9	6	1	1.433113E+03	5.87211E+07
15	7	1	9	8	1	1.436698E+03	4.26864E+04
15	8	0	8	7	0	1.025598E+03	1.93187E+07
15	8	0	9	7	0	1.446656E+03	3.71116E+07
15	8	1	8	7	1	1.016622E+03	1.93187E+07
15	8	1	9	7	1	1.434638E+03	3.71116E+07
15	9	0	9	8	0	1.448050E+03	1.37337E+07
15	9	1	9	8	1	1.435806E+03	1.37337E+07
10	1	0	10	0	0	2.368616E+04	1.50288E+04
10	1	1	10	0	1	2.819666E+04	2.43393E+04
10	2	1	10	1	1	1.196145E+05	1.65140E+03
10	3	0	10	2	0	2.189567E+05	2.20502E-02
10	3	1	10	2	1	2.569576E+05	2.20502E-02
10	4	0	10	3	0	3.755049E+05	6.14270E-05
10	4	1	10	3	1	4.416945E+05	6.14270E-05
10	5	0	10	4	0	5.719699E+05	8.05107E-07
10	5	1	10	4	1	6.739620E+05	8.05107E-07
10	6	0	10	5	0	8.083840E+05	2.45537E-08
10	6	1	10	5	1	9.537933E+05	2.45537E-08
10	7	0	10	6	0	1.084758E+06	1.24269E-09
10	7	1	10	6	1	1.281199E+06	1.24269E-09
10	8	0	10	7	0	1.401097E+06	8.34154E-11
10	8	1	10	7	1	1.656185E+06	8.34154E-11
10	9	0	10	8	0	1.757402E+06	5.64842E-12
10	9	1	10	8	1	2.078753E+06	5.64842E-12
11	0	0	10	1	0	8.222902E+03	1.05049E+08
11	0	0	10	1	1	8.030660E+03	5.90796E+04
11	0	1	10	1	1	7.816463E+03	1.09255E+08
11	1	0	10	0	0	5.059564E+03	4.37404E+07
11	1	0	10	2	0	6.866194E+03	4.29229E+07
11	1	0	11	0	0	2.957252E+04	9.26347E+03
11	1	1	10	0	0	5.115187E+03	7.19303E+04
11	1	1	10	0	1	5.217738E+03	4.31209E+07
11	1	1	10	2	1	6.764593E+03	5.16746E+07
11	1	1	11	0	1	3.539368E+04	1.46477E+04
11	2	0	10	1	0	6.123994E+03	7.81434E+07
11	2	0	10	3	0	6.714143E+03	2.95098E+07
11	2	1	10	1	1	6.139078E+03	7.01020E+07
11	2	1	10	3	1	6.638386E+03	2.95098E+07
11	2	1	11	1	1	1.492057E+05	1.03521E+03
11	3	0	10	2	0	6.361702E+03	1.02574E+08
11	3	0	10	4	0	6.668425E+03	1.99254E+07
11	3	0	11	2	0	2.714303E+05	1.39261E-02
11	3	1	10	2	1	6.342667E+03	1.02574E+08
11	3	1	10	4	1	6.600368E+03	1.99254E+07
11	3	1	11	2	1	3.193172E+05	1.39261E-02
11	4	0	10	3	0	6.460926E+03	1.32647E+08
11	4	0	10	5	0	6.650477E+03	1.31239E+07
11	4	0	11	3	0	4.644577E+05	3.94021E-05
11	4	1	10	3	1	6.426874E+03	1.32647E+08
11	4	1	10	5	1	6.585495E+03	1.31239E+07
11	4	1	11	3	1	5.476603E+05	3.94021E-05
11	5	0	10	4	0	6.513422E+03	1.68020E+08
11	5	0	10	6	0	6.642587E+03	8.17512E+06
11	5	0	11	4	0	7.063999E+05	5.28828E-07
11	5	1	10	4	1	6.471190E+03	1.68020E+08
11	5	1	10	6	1	6.578996E+03	8.17512E+06
11	5	1	11	4	1	8.344150E+05	5.28828E-07
11	6	0	10	5	0	6.545210E+03	2.10101E+08
11	6	0	10	7	0	6.639022E+03	4.62415E+06
11	6	0	11	5	0	9.972996E+05	1.67342E-08
11	6	1	10	5	1	6.497935E+03	2.10101E+08
11	6	1	10	7	1	6.576088E+03	4.62415E+06
11	6	1	11	5	1	1.179625E+06	1.67342E-08
11	7	0	10	6	0	6.566234E+03	2.60369E+08
11	7	0	10	8	0	6.637519E+03	2.19462E+06
11	7	0	11	6	0	1.337171E+06	9.00278E-10
11	7	1	10	6	1	6.515583E+03	2.60369E+08
11	7	1	10	8	1	6.574886E+03	2.19462E+06
11	7	1	11	6	1	1.583304E+06	9.00278E-10
11	8	0	10	7	0	6.581034E+03	3.20506E+08
11	8	0	10	9	0	6.637063E+03	6.98379E+05
11	8	0	11	7	0	1.726021E+06	6.77750E-11
11	8	1	10	7	1	6.527988E+03	3.20506E+08
11	8	1	10	9	1	6.574548E+03	6.98379E+05
11	8	1	11	7	1	2.045460E+06	6.77750E-11
11	9	0	10	8	0	6.591948E+03	3.92477E+08
11	9	0	11	8	0	2.163851E+06	6.10217E-12
11	9	1	10	8	1	6.537124E+03	3.92477E+08
11	9	1	11	8	1	2.566095E+06	6.10217E-12
12	0	0	10	1	0	4.056376E+03	7.56635E+07
12	0	0	10	1	1	4.009034E+03	4.50689E+04
12	0	0	11	1	0	1.097710E+04	6.80970E+07
12	0	0	11	1	1	1.072410E+04	3.48898E+04
12	0	1	10	1	1	3.961395E+03	7.83778E+07
12	0	1	11	1	1	1.038987E+04	7.07313E+07
12	1	0	10	0	0	3.161926E+03	3.50931E+07
12	1	0	10	2	0	3.784174E+03	3.02359E+07
12	1	0	11	0	0	6.560277E+03	2.70885E+07
12	1	0	11	2	0	9.029180E+03	2.86801E+07
12	1	0	12	0	0	3.633897E+04	5.95554E+03
12	1	1	10	0	0	3.178295E+03	5.60008E+04
12	1	1	10	0	1	3.217589E+03	3.47672E+07
12	1	1	10	2	1	3.745790E+03	3.58421E+07
12	1	1	11	0	0	6.631134E+03	4.88499E+04
12	1	1	11	0	1	6.784655E+03	2.66611E+07
12	1	1	11	2	1	8.893977E+03	3.43963E+07
12	1	1	12	0	1	4.368681E+04	9.21364E+03
12	2	0	10	1	0	3.565498E+03	6.14592E+07
12	2	0	10	3	0	3.757803E+03	1.96210E+07
12	2	0	11	1	0	7.997506E+03	4.75983E+07
12	2	0	11	3	0	8.811394E+03	2.03598E+07
12	2	1	10	1	1	3.561413E+03	5.68504E+07
12	2	1	10	3	1	3.723902E+03	1.96210E+07
12	2	1	11	1	1	8.025767E+03	4.25322E+07
12	2	1	11	3	1	8.713470E+03	2.03598E+07
12	2	1	12	1	1	1.831207E+05	6.75872E+02
12	3	0	10	2	0	3.653664E+03	8.13394E+07
12	3	0	10	4	0	3.752801E+03	1.24002E+07
12	3	0	11	2	0	8.320064E+03	6.13221E+07
12	3	0	11	4	0	8.744763E+03	1.43133E+07
12	3	0	12	2	0	3.313696E+05	9.12892E-03
12	3	1	10	2	1	3.636527E+03	8.13394E+07
12	3	1	10	4	1	3.719796E+03	1.24002E+07
12	3	1	11	2	1	8.301724E+03	6.13221E+07
12	3	1	11	4	1	8.658062E+03	1.43133E+07
12	3	1	12	2	1	3.905648E+05	9.12892E-03
12	4	0	10	3	0	3.691428E+03	1.03816E+08
12	4	0	10	5	0	3.752536E+03	7.53777E+06
12	4	0	11	3	0	8.454917E+03	7.79548E+07
12	4	0	11	5	0	8.717963E+03	9.93270E+06
12	4	0	12	3	0	5.658756E+05	2.61227E-05
12	4	1	10	3	1	3.668489E+03	1.03816E+08
12	4	1	10	5	1	3.719629E+03	7.53777E+06
12	4	1	11	3	1	8.416013E+03	7.79548E+07
12	4	1	11	5	1	8.635823E+03	9.93270E+06
12	4	1	12	3	1	6.685016E+05	2.61227E-05
12	5	0	10	4	0	3.711976E+03	1.27240E+08
12	5	0	10	6	0	3.753571E+03	4.25498E+06
12	5	0	11	4	0	8.526252E+03	9.71422E+07
12	5	0	11	6	0	8.705759E+03	6.64796E+06
12	5	0	12	4	0	8.594724E+05	3.56508E-07
12	5	1	10	4	1	3.685808E+03	1.27240E+08
12	5	1	10	6	1	3.720533E+03	4.25498E+06
12	5	1	11	4	1	8.476135E+03	9.71422E+07
12	5	1	11	6	1	8.625737E+03	6.64796E+06
12	5	1	12	4	1	1.017162E+06	3.56508E-07
12	6	0	10	5	0	3.724743E+03	1.49830E+08
12	6	0	10	7	0	3.754937E+03	2.12653E+06
12	6	0	11	5	0	8.569411E+03	1.19570E+08
12	6	0	11	7	0	8.699920E+03	4.18746E+06
12	6	0	12	5	0	1.212215E+06	1.15635E-08
12	6	1	10	5	1	3.696540E+03	1.49830E+08
12	6	1	10	7	1	3.721702E+03	2.12653E+06
12	6	1	11	5	1	8.512382E+03	1.19570E+08
12	6	1	11	7	1	8.620941E+03	4.18746E+06
12	6	1	12	5	1	1.436602E+06	1.15635E-08
12	7	0	10	6	0	3.733383E+03	1.68056E+08
12	7	0	10	8	0	3.756320E+03	8.58892E+05
12	7	0	11	6	0	8.597924E+03	1.45919E+08
12	7	0	11	8	0	8.697170E+03	2.38870E+06
12	7	0	12	6	0	1.624122E+06	6.46023E-10
12	7	1	10	6	1	3.703789E+03	1.68056E+08
12	7	1	10	8	1	3.722877E+03	8.58892E+05
12	7	1	11	6	1	8.536269E+03	1.45919E+08
12	7	1	11	8	1	8.618705E+03	2.38870E+06
12	7	1	12	6	1	1.926842E+06	6.46023E-10
12	8	0	10	7	0	3.739590E+03	1.75766E+08
12	8	0	10	9	0	3.757615E+03	2.18857E+05
12	8	0	11	7	0	8.617972E+03	1.76939E+08
12	8	0	11	9	0	8.696025E+03	1.14134E+06
12	8	0	12	7	0	2.095202E+06	5.17326E-11
12	8	1	10	7	1	3.708989E+03	1.75766E+08
12	8	1	10	9	1	3.723974E+03	2.18857E+05
12	8	1	11	7	1	8.553036E+03	1.76939E+08
12	8	1	11	9	1	8.617795E+03	1.14134E+06
12	8	1	12	7	1	2.487889E+06	5.17326E-11
12	9	0	10	8	0	3.744250E+03	1.62775E+08
12	9	0	11	8	0	8.632738E+03	2.13483E+08
12	9	0	12	8	0	2.625457E+06	5.22691E-12
12	9	1	10	8	1	3.712890E+03	1.62775E+08
12	9	1	11	8	1	8.565369E+03	2.13483E+08
12	9	1	12	8	1	3.119745E+06	5.22691E-12
13	0	0	10	1	0	2.907526E+03	5.61345E+07
13	0	0	10	1	1	2.883123E+03	3.51344E+04
13	0	0	11	1	0	5.304808E+03	5.00530E+07
13	0	0	11	1	1	5.245010E+03	2.71990E+04
13	0	0	12	1	0	1.430803E+04	4.56909E+07
13	0	0	12	1	1	1.398218E+04	2.10559E+04
13	0	1	10	1	1	2.861433E+03	5.80545E+07
13	0	1	11	1	1	5.173669E+03	5.17833E+07
13	0	1	12	1	1	1.348642E+04	4.74059E+07
13	1	0	10	0	0	2.445813E+03	2.75773E+07
13	1	0	10	2	0	2.802238E+03	2.19193E+07
13	1	0	11	0	0	4.081104E+03	2.20963E+07
13	1	0	11	2	0	4.917601E+03	2.07081E+07
13	1	0	12	0	0	8.325160E+03	1.74928E+07
13	1	0	12	2	0	1.160395E+04	1.97300E+07
13	1	0	13	0	0	4.403671E+04	3.96674E+03
13	1	1	10	0	0	2.453385E+03	4.44819E+04
13	1	1	10	0	1	2.476732E+03	2.73706E+07
13	1	1	10	2	1	2.778299E+03	2.58822E+07
13	1	1	11	0	0	4.102230E+03	3.88019E+04
13	1	1	11	0	1	4.160469E+03	2.18560E+07
13	1	1	11	2	1	4.868509E+03	2.44414E+07
13	1	1	12	0	0	8.413547E+03	3.44432E+04
13	1	1	12	0	1	8.631385E+03	1.71932E+07
13	1	1	12	2	1	1.142789E+04	2.35868E+07
13	1	1	13	0	1	5.314226E+04	6.01476E+03
13	2	0	10	1	0	2.688474E+03	4.80015E+07
13	2	0	10	3	0	2.796378E+03	1.37344E+07
13	2	0	11	1	0	4.618266E+03	3.81020E+07
13	2	0	11	3	0	4.878479E+03	1.39499E+07
13	2	0	12	1	0	1.021303E+04	3.03072E+07
13	2	0	12	3	0	1.130266E+04	1.43722E+07
13	2	1	10	1	1	2.682366E+03	4.49984E+07
13	2	1	10	3	1	2.773515E+03	1.37344E+07
13	2	1	11	1	1	4.616454E+03	3.50894E+07
13	2	1	11	3	1	4.835996E+03	1.39499E+07
13	2	1	12	1	1	1.025865E+04	2.69920E+07
13	2	1	12	3	1	1.117850E+04	1.43722E+07
13	2	1	13	1	1	2.216012E+05	4.56594E+02
13	3	0	10	2	0	2.742147E+03	6.36555E+07
13	3	0	10	4	0	2.797613E+03	8.30247E+06
13	3	0	11	2	0	4.735491E+03	4.96409E+07
13	3	0	11	4	0	4.870112E+03	9.24968E+06
13	3	0	12	2	0	1.063856E+04	3.84284E+07
13	3	0	12	4	0	1.120916E+04	1.04289E+07
13	3	0	13	2	0	3.991696E+05	6.17823E-03
13	3	1	10	2	1	2.728011E+03	6.36555E+07
13	3	1	10	4	1	2.774605E+03	8.30247E+06
13	3	1	11	2	1	4.716165E+03	4.96409E+07
13	3	1	11	4	1	4.829074E+03	9.24968E+06
13	3	1	12	2	1	1.062246E+04	3.84284E+07
13	3	1	12	4	1	1.110076E+04	1.04289E+07
13	3	1	13	2	1	4.711727E+05	6.17823E-03
13	4	0	10	3	0	2.765637E+03	8.02780E+07
13	4	0	10	5	0	2.799795E+03	4.78066E+06
13	4	0	11	3	0	4.785677E+03	6.26657E+07
13	4	0	11	5	0	4.868829E+03	5.98665E+06
13	4	0	12	3	0	1.081670E+04	4.81439E+07
13	4	0	12	5	0	1.117081E+04	7.52809E+06
13	4	0	13	3	0	6.803969E+05	1.78305E-05
13	4	1	10	3	1	2.747872E+03	8.02780E+07
13	4	1	10	5	1	2.776465E+03	4.78066E+06
13	4	1	11	3	1	4.758568E+03	6.26657E+07
13	4	1	11	5	1	4.828052E+03	5.98665E+06
13	4	1	12	3	1	1.077330E+04	4.81439E+07
13	4	1	12	5	1	1.106892E+04	7.52809E+06
13	4	1	13	3	1	8.049838E+05	1.78305E-05
13	5	0	10	4	0	2.778656E+03	9.58458E+07
13	5	0	10	6	0	2.801899E+03	2.52439E+06
13	5	0	11	4	0	4.812952E+03	7.63772E+07
13	5	0	11	6	0	4.869631E+03	3.68525E+06
13	5	0	12	4	0	1.091091E+04	5.91630E+07
13	5	0	12	6	0	1.115288E+04	5.30426E+06
13	5	0	13	4	0	1.032120E+06	2.46348E-07
13	5	1	10	4	1	2.758838E+03	9.58458E+07
13	5	1	10	6	1	2.778247E+03	2.52439E+06
13	5	1	11	4	1	4.781515E+03	7.63772E+07
13	5	1	11	6	1	4.828758E+03	3.68525E+06
13	5	1	12	4	1	1.085263E+04	5.91630E+07
13	5	1	12	6	1	1.105408E+04	5.30426E+06
13	5	1	13	4	1	1.223325E+06	2.46348E-07
13	6	0	10	5	0	2.786871E+03	1.07873E+08
13	6	0	10	7	0	2.803740E+03	1.16023E+06
13	6	0	11	5	0	4.829876E+03	9.01418E+07
13	6	0	11	7	0	4.871061E+03	2.09604E+06
13	6	0	12	5	0	1.096787E+04	7.18491E+07
13	6	0	12	7	0	1.114395E+04	3.58741E+06
13	6	0	13	5	0	1.454409E+06	8.13174E-09
13	6	1	10	5	1	2.765740E+03	1.07873E+08
13	6	1	10	7	1	2.779801E+03	1.16023E+06
13	6	1	11	5	1	4.795712E+03	9.01418E+07
13	6	1	11	7	1	4.829978E+03	2.09604E+06
13	6	1	12	5	1	1.090040E+04	7.18491E+07
13	6	1	12	7	1	1.104671E+04	3.58741E+06
13	6	1	13	5	1	1.726268E+06	8.13174E-09
13	7	0	10	6	0	2.792501E+03	1.12625E+08
13	7	0	10	8	0	2.805314E+03	4.20592E+05
13	7	0	11	6	0	4.841315E+03	1.02644E+08
13	7	0	11	8	0	4.872624E+03	1.05237E+06
13	7	0	12	6	0	1.100545E+04	8.65435E+07
13	7	0	12	8	0	1.113945E+04	2.27760E+06
13	7	0	13	6	0	1.947286E+06	4.65983E-10
13	7	1	10	6	1	2.770462E+03	1.12625E+08
13	7	1	10	8	1	2.781128E+03	4.20592E+05
13	7	1	11	6	1	4.805289E+03	1.02644E+08
13	7	1	11	8	1	4.831301E+03	1.05237E+06
13	7	1	12	6	1	1.093185E+04	8.65435E+07
13	7	1	12	8	1	1.104302E+04	2.27760E+06
13	7	1	13	6	1	2.313838E+06	4.65983E-10
13	8	0	10	7	0	2.796590E+03	1.05434E+08
13	8	0	10	9	0	2.806658E+03	9.27168E+04
13	8	0	11	7	0	4.849522E+03	1.11605E+08
13	8	0	11	9	0	4.874140E+03	4.26101E+05
13	8	0	12	7	0	1.103185E+04	1.03608E+08
13	8	0	12	9	0	1.113729E+04	1.30748E+06
13	8	0	13	7	0	2.510763E+06	3.87730E-11
13	8	1	10	7	1	2.773886E+03	1.05434E+08
13	8	1	10	9	1	2.782259E+03	9.27168E+04
13	8	1	11	7	1	4.812149E+03	1.11605E+08
13	8	1	11	9	1	4.832581E+03	4.26101E+05
13	8	1	12	7	1	1.095389E+04	1.03608E+08
13	8	1	12	9	1	1.104127E+04	1.30748E+06
13	8	1	13	7	1	2.986042E+06	3.87730E-11
13	9	0	10	8	0	2.799689E+03	8.20735E+07
13	9	0	11	8	0	4.855677E+03	1.13322E+08
13	9	0	12	8	0	1.105127E+04	1.23444E+08
13	9	0	13	8	0	3.144844E+06	4.16920E-12
13	9	1	10	8	1	2.776479E+03	8.20735E+07
13	9	1	11	8	1	4.817289E+03	1.13322E+08
13	9	1	12	8	1	1.097009E+04	1.23444E+08
13	9	1	13	8	1	3.742888E+06	4.16920E-12
14	0	0	10	1	0	2.373283E+03	4.29592E+07
14	0	0	10	1	1	2.356999E+03	2.79001E+04
14	0	0	11	1	0	3.760382E+03	3.77676E+07
14	0	0	11	1	1	3.730235E+03	2.15986E+04
14	0	0	12	1	0	6.788267E+03	3.41685E+07
14	0	0	12	1	1	6.714031E+03	1.67204E+04
14	0	0	13	1	0	1.827690E+04	3.15719E+07
14	0	0	13	1	1	1.786488E+04	1.29440E+04
14	0	1	10	1	1	2.344260E+03	4.43859E+07
14	0	1	11	1	1	3.698428E+03	3.90121E+07
14	0	1	12	1	1	6.611685E+03	3.53118E+07
14	0	1	13	1	1	1.715816E+04	3.27259E+07
14	1	0	10	0	0	2.072344E+03	2.19325E+07
14	1	0	10	2	0	2.322660E+03	1.64570E+07
14	1	0	11	0	0	3.137599E+03	1.76240E+07
14	1	0	11	2	0	3.609659E+03	1.53095E+07
14	1	0	12	0	0	5.159930E+03	1.44692E+07
14	1	0	12	2	0	6.255441E+03	1.45476E+07
14	1	0	13	0	0	1.037435E+04	1.17000E+07
14	1	0	13	2	0	1.462666E+04	1.39218E+07
14	1	0	14	0	0	5.271648E+04	2.72290E+03
14	1	1	10	0	0	2.076631E+03	3.59408E+04
14	1	1	10	0	1	2.093334E+03	2.17881E+07
14	1	1	10	2	1	2.304777E+03	1.94073E+07
14	1	1	11	0	0	3.147437E+03	3.13515E+04
14	1	1	11	0	1	3.181607E+03	1.74646E+07
14	1	1	11	2	1	3.579729E+03	1.79937E+07
14	1	1	12	0	0	5.186588E+03	2.78297E+04
14	1	1	12	0	1	5.268557E+03	1.42926E+07
14	1	1	12	2	1	6.193706E+03	1.71077E+07
14	1	1	13	0	0	1.048268E+04	2.50525E+04
14	1	1	13	0	1	1.077976E+04	1.14863E+07
14	1	1	13	2	1	1.440166E+04	1.65981E+07
14	1	1	14	0	1	6.382546E+04	4.05264E+03
14	2	0	10	1	0	2.248309E+03	3.80597E+07
14	2	0	10	3	0	2.323280E+03	1.00808E+07
14	2	0	11	1	0	3.455999E+03	3.02339E+07
14	2	0	11	3	0	3.599681E+03	9.98552E+06
14	2	0	12	1	0	5.857045E+03	2.46169E+07
14	2	0	12	3	0	6.199812E+03	1.01002E+07
14	2	0	13	1	0	1.279829E+04	2.00268E+07
14	2	0	13	3	0	1.422166E+04	1.03590E+07
14	2	1	10	1	1	2.242068E+03	3.59647E+07
14	2	1	10	3	1	2.305396E+03	1.00808E+07
14	2	1	11	1	1	3.450321E+03	2.82100E+07
14	2	1	11	3	1	3.571502E+03	9.98552E+06
14	2	1	12	1	1	5.858563E+03	2.25862E+07
14	2	1	12	3	1	6.147451E+03	1.01002E+07
14	2	1	13	1	1	1.286600E+04	1.77859E+07
14	2	1	13	3	1	1.406682E+04	1.03590E+07
14	2	1	14	1	1	2.648858E+05	3.17560E+02
14	3	0	10	2	0	2.287820E+03	5.04973E+07
14	3	0	10	4	0	2.326300E+03	5.90091E+06
14	3	0	11	2	0	3.526207E+03	3.95567E+07
14	3	0	11	4	0	3.600313E+03	6.36249E+06
14	3	0	12	2	0	6.008992E+03	3.16285E+07
14	3	0	12	4	0	6.186882E+03	6.95490E+06
14	3	0	13	2	0	1.334672E+04	2.50466E+07
14	3	0	13	4	0	1.409447E+04	7.71125E+06
14	3	0	14	2	0	4.752213E+05	4.29821E-03
14	3	1	10	2	1	2.275638E+03	5.04973E+07
14	3	1	10	4	1	2.307968E+03	5.90091E+06
14	3	1	11	2	1	3.509923E+03	3.95567E+07
14	3	1	11	4	1	3.572080E+03	6.36249E+06
14	3	1	12	2	1	5.987664E+03	3.16285E+07
14	3	1	12	4	1	6.136710E+03	6.95490E+06
14	3	1	13	2	1	1.333471E+04	2.50466E+07
14	3	1	13	4	1	1.396110E+04	7.71125E+06
14	3	1	14	2	1	5.616073E+05	4.29821E-03
14	4	0	10	3	0	2.305386E+03	6.30416E+07
14	4	0	10	5	0	2.329073E+03	3.26682E+06
14	4	0	11	3	0	3.556905E+03	4.95578E+07
14	4	0	11	5	0	3.602635E+03	3.92600E+06
14	4	0	12	3	0	6.074002E+03	3.95167E+07
14	4	0	12	5	0	6.184084E+03	4.72076E+06
14	4	0	13	3	0	1.357659E+04	3.09860E+07
14	4	0	13	5	0	1.404148E+04	5.74100E+06
14	4	0	14	3	0	8.086532E+05	1.24868E-05
14	4	1	10	3	1	2.290481E+03	6.30416E+07
14	4	1	10	5	1	2.310313E+03	3.26682E+06
14	4	1	11	3	1	3.535832E+03	4.95578E+07
14	4	1	11	5	1	3.574052E+03	3.92600E+06
14	4	1	12	3	1	6.042529E+03	3.95167E+07
14	4	1	12	5	1	6.134419E+03	4.72076E+06
14	4	1	13	3	1	1.352926E+04	3.09860E+07
14	4	1	13	5	1	1.391708E+04	5.74100E+06
14	4	1	14	3	1	9.578626E+05	1.24868E-05
14	5	0	10	4	0	2.315244E+03	7.37170E+07
14	5	0	10	6	0	2.331358E+03	1.64344E+06
14	5	0	11	4	0	3.573900E+03	5.92771E+07
14	5	0	11	6	0	3.605058E+03	2.28151E+06
14	5	0	12	4	0	6.109292E+03	4.78496E+07
14	5	0	12	6	0	6.184420E+03	3.09331E+06
14	5	0	13	4	0	1.369814E+04	3.76220E+07
14	5	0	13	6	0	1.401617E+04	4.20489E+06
14	5	0	14	4	0	1.225266E+06	1.74137E-07
14	5	1	10	4	1	2.298780E+03	7.37170E+07
14	5	1	10	6	1	2.312240E+03	1.64344E+06
14	5	1	11	4	1	3.550119E+03	5.92771E+07
14	5	1	11	6	1	3.576097E+03	2.28151E+06
14	5	1	12	4	1	6.072180E+03	4.78496E+07
14	5	1	12	6	1	6.134733E+03	3.09331E+06
14	5	1	13	4	1	1.363153E+04	3.76220E+07
14	5	1	13	6	1	1.389610E+04	4.20489E+06
14	5	1	14	4	1	1.454012E+06	1.74137E-07
14	6	0	10	5	0	2.321526E+03	8.01329E+07
14	6	0	10	7	0	2.333220E+03	7.10885E+05
14	6	0	11	5	0	3.584609E+03	6.76756E+07
14	6	0	11	7	0	3.607245E+03	1.20941E+06
14	6	0	12	5	0	6.131161E+03	5.63966E+07
14	6	0	12	7	0	6.185799E+03	1.91852E+06
14	6	0	13	5	0	1.377157E+04	4.51615E+07
14	6	0	13	7	0	1.400319E+04	2.99211E+06
14	6	0	14	5	0	1.725145E+06	5.82317E-09
14	6	1	10	5	1	2.304056E+03	8.01329E+07
14	6	1	10	7	1	2.313806E+03	7.10885E+05
14	6	1	11	5	1	3.559099E+03	6.76756E+07
14	6	1	11	7	1	3.577937E+03	1.20941E+06
14	6	1	12	5	1	6.090500E+03	5.63966E+07
14	6	1	12	7	1	6.135908E+03	1.91852E+06
14	6	1	13	5	1	1.369306E+04	4.51615E+07
14	6	1	13	7	1	1.388538E+04	2.99211E+06
14	6	1	14	5	1	2.050144E+06	5.82317E-09
14	7	0	10	6	0	2.325866E+03	7.92966E+07
14	7	0	10	8	0	2.334748E+03	2.38470E+05
14	7	0	11	6	0	3.591942E+03	7.31268E+07
14	7	0	11	8	0	3.609148E+03	5.56139E+05
14	7	0	12	6	0	6.145922E+03	6.46290E+07
14	7	0	12	8	0	6.187486E+03	1.09645E+06
14	7	0	13	6	0	1.381998E+04	5.37876E+07
14	7	0	13	8	0	1.399635E+04	2.03872E+06
14	7	0	14	6	0	2.308322E+06	3.39792E-10
14	7	1	10	6	1	2.307694E+03	7.92966E+07
14	7	1	10	8	1	2.315090E+03	2.38470E+05
14	7	1	11	6	1	3.565235E+03	7.31268E+07
14	7	1	11	8	1	3.579535E+03	5.56139E+05
14	7	1	12	6	1	6.102838E+03	6.46290E+07
14	7	1	12	8	1	6.137332E+03	1.09645E+06
14	7	1	13	6	1	1.373352E+04	5.37876E+07
14	7	1	13	8	1	1.387974E+04	2.03872E+06
14	7	1	14	6	1	2.746288E+06	3.39792E-10
14	8	0	10	7	0	2.329039E+03	6.85261E+07
14	8	0	10	9	0	2.336018E+03	4.74734E+04
14	8	0	11	7	0	3.597261E+03	7.34596E+07
14	8	0	11	9	0	3.610789E+03	2.01183E+05
14	8	0	12	7	0	6.156500E+03	7.16261E+07
14	8	0	12	9	0	6.189199E+03	5.52139E+05
14	8	0	13	7	0	1.385394E+04	6.36873E+07
14	8	0	13	9	0	1.399279E+04	1.30207E+06
14	8	0	14	7	0	2.974808E+06	2.90149E-11
14	8	1	10	7	1	2.310350E+03	6.85261E+07
14	8	1	10	9	1	2.316156E+03	4.74734E+04
14	8	1	11	7	1	3.569681E+03	7.34596E+07
14	8	1	11	9	1	3.580911E+03	2.01183E+05
14	8	1	12	7	1	6.111667E+03	7.16261E+07
14	8	1	12	9	1	6.138773E+03	5.52139E+05
14	8	1	13	7	1	1.376185E+04	6.36873E+07
14	8	1	13	9	1	1.387683E+04	1.30207E+06
14	8	1	14	7	1	3.542458E+06	2.90149E-11
14	9	0	10	8	0	2.331456E+03	4.73523E+07
14	9	0	11	8	0	3.601289E+03	6.62513E+07
14	9	0	12	8	0	6.164424E+03	7.59102E+07
14	9	0	13	8	0	1.387890E+04	7.50642E+07
14	9	0	14	8	0	3.724608E+06	3.24321E-12
14	9	1	10	8	1	2.312373E+03	4.73523E+07
14	9	1	11	8	1	3.573043E+03	6.62513E+07
14	9	1	12	8	1	6.118272E+03	7.59102E+07
14	9	1	13	8	1	1.378264E+04	7.50642E+07
14	9	1	14	8	1	4.438658E+06	3.24321E-12
15	0	0	10	1	0	2.066514E+03	3.36982E+07
15	0	0	10	1	1	2.054156E+03	2.25108E+04
15	0	0	11	1	0	3.044325E+03	2.93261E+07
15	0	0	11	1	1	3.024536E+03	1.74265E+04
15	0	0	12	1	0	4.765022E+03	2.61596E+07
15	0	0	12	1	1	4.728324E+03	1.34906E+04
15	0	0	13	1	0	8.527805E+03	2.39636E+07
15	0	0	13	1	1	8.437014E+03	1.04436E+04
15	0	0	14	1	0	2.294620E+04	2.23766E+07
15	0	0	14	1	1	2.243344E+04	8.08486E+03
15	0	1	10	1	1	2.045639E+03	3.47937E+07
15	0	1	11	1	1	3.006108E+03	3.02647E+07
15	0	1	12	1	1	4.683441E+03	2.69937E+07
15	0	1	13	1	1	8.295166E+03	2.47426E+07
15	0	1	14	1	1	2.145779E+04	2.31755E+07
15	1	0	10	0	0	1.844529E+03	1.77013E+07
15	1	0	10	2	0	2.040236E+03	1.27068E+07
15	1	0	11	0	0	2.643310E+03	1.42030E+07
15	1	0	11	2	0	2.970594E+03	1.16842E+07
15	1	0	12	0	0	3.946336E+03	1.16879E+07
15	1	0	12	2	0	4.556652E+03	1.09375E+07
15	1	0	13	0	0	6.410662E+03	9.79347E+06
15	1	0	13	2	0	7.814523E+03	1.04516E+07
15	1	0	14	0	0	1.272784E+04	8.06315E+06
15	1	0	14	2	0	1.813355E+04	1.00446E+07
15	1	0	15	0	0	6.242845E+04	1.91827E+03
15	1	1	10	0	0	1.847252E+03	2.94703E+04
15	1	1	10	0	1	1.860457E+03	1.75940E+07
15	1	1	10	2	1	2.025616E+03	1.49791E+07
15	1	1	11	0	0	2.648906E+03	2.57072E+04
15	1	1	11	0	1	2.673067E+03	1.40879E+07
15	1	1	11	2	1	2.948580E+03	1.37125E+07
15	1	1	12	0	0	3.958821E+03	2.28194E+04
15	1	1	12	0	1	4.006397E+03	1.15669E+07
15	1	1	12	2	1	4.519779E+03	1.28051E+07
15	1	1	13	0	0	6.443673E+03	2.05422E+04
15	1	1	13	0	1	6.554713E+03	9.66285E+06
15	1	1	13	2	1	7.738025E+03	1.22527E+07
15	1	1	14	0	0	1.285863E+04	1.87056E+04
15	1	1	14	0	1	1.325148E+04	7.90799E+06
15	1	1	14	2	1	1.785067E+04	1.19476E+07
15	1	1	15	0	1	7.580117E+04	2.80604E+03
15	2	0	10	1	0	1.985331E+03	3.06585E+07
15	2	0	10	3	0	2.043563E+03	7.67034E+06
15	2	0	11	1	0	2.871356E+03	2.43109E+07
15	2	0	11	3	0	2.969844E+03	7.45994E+06
15	2	0	12	1	0	4.354450E+03	1.97954E+07
15	2	0	12	3	0	4.541104E+03	7.36991E+06
15	2	0	13	1	0	7.296555E+03	1.64669E+07
15	2	0	13	3	0	7.738091E+03	7.43936E+06
15	2	0	14	1	0	1.578091E+04	1.36569E+07
15	2	0	14	3	0	1.760214E+04	7.60826E+06
15	2	1	10	1	1	1.979297E+03	2.91306E+07
15	2	1	10	3	1	2.028488E+03	7.67034E+06
15	2	1	11	1	1	2.864992E+03	2.28614E+07
15	2	1	11	3	1	2.948050E+03	7.45994E+06
15	2	1	12	1	1	4.349654E+03	1.83972E+07
15	2	1	12	3	1	4.506898E+03	7.36991E+06
15	2	1	13	1	1	7.302612E+03	1.50605E+07
15	2	1	13	3	1	7.674460E+03	7.43936E+06
15	2	1	14	1	1	1.587597E+04	1.20994E+07
15	2	1	14	3	1	1.741176E+04	7.60826E+06
15	2	1	15	1	1	3.132103E+05	2.26467E+02
15	3	0	10	2	0	2.017371E+03	4.06870E+07
15	3	0	10	4	0	2.047232E+03	4.38182E+06
15	3	0	11	2	0	2.922369E+03	3.18755E+07
15	3	0	11	4	0	2.973085E+03	4.61656E+06
15	3	0	12	2	0	4.444157E+03	2.55818E+07
15	3	0	12	4	0	4.540716E+03	4.89516E+06
15	3	0	13	2	0	7.489400E+03	2.08969E+07
15	3	0	13	4	0	7.719200E+03	5.28156E+06
15	3	0	14	2	0	1.647404E+04	1.68767E+07
15	3	0	14	4	0	1.743355E+04	5.78417E+06
15	3	0	15	2	0	5.599116E+05	3.06304E-03
15	3	1	10	2	1	2.006503E+03	4.06870E+07
15	3	1	10	4	1	2.031596E+03	4.38182E+06
15	3	1	11	2	1	2.908255E+03	3.18755E+07
15	3	1	11	4	1	2.950800E+03	4.61656E+06
15	3	1	12	2	1	4.425713E+03	2.55818E+07
15	3	1	12	4	1	4.506615E+03	4.89516E+06
15	3	1	13	2	1	7.466336E+03	2.08969E+07
15	3	1	13	4	1	7.658734E+03	5.28156E+06
15	3	1	14	2	1	1.646826E+04	1.68767E+07
15	3	1	14	4	1	1.727167E+04	5.78417E+06
15	3	1	15	2	1	6.623290E+05	3.06304E-03
15	4	0	10	3	0	2.031782E+03	5.03671E+07
15	4	0	10	5	0	2.050158E+03	2.35460E+06
15	4	0	11	3	0	2.945029E+03	3.96595E+07
15	4	0	11	5	0	2.976310E+03	2.75046E+06
15	4	0	12	3	0	4.483340E+03	3.18210E+07
15	4	0	12	5	0	4.543032E+03	3.18402E+06
15	4	0	13	3	0	7.571853E+03	2.58600E+07
15	4	0	13	5	0	7.714296E+03	3.72160E+06
15	4	0	14	3	0	1.676488E+04	2.06504E+07
15	4	0	14	5	0	1.736240E+04	4.41494E+06
15	4	0	15	3	0	9.512694E+05	8.94503E-06
15	4	1	10	3	1	2.018675E+03	5.03671E+07
15	4	1	10	5	1	2.034064E+03	2.35460E+06
15	4	1	11	3	1	2.927368E+03	3.96595E+07
15	4	1	11	5	1	2.953517E+03	2.75046E+06
15	4	1	12	3	1	4.458742E+03	3.18210E+07
15	4	1	12	5	1	4.508576E+03	3.18402E+06
15	4	1	13	3	1	7.535865E+03	2.58600E+07
15	4	1	13	5	1	7.654679E+03	3.72160E+06
15	4	1	14	3	1	1.671433E+04	2.06504E+07
15	4	1	14	5	1	1.721255E+04	4.41494E+06
15	4	1	15	3	1	1.127884E+06	8.94503E-06
15	5	0	10	4	0	2.039941E+03	5.79208E+07
15	5	0	10	6	0	2.052441E+03	1.14182E+06
15	5	0	11	4	0	2.957734E+03	4.67081E+07
15	5	0	11	6	0	2.979042E+03	1.53201E+06
15	5	0	12	4	0	4.505005E+03	3.80158E+07
15	5	0	12	6	0	4.545725E+03	1.98346E+06
15	5	0	13	4	0	7.616560E+03	3.11019E+07
15	5	0	13	6	0	7.713882E+03	2.55678E+06
15	5	0	14	4	0	1.691864E+04	2.48105E+07
15	5	0	14	6	0	1.732784E+04	3.33325E+06
15	5	0	15	4	0	1.439822E+06	1.25656E-07
15	5	1	10	4	1	2.025542E+03	5.79208E+07
15	5	1	10	6	1	2.035984E+03	1.14182E+06
15	5	1	11	4	1	2.938044E+03	4.67081E+07
15	5	1	11	6	1	2.955814E+03	1.53201E+06
15	5	1	12	4	1	4.476930E+03	3.80158E+07
15	5	1	12	6	1	4.510842E+03	1.98346E+06
15	5	1	13	4	1	7.573394E+03	3.11019E+07
15	5	1	13	6	1	7.654362E+03	2.55678E+06
15	5	1	14	4	1	1.684364E+04	2.48105E+07
15	5	1	14	6	1	1.718388E+04	3.33325E+06
15	5	1	15	4	1	1.710314E+06	1.25656E-07
15	6	0	10	5	0	2.045176E+03	6.12649E+07
15	6	0	10	7	0	2.054246E+03	4.71782E+05
15	6	0	11	5	0	2.965821E+03	5.19365E+07
15	6	0	11	7	0	2.981300E+03	7.71064E+05
15	6	0	12	5	0	4.518640E+03	4.37097E+07
15	6	0	12	7	0	4.548248E+03	1.15784E+06
15	6	0	13	5	0	7.644229E+03	3.65419E+07
15	6	0	13	7	0	7.715064E+03	1.68778E+06
15	6	0	14	5	0	1.701145E+04	2.94818E+07
15	6	0	14	7	0	1.730971E+04	2.46436E+06
15	6	0	15	5	0	2.025676E+06	4.24383E-09
15	6	1	10	5	1	2.029936E+03	6.12649E+07
15	6	1	10	7	1	2.037501E+03	4.71782E+05
15	6	1	11	5	1	2.944823E+03	5.19365E+07
15	6	1	11	7	1	2.957707E+03	7.71064E+05
15	6	1	12	5	1	4.488347E+03	4.37097E+07
15	6	1	12	7	1	4.512959E+03	1.15784E+06
15	6	1	13	5	1	7.596549E+03	3.65419E+07
15	6	1	13	7	1	7.655370E+03	1.68778E+06
15	6	1	14	5	1	1.692139E+04	2.94818E+07
15	6	1	14	7	1	1.716888E+04	2.46436E+06
15	6	1	15	5	1	2.409728E+06	4.24383E-09
15	7	0	10	6	0	2.048812E+03	5.81726E+07
15	7	0	10	8	0	2.055701E+03	1.49315E+05
15	7	0	11	6	0	2.971405E+03	5.38863E+07
15	7	0	11	8	0	2.983169E+03	3.32435E+05
15	7	0	12	6	0	4.527966E+03	4.81576E+07
15	7	0	12	8	0	4.550486E+03	6.14697E+05
15	7	0	13	6	0	7.662880E+03	4.19555E+07
15	7	0	13	8	0	7.716799E+03	1.05190E+06
15	7	0	14	6	0	1.707259E+04	3.47689E+07
15	7	0	14	8	0	1.729982E+04	1.76590E+06
15	7	0	15	6	0	2.708868E+06	2.50996E-10
15	7	1	10	6	1	2.032984E+03	5.81726E+07
15	7	1	10	8	1	2.038721E+03	1.49315E+05
15	7	1	11	6	1	2.949493E+03	5.38863E+07
15	7	1	11	8	1	2.959273E+03	3.32435E+05
15	7	1	12	6	1	4.496139E+03	4.81576E+07
15	7	1	12	8	1	4.514833E+03	6.14697E+05
15	7	1	13	6	1	7.612122E+03	4.19555E+07
15	7	1	13	8	1	7.656831E+03	1.05190E+06
15	7	1	14	6	1	1.697245E+04	3.47689E+07
15	7	1	14	8	1	1.716073E+04	1.76590E+06
15	7	1	15	6	1	3.226164E+06	2.50996E-10
15	8	0	10	7	0	2.051483E+03	4.73339E+07
15	8	0	10	9	0	2.056895E+03	2.75653E+04
15	8	0	11	7	0	2.975483E+03	5.09939E+07
15	8	0	11	9	0	2.984733E+03	1.10808E+05
15	8	0	12	7	0	4.534724E+03	5.03262E+07
15	8	0	12	9	0	4.552440E+03	2.82475E+05
15	8	0	13	7	0	7.676230E+03	4.69437E+07
15	8	0	13	9	0	7.718669E+03	6.03104E+05
15	8	0	14	7	0	1.711544E+04	4.07744E+07
15	8	0	14	9	0	1.729441E+04	1.20997E+06
15	8	0	15	7	0	3.489412E+06	2.18338E-11
15	8	1	10	7	1	2.035218E+03	4.73339E+07
15	8	1	10	9	1	2.039722E+03	2.75653E+04
15	8	1	11	7	1	2.952900E+03	5.09939E+07
15	8	1	11	9	1	2.960581E+03	1.10808E+05
15	8	1	12	7	1	4.501777E+03	5.03262E+07
15	8	1	12	9	1	4.516467E+03	2.82475E+05
15	8	1	13	7	1	7.623251E+03	4.69437E+07
15	8	1	13	9	1	7.658401E+03	6.03104E+05
15	8	1	14	7	1	1.700817E+04	4.07744E+07
15	8	1	14	9	1	1.715628E+04	1.20997E+06
15	8	1	15	7	1	4.159635E+06	2.18338E-11
15	9	0	10	8	0	2.053525E+03	2.99911E+07
15	9	0	11	8	0	2.978588E+03	4.21837E+07
15	9	0	12	8	0	4.539836E+03	4.89560E+07
15	9	0	13	8	0	7.686220E+03	5.08699E+07
15	9	0	14	8	0	1.714689E+04	4.76074E+07
15	9	0	15	8	0	4.367318E+06	2.50551E-12
15	9	1	10	8	1	2.036926E+03	2.99911E+07
15	9	1	11	8	1	2.955492E+03	4.21837E+07
15	9	1	12	8	1	4.506037E+03	4.89560E+07
15	9	1	13	8	1	7.631568E+03	5.08699E+07
15	9	1	14	8	1	1.703434E+04	4.76074E+07
15	9	1	15	8	1	5.210149E+06	2.50551E-12
11	10	0	10	9	0	6.600292E+03	4.78607E+08
11	10	0	11	9	0	2.650663E+06	5.18019E-13
11	10	1	10	9	1	6.544102E+03	4.78607E+08
11	10	1	11	9	1	3.145210E+06	5.18019E-13
12	10	0	10	9	0	3.747870E+03	1.12744E+08
12	10	0	11	9	0	8.644013E+03	2.56541E+08
12	10	0	12	9	0	3.214890E+06	5.90281E-13
12	10	1	10	9	1	3.715918E+03	1.12744E+08
12	10	1	11	9	1	8.574776E+03	2.56541E+08
12	10	1	12	9	1	3.822417E+06	5.90281E-13
12	9	0	11	10	0	8.695751E+03	3.65197E+05
12	9	1	11	10	1	8.617602E+03	3.65197E+05
13	10	0	10	9	0	2.802115E+03	4.25441E+07
13	10	0	11	9	0	4.860453E+03	1.01987E+08
13	10	0	12	9	0	1.106609E+04	1.46512E+08
13	10	0	13	9	0	3.849531E+06	5.28592E-13
13	10	1	10	9	1	2.778507E+03	4.25441E+07
13	10	1	11	9	1	4.821274E+03	1.01987E+08
13	10	1	12	9	1	1.098243E+04	1.46512E+08
13	10	1	13	9	1	4.584376E+06	5.28592E-13
13	9	0	11	10	0	4.875549E+03	1.08654E+05
13	9	0	12	10	0	1.113643E+04	6.27994E+05
13	9	1	11	10	1	4.833767E+03	1.08654E+05
13	9	1	12	10	1	1.104060E+04	6.27994E+05
14	10	0	10	9	0	2.333358E+03	2.04609E+07
14	10	0	11	9	0	3.604440E+03	4.97196E+07
14	10	0	12	9	0	6.170566E+03	7.52031E+07
14	10	0	13	9	0	1.389791E+04	8.81457E+07
14	10	0	14	9	0	4.557729E+06	4.37774E-13
14	10	1	10	9	1	2.313962E+03	2.04609E+07
14	10	1	11	9	1	3.575671E+03	4.97196E+07
14	10	1	12	9	1	6.123388E+03	7.52031E+07
14	10	1	13	9	1	1.379846E+04	8.81457E+07
14	10	1	14	9	1	5.434892E+06	4.37774E-13
14	9	0	11	10	0	3.612208E+03	4.41543E+04
14	9	0	12	10	0	6.190830E+03	2.23895E+05
14	9	0	13	10	0	1.399108E+04	7.51162E+05
14	9	1	11	10	1	3.582100E+03	4.41543E+04
14	9	1	12	10	1	6.140142E+03	2.23895E+05
14	9	1	13	10	1	1.387545E+04	7.51162E+05
15	10	0	10	9	0	2.055136E+03	1.14252E+07
15	10	0	11	9	0	2.981030E+03	2.79162E+07
15	10	0	12	9	0	4.543832E+03	4.27887E+07
15	10	0	13	9	0	7.693955E+03	5.27652E+07
15	10	0	14	9	0	1.717083E+04	5.53876E+07
15	10	0	15	9	0	5.342585E+06	3.51679E-13
15	10	1	10	9	1	2.038272E+03	1.14252E+07
15	10	1	11	9	1	2.957528E+03	2.79162E+07
15	10	1	12	9	1	4.509365E+03	4.27887E+07
15	10	1	13	9	1	7.638002E+03	5.27652E+07
15	10	1	14	9	1	1.705424E+04	5.53876E+07
15	10	1	15	9	1	6.377714E+06	3.51679E-13
15	9	0	11	10	0	2.986054E+03	2.18570E+04
15	9	0	12	10	0	4.554141E+03	1.01925E+05
15	9	0	13	10	0	7.720504E+03	3.04302E+05
15	9	0	14	10	0	1.729155E+04	7.76372E+05
15	9	1	11	10	1	2.961686E+03	2.18570E+04
15	9	1	12	10	1	4.517889E+03	1.01925E+05
15	9	1	13	10	1	7.659937E+03	3.04302E+05
15	9	1	14	10	1	1.715394E+04	7.76372E+05
12	11	0	11	10	0	8.652871E+03	3.07267E+08
12	11	0	12	10	0	3.863502E+06	5.99834E-14
12	11	1	11	10	1	8.582162E+03	3.07267E+08
12	11	1	12	10	1	4.595901E+06	5.99834E-14
13	10	0	12	11	0	1.113632E+04	2.01814E+05
13	10	1	12	11	1	1.104053E+04	2.01814E+05
13	11	0	11	10	0	4.864260E+03	6.86936E+07
13	11	0	12	10	0	1.107771E+04	1.73336E+08
13	11	0	13	10	0	4.624825E+06	7.14842E-14
13	11	1	11	10	1	4.824448E+03	6.86936E+07
13	11	1	12	10	1	1.099210E+04	1.73336E+08
13	11	1	13	10	1	5.510510E+06	7.14842E-14
13	12	0	12	11	0	1.108705E+04	2.04524E+08
13	12	0	13	11	0	5.470729E+06	8.41072E-15
13	12	1	12	11	1	1.099987E+04	2.04524E+08
13	12	1	13	11	1	6.521290E+06	8.41072E-15
14	10	0	12	11	0	6.192341E+03	5.71050E+04
14	10	0	13	11	0	1.399046E+04	3.62290E+05
14	10	1	12	11	1	6.141409E+03	5.71050E+04
14	10	1	13	11	1	1.387496E+04	3.62290E+05
14	11	0	11	10	0	3.606969E+03	2.48569E+07
14	11	0	12	10	0	6.175458E+03	6.60787E+07
14	11	0	13	10	0	1.391282E+04	1.03189E+08
14	11	0	13	12	0	1.399048E+04	1.16837E+05
14	11	0	14	10	0	5.474164E+06	6.64871E-14
14	11	1	11	10	1	3.577780E+03	2.48569E+07
14	11	1	12	10	1	6.127459E+03	6.60787E+07
14	11	1	13	10	1	1.381085E+04	1.03189E+08
14	11	1	13	12	1	1.387501E+04	1.16837E+05
14	11	1	14	10	1	6.531167E+06	6.64871E-14
14	12	0	12	11	0	6.179441E+03	4.34733E+07
14	12	0	13	11	0	1.392478E+04	1.20488E+08
14	12	0	14	11	0	6.473925E+06	1.04137E-14
14	12	1	12	11	1	6.130771E+03	4.34733E+07
14	12	1	13	11	1	1.382079E+04	1.20488E+08
14	12	1	14	11	1	7.727468E+06	1.04137E-14
14	13	0	13	12	0	1.393457E+04	1.40376E+08
14	13	0	14	12	0	7.557008E+06	1.38391E-15
14	13	1	13	12	1	1.382892E+04	1.40376E+08
14	13	1	14	12	1	9.023821E+06	1.38391E-15
15	10	0	12	11	0	4.555628E+03	2.22744E+04
15	10	0	13	11	0	7.722236E+03	1.23507E+05
15	10	0	14	11	0	1.729020E+04	4.49658E+05
15	10	1	12	11	1	4.519130E+03	2.22744E+04
15	10	1	13	11	1	7.661386E+03	1.23507E+05
15	10	1	14	11	1	1.715286E+04	4.49658E+05
15	11	0	11	10	0	2.982999E+03	1.15539E+07
15	11	0	12	10	0	4.547038E+03	3.11342E+07
15	11	0	13	10	0	7.700110E+03	5.11953E+07
15	11	0	13	12	0	7.723841E+03	3.14983E+04
15	11	0	14	10	0	1.718958E+04	6.42488E+07
15	11	0	14	12	0	1.728978E+04	2.17608E+05
15	11	0	15	10	0	6.415216E+06	5.68809E-14
15	11	1	11	10	1	2.959168E+03	1.15539E+07
15	11	1	12	10	1	4.512032E+03	3.11342E+07
15	11	1	13	10	1	7.643117E+03	5.11953E+07
15	11	1	13	12	1	7.662726E+03	3.14983E+04
15	11	1	14	10	1	1.706981E+04	6.42488E+07
15	11	1	14	12	1	1.715253E+04	2.17608E+05
15	11	1	15	10	1	7.662324E+06	5.68809E-14
15	12	0	12	11	0	4.549665E+03	1.50954E+07
15	12	0	13	11	0	7.705117E+03	4.40763E+07
15	12	0	14	11	0	1.720462E+04	7.43412E+07
15	12	0	14	13	0	1.728993E+04	7.03822E+04
15	12	0	15	11	0	7.585222E+06	1.00079E-14
15	12	1	12	11	1	4.514217E+03	1.50954E+07
15	12	1	13	11	1	7.647275E+03	4.40763E+07
15	12	1	14	11	1	1.708229E+04	7.43412E+07
15	12	1	14	13	1	1.715268E+04	7.03822E+04
15	12	1	15	11	1	9.063997E+06	1.00079E-14
15	13	0	13	12	0	7.709265E+03	2.84222E+07
15	13	0	14	12	0	1.721691E+04	8.58351E+07
15	13	0	15	12	0	8.852589E+06	1.77089E-15
15	13	1	13	12	1	7.650718E+03	2.84222E+07
15	13	1	14	12	1	1.709248E+04	8.58351E+07
15	13	1	15	12	1	1.058270E+07	1.77089E-15
15	14	0	14	13	0	1.722713E+04	9.89227E+07
15	14	0	15	13	0	1.021733E+07	2.60818E-16
15	14	1	14	13	1	1.710095E+04	9.89227E+07
15	14	1	15	13	1	1.221847E+07	2.60818E-16
100	0	0	0	0	0	1.0	1.0
