  3   1   1   2   1   3   0   0   2   1   343.453570091   7466666666.67 
  3   2   2   2   1   3   0   0   2   1   147.657254263        676000.0 
  3   2   2   2   1   3   1   1   2   1    259.01105908   17080000000.0 
  4   0   0   2   1   3   1   1   2   1   63.4284361967        3.23e+11 
  4   1   1   2   1   3   0   0   2   1   50.4289934312         1.9e+11 
  4   1   1   2   1   3   1   1   2   1   59.1077309196   69666666.6667 
  4   1   1   2   1   3   2   2   2   1    76.584797893   75333333333.3 
  4   1   1   2   1   4   0   0   2   1   867.708093696   1706666666.67 
  4   2   2   2   1   3   0   0   2   1   47.0484844605     146400000.0 
  4   2   2   2   1   3   1   1   2   1   54.5165071002      4.1388e+11 
  4   2   2   2   1   3   2   2   2   1    69.050143902      22420000.0 
  4   2   2   2   1   4   1   1   2   1   701.849258307    3646000000.0 
  4   3   3   2   1   3   1   1   2   1   52.7967856784   265142857.143 
  4   3   3   2   1   3   2   2   2   1   66.3142814947 1.00252857143e+12 
  4   3   3   2   1   4   1   1   2   1   494.489823952   20395.7142857 
  5   0   0   2   1   3   1   1   2   1   42.1751026608       1.392e+11 
  5   0   0   2   1   4   1   1   2   1   147.223135208   98900000000.0 
  5   0   0   2   1   4   2   2   2   1   186.302887564       6200000.0 
  5   1   1   2   1   3   0   0   2   1   36.7670250838 1.13333333333e+11 
  5   1   1   2   1   3   2   2   2   1    48.957586358   28600000000.0 
  5   1   1   2   1   4   0   0   2   1   117.358726561   39200000000.0 
  5   1   1   2   1   4   1   1   2   1   135.714270396   11066666.6667 
  5   1   1   2   1   4   2   2   2   1   168.247789048   34400000000.0 
  5   1   1   2   1   4   3   3   2   1   187.050998906   1056666.66667 
  5   1   1   2   1   5   0   0   2   1   1869.35086885     446800000.0 
  5   2   2   2   1   3   0   0   2   1   35.8630158766      76800000.0 
  5   2   2   2   1   3   1   1   2   1   40.0444053574       2.504e+11 
  5   2   2   2   1   4   1   1   2   1   124.161648972   70400000000.0 
  5   2   2   2   1   4   2   2   2   1   150.847551225       4962000.0 
  5   2   2   2   1   4   3   3   2   1   165.789902281    6546000000.0 
  5   2   2   2   1   5   0   0   2   1   792.640467617         17600.0 
  5   2   2   2   1   5   1   1   2   1   1499.00555783    1043000000.0 
  5   3   3   2   1   3   1   1   2   1   39.5630322497   41142857.1429 
  5   3   3   2   1   3   2   2   2   1   46.6956255265 3.70428571429e+11 
  5   3   3   2   1   4   1   1   2   1   119.647844363   30114285.7143 
  5   3   3   2   1   4   2   2   2   1   144.236597186 1.64714285714e+11 
  5   3   3   2   1   4   3   3   2   1   157.838888696   2573714.28571 
  5   3   3   2   1   5   1   1   2   1   1010.67405213          5500.0 
  5   4   4   2   1   4   3   3   2   1   157.291241791       2.805e+11 
  6   0   0   2   1   3   1   1   2   1   35.9081053406   74000000000.0 
  6   0   0   2   1   4   1   1   2   1   91.4862449426   50400000000.0 
  6   0   0   2   1   4   2   2   2   1   105.198958247       3600000.0 
  6   0   0   2   1   5   1   1   2   1   280.726730538   38000000000.0 
  6   0   0   2   1   5   2   2   2   1   347.634049761       1860000.0 
  6   1   1   2   1   3   0   0   2   1   32.1744788626   67666666666.7 
  6   1   1   2   1   3   2   2   2   1   41.1385610514   15333333333.3 
  6   1   1   2   1   4   0   0   2   1     80.62478788   25666666666.7 
  6   1   1   2   1   4   1   1   2   1   88.8835787509       7000000.0 
  6   1   1   2   1   4   2   2   2   1   101.772213197   16400000000.0 
  6   1   1   2   1   4   3   3   2   1   108.361312797   596666.666667 
  6   1   1   2   1   5   0   0   2   1   224.302684608   11533333333.3 
  6   1   1   2   1   5   1   1   2   1    257.58257281       2540000.0 
  6   1   1   2   1   5   2   2   2   1   312.826966868   16366666666.7 
  6   1   1   2   1   5   3   3   2   1   345.684461674   516666.666667 
  6   1   1   2   1   6   0   0   2   1    3309.8156872     174300000.0 
  6   2   2   2   1   3   1   1   2   1   35.0229320811       1.456e+11 
  6   2   2   2   1   4   1   1   2   1   85.9515605399   47960000000.0 
  6   2   2   2   1   4   2   2   2   1    97.946524616       2986000.0 
  6   2   2   2   1   4   3   3   2   1   104.034740063    2818000000.0 
  6   2   2   2   1   5   0   0   2   1   206.524122926       2746000.0 
  6   2   2   2   1   5   1   1   2   1   234.409527974   18320000000.0 
  6   2   2   2   1   5   2   2   2   1   279.295021975       1352200.0 
  6   2   2   2   1   5   3   3   2   1   305.194453854    4678000000.0 
  6   2   2   2   1   6   1   1   2   1   2676.19320182     403800000.0 
  6   3   3   2   1   3   2   2   2   1   40.2265309012 1.80857142857e+11 
  6   3   3   2   1   4   1   1   2   1   84.7328817873   12728571.4286 
  6   3   3   2   1   4   2   2   2   1   96.3670913613   93000000000.0 
  6   3   3   2   1   4   3   3   2   1   102.254638022       1100000.0 
  6   3   3   2   1   5   1   1   2   1   225.561946117   5377142.85714 
  6   3   3   2   1   5   2   2   2   1   266.824835673   42485714285.7 
  6   3   3   2   1   5   3   3   2   1   290.365674332   897714.285714 
  6   3   3   2   1   5   4   4   2   1    292.74587024     812700000.0 
  6   3   3   2   1   6   1   1   2   1   1814.48123945   1555.71428571 
  6   4   4   2   1   4   3   3   2   1   102.132665686   91630000000.0 
  6   4   4   2   1   5   3   3   2   1   288.995463982   72520000000.0 
  6   5   5   2   1   5   4   4   2   1   291.184719877       1.079e+11 
  7   0   0   2   1   3   1   1   2   1   32.9849486476   46000000000.0 
  7   0   0   2   1   4   1   1   2   1   74.6346789847   28900000000.0 
  7   0   0   2   1   5   1   1   2   1   165.832658186   21600000000.0 
  7   0   0   2   1   5   2   2   2   1   187.105425905       1280000.0 
  7   0   0   2   1   6   1   1   2   1   477.148155451   17220000000.0 
  7   0   0   2   1   6   2   2   2   1   566.849365514        820000.0 
  7   1   1   2   1   3   0   0   2   1   30.2678435853   42210000000.0 
  7   1   1   2   1   3   2   2   2   1   37.6716868684    8334000000.0 
  7   1   1   2   1   4   0   0   2   1    68.650813509   16710000000.0 
  7   1   1   2   1   4   2   2   2   1   82.6412354268    8908000000.0 
  7   1   1   2   1   5   0   0   2   1   149.696551874    8227000000.0 
  7   1   1   2   1   5   2   2   2   1   182.544156571    8243000000.0 
  7   1   1   2   1   6   0   0   2   1    386.86280222    4201000000.0 
  7   1   1   2   1   6   2   2   2   1   523.807307055    7978000000.0 
  7   2   2   2   1   3   1   1   2   1   32.5783494803   91400000000.0 
  7   2   2   2   1   4   1   1   2   1   72.5848930662   32560000000.0 
  7   2   2   2   1   4   2   2   2   1   80.9574738009       1420000.0 
  7   2   2   2   1   4   3   3   2   1   85.0724615106    1439600000.0 
  7   2   2   2   1   5   0   0   2   1   143.172926094       2290000.0 
  7   2   2   2   1   5   1   1   2   1   156.041548657   14160000000.0 
  7   2   2   2   1   5   2   2   2   1   174.734914115        912600.0 
  7   2   2   2   1   5   3   3   2   1   184.532116015    2900000000.0 
  7   2   2   2   1   6   0   0   2   1   351.325098311        690000.0 
  7   2   2   2   1   6   1   1   2   1   397.884792547    6333000000.0 
  7   2   2   2   1   6   2   2   2   1   466.741979103        426000.0 
  7   2   2   2   1   6   3   3   2   1   507.499408365    2850000000.0 
  7   2   2   2   1   7   1   1   2   1   4337.90101016     182000000.0 
  7   3   3   2   1   3   2   2   2   1   37.1210698797 1.07128571429e+11 
  7   3   3   2   1   4   1   1   2   1   72.0385472286   5385714.28571 
  7   3   3   2   1   4   2   2   2   1   80.2784075478   54728571428.6 
  7   3   3   2   1   4   3   3   2   1   84.3229278726   365714.285714 
  7   3   3   2   1   5   1   1   2   1   153.538246465       3290000.0 
  7   3   3   2   1   5   2   2   2   1   171.601929169   28957142857.1 
  7   3   3   2   1   5   3   3   2   1   181.041464709   550285.714286 
  7   3   3   2   1   5   4   4   2   1   182.078526404     335100000.0 
  7   3   3   2   1   6   1   1   2   1   380.114687065   1321428.57143 
  7   3   3   2   1   6   2   2   2   1   445.358246622   14650000000.0 
  7   3   3   2   1   6   3   3   2   1   480.847080108   320614.285714 
  7   3   3   2   1   6   4   4   2   1   485.771230285     791000000.0 
  7   4   4   2   1   4   3   3   2   1   84.3053319873   43380000000.0 
  7   4   4   2   1   5   3   3   2   1   180.808247571   36400000000.0 
  7   4   4   2   1   6   3   3   2   1   478.908661825   24540000000.0 
  7   4   4   2   1   6   5   5   2   1    483.14622965     220900000.0 
  7   5   5   2   1   5   4   4   2   1   181.667171529   33380000000.0 
  7   5   5   2   1   6   4   4   2   1   482.854277915   34900000000.0 
  7   6   6   2   1   6   5   5   2   1   483.013155061   48570000000.0 
  8   0   0   2   1   3   1   1   2   1   31.5966886103   28610000000.0 
  8   0   0   2   1   4   1   1   2   1   67.4752149499   18590000000.0 
  8   0   0   2   1   5   1   1   2   1   133.643972836   13190000000.0 
  8   0   0   2   1   6   1   1   2   1    276.23579154   10180000000.0 
  8   0   0   2   1   7   1   1   2   1   747.757694712    8631000000.0 
  8   1   1   2   1   3   0   0   2   1   28.9860723464   28310000000.0 
  8   1   1   2   1   3   2   2   2   1   35.7065078668    5251000000.0 
  8   1   1   2   1   4   0   0   2   1   62.3930182148   11350000000.0 
  8   1   1   2   1   4   2   2   2   1   73.7383664335    5520000000.0 
  8   1   1   2   1   5   0   0   2   1   122.832843103    5747000000.0 
  8   1   1   2   1   5   2   2   2   1   144.111092115    4931000000.0 
  8   1   1   2   1   6   0   0   2   1   247.166224572    3267000000.0 
  8   1   1   2   1   6   2   2   2   1   296.730312952    4431000000.0 
  8   1   1   2   1   7   0   0   2   1   606.816921062    1841000000.0 
  8   1   1   2   1   7   2   2   2   1   812.718535459    4287000000.0 
  8   2   2   2   1   3   1   1   2   1   31.1747287065   61400000000.0 
  8   2   2   2   1   4   1   1   2   1   65.9673980556   22420000000.0 
  8   2   2   2   1   4   3   3   2   1   76.1225202691     876600000.0 
  8   2   2   2   1   5   0   0   2   1    119.52297159       1700000.0 
  8   2   2   2   1   5   1   1   2   1   128.360125646   41800000000.0 
  8   2   2   2   1   5   2   2   2   1   140.746221353        616000.0 
  8   2   2   2   1   5   3   3   2   1   147.034116118    1276600000.0 
  8   2   2   2   1   6   0   0   2   1   236.496169418        642000.0 
  8   2   2   2   1   6   1   1   2   1   256.673034033    5314000000.0 
  8   2   2   2   1   6   2   2   2   1   283.724715113        317400.0 
  8   2   2   2   1   6   3   3   2   1   298.225922722    1512000000.0 
  8   2   2   2   1   7   0   0   2   1   568.050766737        170000.0 
  8   2   2   2   1   7   1   1   2   1   619.869358354    2612000000.0 
  8   2   2   2   1   7   2   2   2   1   723.572367794        159780.0 
  8   2   2   2   1   7   3   3   2   1   783.110636684    1740000000.0 
  8   3   3   2   1   3   2   2   2   1   35.3545910914   68214285714.3 
  8   3   3   2   1   4   1   1   2   1   65.6708860655   2942857.14286 
  8   3   3   2   1   4   2   2   2   1   72.4499050715   35171428571.4 
  8   3   3   2   1   5   1   1   2   1   127.242229567   1967142.85714 
  8   3   3   2   1   5   2   2   2   1   139.403302302   18657142857.1 
  8   3   3   2   1   5   3   3   2   1   145.569150301   349857.142857 
  8   3   3   2   1   5   4   4   2   1   146.207822369     173100000.0 
  8   3   3   2   1   6   1   1   2   1   251.459985809   988571.428571 
  8   3   3   2   1   6   2   2   2   1    278.33236559   10720000000.0 
  8   3   3   2   1   6   3   3   2   1   291.915049561   223957.142857 
  8   3   3   2   1   6   4   4   2   1   293.597316764     374600000.0 
  8   3   3   2   1   7   2   2   2   1   688.135751102    5990000000.0 
  8   3   3   2   1   7   3   3   2   1   742.947073691   126428.571429 
  8   3   3   2   1   7   4   4   2   1   748.745974576     601500000.0 
  8   4   4   2   1   4   3   3   2   1   75.7260396918   24560000000.0 
  8   4   4   2   1   5   3   3   2   1   145.463594134   20940000000.0 
  8   4   4   2   1   6   3   3   2   1    291.38106318   14930000000.0 
  8   4   4   2   1   6   5   5   2   1   292.944325244      86090000.0 
  8   4   4   2   1   7   3   3   2   1   737.610960046    9962000000.0 
  8   4   4   2   1   7   5   5   2   1    744.43966471     254000000.0 
  8   5   5   2   1   5   4   4   2   1   146.021760517   15350000000.0 
  8   5   5   2   1   6   4   4   2   1   292.848003364   16920000000.0 
  8   5   5   2   1   7   4   4   2   1   743.891821875   13710000000.0 
  8   5   5   2   1   7   6   6   2   1   744.207512304      78030000.0 
  8   6   6   2   1   6   5   5   2   1    292.90646253   14270000000.0 
  8   6   6   2   1   7   5   5   2   1   744.195201185   18400000000.0 
  8   7   7   2   1   7   6   6   2   1   744.201367815   24420000000.0 
  9   0   0   2   1   3   1   1   2   1    30.601801574   19550000000.0 
  9   0   0   2   1   4   1   1   2   1   63.0947264411   12590000000.0 
  9   0   0   2   1   5   1   1   2   1   117.488164139    8809000000.0 
  9   0   0   2   1   6   1   1   2   1   215.098900907    6627000000.0 
  9   0   0   2   1   7   1   1   2   1   422.607804863    5350000000.0 
  9   0   0   2   1   8   1   1   2   1   1104.61156433    4699000000.0 
  9   1   1   2   1   3   0   0   2   1   28.1764958486   19860000000.0 
  9   1   1   2   1   3   2   2   2   1   34.4859154276    3513000000.0 
  9   1   1   2   1   4   0   0   2   1    58.758961939    8012000000.0 
  9   1   1   2   1   4   2   2   2   1   68.7157356801    3668000000.0 
  9   1   1   2   1   5   0   0   2   1   109.500345001    4102000000.0 
  9   1   1   2   1   5   2   2   2   1   126.098040767    3215000000.0 
  9   1   1   2   1   6   0   0   2   1   198.526676162    2394000000.0 
  9   1   1   2   1   6   2   2   2   1   229.288921155    2792000000.0 
  9   1   1   2   1   7   0   0   2   1   378.904175609    1498000000.0 
  9   1   1   2   1   7   2   2   2   1   450.108916823    2515000000.0 
  9   1   1   2   1   8   0   0   2   1   896.958226704     905900000.0 
  9   1   1   2   1   8   2   2   2   1    1191.9411808    2454000000.0 
  9   2   2   2   1   3   1   1   2   1   30.4232198324   43250000000.0 
  9   2   2   2   1   4   1   1   2   1   62.3402486241   15970000000.0 
  9   2   2   2   1   4   3   3   2   1   71.0653226597     544500000.0 
  9   2   2   2   1   5   1   1   2   1    114.89879204    7513000000.0 
  9   2   2   2   1   5   3   3   2   1   129.188352901     802700000.0 
  9   2   2   2   1   6   1   1   2   1   206.575707873    4031000000.0 
  9   2   2   2   1   6   3   3   2   1   232.666596566     915700000.0 
  9   2   2   2   1   7   1   1   2   1   390.918776184    2299000000.0 
  9   2   2   2   1   7   3   3   2   1   450.087182428     989000000.0 
  9   2   2   2   1   8   1   1   2   1   911.484273227    1225000000.0 
  9   2   2   2   1   8   3   3   2   1   1143.70900295    1086000000.0 
  9   3   3   2   1   3   2   2   2   1   34.3023430434   45880000000.0 
  9   3   3   2   1   4   2   2   2   1   67.9907195947   24060000000.0 
  9   3   3   2   1   5   2   2   2   1   123.677891157   13070000000.0 
  9   3   3   2   1   5   4   4   2   1   128.812124788     102500000.0 
  9   3   3   2   1   6   2   2   2   1   221.410782123    7632000000.0 
  9   3   3   2   1   6   4   4   2   1   230.963380528     209900000.0 
  9   3   3   2   1   7   2   2   2   1   420.721960845    4679000000.0 
  9   3   3   2   1   7   4   4   2   1   442.628396348     314000000.0 
  9   3   3   2   1   8   2   2   2   1    1005.8846896    2790000000.0 
  9   3   3   2   1   8   4   4   2   1   1092.44214276     429300000.0 
  9   4   4   2   1   4   3   3   2   1   70.7871867951   15460000000.0 
  9   4   4   2   1   5   3   3   2   1   128.272131817   13280000000.0 
  9   4   4   2   1   6   3   3   2   1   229.711569158    9608000000.0 
  9   4   4   2   1   7   3   3   2   1   439.158629148    6763000000.0 
  9   4   4   2   1   7   5   5   2   1   441.570214603     114800000.0 
  9   4   4   2   1   8   3   3   2   1   1075.68749322    4611000000.0 
  9   4   4   2   1   8   5   5   2   1   1085.86712227     219200000.0 
  9   5   5   2   1   5   4   4   2   1   128.707621378    8550000000.0 
  9   5   5   2   1   6   4   4   2   1   230.627624429    9554000000.0 
  9   5   5   2   1   7   4   4   2   1   441.396886202    8149000000.0 
  9   5   5   2   1   8   4   4   2   1   1084.97101713    6188000000.0 
  9   5   5   2   1   8   6   6   2   1   1085.49070424     101300000.0 
  9   6   6   2   1   6   5   5   2   1   230.663973869    6343000000.0 
  9   6   6   2   1   7   5   5   2   1   441.504026336    8620000000.0 
  9   6   6   2   1   8   5   5   2   1   1085.46695656    8072000000.0 
  9   6   6   2   1   8   7   7   2   1   1085.48002849      31700000.0 
  9   7   7   2   1   7   6   6   2   1   441.506145452    6788000000.0 
  9   7   7   2   1   8   6   6   2   1   1085.47940527   10420000000.0 
  9   8   8   2   1   8   7   7   2   1   1085.47985549   13350000000.0 
 10   0   0   2   1   3   1   1   2   1    29.935684162   13920000000.0 
 10   0   0   2   1   4   1   1   2   1   60.3270229663    8933000000.0 
 10   0   0   2   1   5   1   1   2   1    108.24115791    6192000000.0 
 10   0   0   2   1   6   1   1   2   1   186.006421707    4589000000.0 
 10   0   0   2   1   7   1   1   2   1   323.269481928    3613000000.0 
 10   0   0   2   1   8   1   1   2   1   612.583745807    3023000000.0 
 10   0   0   2   1   9   1   1   2   1   1559.61555219    2731000000.0 
 10   1   1   2   1   3   0   0   2   1   27.6289609219   14440000000.0 
 10   1   1   2   1   3   2   2   2   1   33.6692659273    2455000000.0 
 10   1   1   2   1   4   0   0   2   1   56.4270004529    5847000000.0 
 10   1   1   2   1   4   2   2   2   1   65.5478121133    2562000000.0 
 10   1   1   2   1   5   0   0   2   1   101.670205777    3011000000.0 
 10   1   1   2   1   5   2   2   2   1   115.825609868    2222000000.0 
 10   1   1   2   1   6   0   0   2   1   174.202725637    1775000000.0 
 10   1   1   2   1   6   2   2   2   1   197.447338299    1893000000.0 
 10   1   1   2   1   7   0   0   2   1    299.17533172    1138000000.0 
 10   1   1   2   1   7   2   2   2   1   341.878430074    1649000000.0 
 10   1   1   2   1   8   0   0   2   1    549.99117658     762500000.0 
 10   1   1   2   1   8   2   2   2   1   648.382522211    1502000000.0 
 10   1   1   2   1   9   0   0   2   1   1266.97354495     486500000.0 
 10   1   1   2   1   9   2   2   2   1   1673.73417838    1482000000.0 
 10   2   2   2   1   3   1   1   2   1   29.8118750752   31430000000.0 
 10   2   2   2   1   4   1   1   2   1   59.8263222192   11710000000.0 
 10   2   2   2   1   4   3   3   2   1   67.8167939403     372300000.0 
 10   2   2   2   1   5   1   1   2   1   106.639809512    5574000000.0 
 10   2   2   2   1   5   3   3   2   1   118.839857578     541700000.0 
 10   2   2   2   1   6   1   1   2   1   181.327291273    3049000000.0 
 10   2   2   2   1   6   3   3   2   1   201.124488614     603200000.0 
 10   2   2   2   1   7   1   1   2   1   309.393921784    1813000000.0 
 10   2   2   2   1   7   3   3   2   1   345.322806368     627500000.0 
 10   2   2   2   1   8   1   1   2   1   564.601401731    1117000000.0 
 10   2   2   2   1   8   3   3   2   1   645.828920601     650900000.0 
 10   2   2   2   1   9   1   1   2   1    1282.1913008     632300000.0 
 10   2   2   2   1   9   3   3   2   1   1600.68468881     698600000.0 
 10   3   3   2   1   3   2   2   2   1   33.5422916638   32540000000.0 
 10   3   3   2   1   4   2   2   2   1    65.068280927   17170000000.0 
 10   3   3   2   1   5   2   2   2   1   114.336662216    9397000000.0 
 10   3   3   2   1   6   2   2   2   1    193.15932343    5557000000.0 
 10   3   3   2   1   6   4   4   2   1    200.38986893     131200000.0 
 10   3   3   2   1   7   2   2   2   1    329.22372161    3496000000.0 
 10   3   3   2   1   7   4   4   2   1   342.487685909     187000000.0 
 10   3   3   2   1   8   2   2   2   1   604.327731095    2279000000.0 
 10   3   3   2   1   8   4   4   2   1   634.533135562     241000000.0 
 10   3   3   2   1   9   2   2   2   1   1408.65251701    1433000000.0 
 10   3   3   2   1   9   4   4   2   1   1527.63056004     302500000.0 
 10   4   4   2   1   4   3   3   2   1   67.6320353123   10450000000.0 
 10   4   4   2   1   5   3   3   2   1   118.273663674    9009000000.0 
 10   4   4   2   1   6   3   3   2   1   199.508119494    6559000000.0 
 10   4   4   2   1   7   3   3   2   1    340.58512386    4680000000.0 
 10   4   4   2   1   7   5   5   2   1   342.033816271      62330000.0 
 10   4   4   2   1   8   3   3   2   1   629.453364207    3358000000.0 
 10   4   4   2   1   8   5   5   2   1   632.925408356     109800000.0 
 10   4   4   2   1   9   3   3   2   1   1503.72541637    2355000000.0 
 10   4   4   2   1   9   5   5   2   1   1518.11481405     172800000.0 
 10   5   5   2   1   5   4   4   2   1   118.644865544    5337000000.0 
 10   5   5   2   1   6   4   4   2   1   200.201759206    5998000000.0 
 10   5   5   2   1   7   4   4   2   1   341.938574267    5182000000.0 
 10   5   5   2   1   8   4   4   2   1   632.650847906    4132000000.0 
 10   5   5   2   1   8   6   6   2   1   632.827511534      43640000.0 
 10   5   5   2   1   9   4   4   2   1   1516.76618947    3097000000.0 
 10   5   5   2   1   9   6   6   2   1    1517.5476509      96120000.0 
 10   6   6   2   1   6   5   5   2   1    200.22919781    3456000000.0 
 10   6   6   2   1   7   5   5   2   1    342.00300762    4761000000.0 
 10   6   6   2   1   8   5   5   2   1   632.819919546    4690000000.0 
 10   6   6   2   1   9   5   5   2   1   1517.50806466    3949000000.0 
 10   6   6   2   1   9   7   7   2   1   1517.53014774      45210000.0 
 10   7   7   2   1   7   6   6   2   1   342.004317094    2904000000.0 
 10   7   7   2   1   8   6   6   2   1   632.824280334    4696000000.0 
 10   7   7   2   1   9   6   6   2   1   1517.52906966    4985000000.0 
 10   7   7   2   1   9   8   8   2   1   1517.52940779      14280000.0 
 10   8   8   2   1   8   7   7   2   1   632.824332938    3508000000.0 
 10   8   8   2   1   9   7   7   2   1   1517.52997817    6248000000.0 
 10   9   9   2   1   9   8   8   2   1   1517.52940451    7788000000.0 
 11   0   0   2   1   3   1   1   2   1   29.4657061505   10240000000.0 
 11   0   0   2   1   4   1   1   2   1   58.4483313013    6561000000.0 
 11   0   0   2   1   5   1   1   2   1   102.339073605    4523000000.0 
 11   0   0   2   1   6   1   1   2   1    169.23430632    3321000000.0 
 11   0   0   2   1   7   1   1   2   1   275.770527024    2576000000.0 
 11   0   0   2   1   8   1   1   2   1   461.842823923    2102000000.0 
 11   0   0   2   1   9   1   1   2   1   851.794133955    1810000000.0 
 11   0   0   2   1  10   1   1   2   1   2124.67272308    1673000000.0 
 11   1   1   2   1   3   0   0   2   1   27.2398308111   10810000000.0 
 11   1   1   2   1   3   2   2   2   1   33.0931659674    1770000000.0 
 11   1   1   2   1   4   0   0   2   1   54.8274036593    4389000000.0 
 11   1   1   2   1   4   2   2   2   1   63.3991529231    1857000000.0 
 11   1   1   2   1   5   0   0   2   1   96.5925504688    2268000000.0 
 11   1   1   2   1   5   2   2   2   1   109.281122657    1602000000.0 
 11   1   1   2   1   6   0   0   2   1   159.808731243    1343000000.0 
 11   1   1   2   1   6   2   2   2   1   179.157412451    1349000000.0 
 11   1   1   2   1   7   0   0   2   1   259.096647547     869000000.0 
 11   1   1   2   1   7   2   2   2   1   290.523830987    1153000000.0 
 11   1   1   2   1   8   0   0   2   1    428.21911653     595900000.0 
 11   1   1   2   1   8   2   2   2   1   485.592116162    1017000000.0 
 11   1   1   2   1   9   0   0   2   1   765.506561711     420500000.0 
 11   1   1   2   1   9   2   2   2   1   897.256497865     937400000.0 
 11   1   1   2   1  10   0   0   2   1   1726.54831695     279800000.0 
 11   1   1   2   1  10   2   2   2   1   2270.35830247     935500000.0 
 11   2   2   2   1   3   1   1   2   1   29.3760544336   23510000000.0 
 11   2   2   2   1   4   1   1   2   1   58.0966321125    8812000000.0 
 11   2   2   2   1   4   3   3   2   1   65.6027593575     265100000.0 
 11   2   2   2   1   5   1   1   2   1   101.265696987    4228000000.0 
 11   2   2   2   1   5   3   3   2   1    112.20402244     383500000.0 
 11   2   2   2   1   6   1   1   2   1   166.319037143    2338000000.0 
 11   2   2   2   1   6   3   3   2   1   182.825512464     421000000.0 
 11   2   2   2   1   7   1   1   2   1   268.112563261    1416000000.0 
 11   2   2   2   1   7   3   3   2   1   294.681671955     428000000.0 
 11   2   2   2   1   8   1   1   2   1   440.759264014     907200000.0 
 11   2   2   2   1   8   3   3   2   1    488.74688233     428700000.0 
 11   2   2   2   1   9   1   1   2   1   782.738424441     592200000.0 
 11   2   2   2   1   9   3   3   2   1   890.960797592     436500000.0 
 11   2   2   2   1  10   1   1   2   1   1741.44993301     351900000.0 
 11   2   2   2   1  10   3   3   2   1   2165.42881826     462900000.0 
 11   3   3   2   1   3   2   2   2   1   33.0013562922   23920000000.0 
 11   3   3   2   1   4   2   2   2   1   63.0630465498   12680000000.0 
 11   3   3   2   1   5   2   2   2   1   108.286319657    6976000000.0 
 11   3   3   2   1   6   2   2   2   1   176.499162737    4154000000.0 
 11   3   3   2   1   6   4   4   2   1   182.516787342      88340000.0 
 11   3   3   2   1   7   2   2   2   1   283.597511457    2643000000.0 
 11   3   3   2   1   7   4   4   2   1   293.385147298     121900000.0 
 11   3   3   2   1   8   2   2   2   1    466.54692638    1765000000.0 
 11   3   3   2   1   8   4   4   2   1   484.346488316     150500000.0 
 11   3   3   2   1   9   2   2   2   1   834.324710918    1209000000.0 
 11   3   3   2   1   9   4   4   2   1   874.673030335     179700000.0 
 11   3   3   2   1  10   2   2   2   1   1906.48785149     794000000.0 
 11   3   3   2   1  10   4   4   2   1   2065.08168387     214300000.0 
 11   4   4   2   1   4   3   3   2   1   65.4728384801    7434000000.0 
 11   4   4   2   1   5   3   3   2   1   111.824496864    6423000000.0 
 11   4   4   2   1   6   3   3   2   1   181.820030709    4692000000.0 
 11   4   4   2   1   7   3   3   2   1   292.078229512    3365000000.0 
 11   4   4   2   1   7   5   5   2   1   293.143010271      38180000.0 
 11   4   4   2   1   8   3   3   2   1   481.626714407    2444000000.0 
 11   4   4   2   1   8   5   5   2   1   483.656812516      63610000.0 
 11   4   4   2   1   9   3   3   2   1   867.579765497    1800000000.0 
 11   4   4   2   1   9   5   5   2   1   872.350330317      93490000.0 
 11   4   4   2   1  10   3   3   2   1   2032.31285344    1299000000.0 
 11   4   4   2   1  10   5   5   2   1   2051.86556805     132000000.0 
 11   5   5   2   1   5   4   4   2   1   112.156958305    3593000000.0 
 11   5   5   2   1   6   4   4   2   1    182.39778673    4049000000.0 
 11   5   5   2   1   7   4   4   2   1   293.077786947    3517000000.0 
 11   5   5   2   1   8   4   4   2   1   483.509368034    2838000000.0 
 11   5   5   2   1   8   6   6   2   1   483.612549134      22930000.0 
 11   5   5   2   1   9   4   4   2   1   871.946800036    2229000000.0 
 11   5   5   2   1   9   6   6   2   1   872.204999379      46150000.0 
 11   5   5   2   1  10   4   4   2   1   2049.94930618    1679000000.0 
 11   5   5   2   1  10   6   6   2   1   2051.05668065      81800000.0 
 11   6   6   2   1   6   5   5   2   1   182.420609652    2125000000.0 
 11   6   6   2   1   7   5   5   2   1   293.125243959    2944000000.0 
 11   6   6   2   1   8   5   5   2   1   483.608451469    2938000000.0 
 11   6   6   2   1   9   5   5   2   1   872.193016074    2599000000.0 
 11   6   6   2   1   9   7   7   2   1   872.200310986      18560000.0 
 11   6   6   2   1  10   5   5   2   1   2050.99545013    2102000000.0 
 11   6   6   2   1  10   7   7   2   1   2051.02939169      46270000.0 
 11   7   7   2   1   7   6   6   2   1   293.126199043    1539000000.0 
 11   7   7   2   1   8   6   6   2   1   483.610979617    2523000000.0 
 11   7   7   2   1   9   6   6   2   1    872.19989425    2819000000.0 
 11   7   7   2   1  10   6   6   2   1   2051.02844996    2605000000.0 
 11   7   7   2   1  10   8   8   2   1   2051.02875972      21960000.0 
 11   8   8   2   1   8   7   7   2   1   483.611016627    1440000000.0 
 11   8   8   2   1   9   7   7   2   1   872.200214816    2703000000.0 
 11   8   8   2   1  10   7   7   2   1   2051.02885989    3207000000.0 
 11   9   9   2   1   9   8   8   2   1   872.199928477    1936000000.0 
 11   9   9   2   1  10   8   8   2   1   2051.02833132    3927000000.0 
 11  10  10   2   1  10   9   9   2   1   2051.02886543    4788000000.0 
 12   0   0   2   1   3   1   1   2   1   29.1207140226    7564000000.0 
 12   0   0   2   1   4   1   1   2   1   57.1063488915    4874000000.0 
 12   0   0   2   1   5   1   1   2   1   98.2946049378    3362000000.0 
 12   0   0   2   1   6   1   1   2   1   158.452818731    2460000000.0 
 12   0   0   2   1   7   1   1   2   1   248.245968278    1894000000.0 
 12   0   0   2   1   8   1   1   2   1   389.514536461    1526000000.0 
 12   0   0   2   1   9   1   1   2   1    634.49680169    1284000000.0 
 12   0   0   2   1  10   1   1   2   1   1145.84260849    1134000000.0 
 12   0   0   2   1  11   1   1   2   1   2811.53066801    1070000000.0 
 12   1   1   2   1   3   0   0   2   1   26.9526264592    8363000000.0 
 12   1   1   2   1   3   2   2   2   1    32.670228647    1310000000.0 
 12   1   1   2   1   4   0   0   2   1   53.6761667836    3395000000.0 
 12   1   1   2   1   4   2   2   2   1   61.8648437078    1390000000.0 
 12   1   1   2   1   5   0   0   2   1   93.0756097995    1756000000.0 
 12   1   1   2   1   5   2   2   2   1   104.800938778    1197000000.0 
 12   1   1   2   1   6   0   0   2   1   150.406057865    1042000000.0 
 12   1   1   2   1   6   2   2   2   1   167.423654709    1001000000.0 
 12   1   1   2   1   7   0   0   2   1   235.252512037     676300000.0 
 12   1   1   2   1   7   2   2   2   1   260.875480107     844900000.0 
 12   1   1   2   1   8   0   0   2   1   366.778515233     467200000.0 
 12   1   1   2   1   8   2   2   2   1   408.075070939     730500000.0 
 12   1   1   2   1   9   0   0   2   1   589.097273232     336800000.0 
 12   1   1   2   1   9   2   2   2   1   664.144466535     652200000.0 
 12   1   1   2   1  10   0   0   2   1   1030.52595875     247300000.0 
 12   1   1   2   1  10   2   2   2   1   1202.43309083     608600000.0 
 12   1   1   2   1  11   0   0   2   1   2285.35207962     170000000.0 
 12   1   1   2   1  11   2   2   2   1   2994.04850373     613400000.0 
 12   2   2   2   1   3   1   1   2   1   29.0535793777   18150000000.0 
 12   2   2   2   1   4   1   1   2   1   56.8487462469    6829000000.0 
 12   2   2   2   1   4   3   3   2   1   64.0159907644     195100000.0 
 12   2   2   2   1   5   1   1   2   1   97.5338755484    3291000000.0 
 12   2   2   2   1   5   3   3   2   1   107.640631448     282300000.0 
 12   2   2   2   1   6   1   1   2   1   156.485301466    1831000000.0 
 12   2   2   2   1   6   3   3   2   1   171.012321624     307100000.0 
 12   2   2   2   1   7   1   1   2   1   243.450425454    1118000000.0 
 12   2   2   2   1   7   3   3   2   1   265.158580718     307600000.0 
 12   2   2   2   1   8   1   1   2   1   377.836427371     728100000.0 
 12   2   2   2   1   8   3   3   2   1    412.56089824     301300000.0 
 12   2   2   2   1   9   1   1   2   1    604.08297511     493300000.0 
 12   2   2   2   1   9   3   3   2   1     666.5690976     296800000.0 
 12   2   2   2   1  10   1   1   2   1   1050.34308996     336900000.0 
 12   2   2   2   1  10   3   3   2   1   1190.98942193     299400000.0 
 12   2   2   2   1  11   1   1   2   1    2298.7037034     208000000.0 
 12   2   2   2   1  11   3   3   2   1   2849.30979437     315400000.0 
 12   3   3   2   1   3   2   2   2   1   32.6015261202   18210000000.0 
 12   3   3   2   1   4   2   2   2   1   61.6189537199    9681000000.0 
 12   3   3   2   1   5   2   2   2   1   104.097239684    5343000000.0 
 12   3   3   2   1   6   2   2   2   1    165.63489803    3193000000.0 
 12   3   3   2   1   6   4   4   2   1   170.923404072      62870000.0 
 12   3   3   2   1   7   2   2   2   1   256.558282705    2042000000.0 
 12   3   3   2   1   7   4   4   2   1   264.542242359      84880000.0 
 12   3   3   2   1   8   2   2   2   1   397.609112646    1377000000.0 
 12   3   3   2   1   8   4   4   2   1   410.464640269     101700000.0 
 12   3   3   2   1   9   2   2   2   1   636.861586183     964000000.0 
 12   3   3   2   1   9   4   4   2   1   660.105153669     116700000.0 
 12   3   3   2   1  10   2   2   2   1   1115.88398787     687500000.0 
 12   3   3   2   1  10   4   4   2   1   1168.40428871     133200000.0 
 12   3   3   2   1  11   2   2   2   1    2509.4145394     467700000.0 
 12   3   3   2   1  11   4   4   2   1   2715.53622161     153700000.0 
 12   4   4   2   1   4   3   3   2   1   63.9207137761    5494000000.0 
 12   4   4   2   1   5   3   3   2   1   107.371525502    4755000000.0 
 12   4   4   2   1   6   3   3   2   1   170.334076195    3481000000.0 
 12   4   4   2   1   7   3   3   2   1   263.531548201    2503000000.0 
 12   4   4   2   1   7   5   5   2   1   264.398055719      25370000.0 
 12   4   4   2   1   8   3   3   2   1   408.635514621    1827000000.0 
 12   4   4   2   1   8   5   5   2   1   410.095978325      40740000.0 
 12   4   4   2   1   9   3   3   2   1   656.381785074    1360000000.0 
 12   4   4   2   1   9   5   5   2   1   659.108772084      56960000.0 
 12   4   4   2   1  10   3   3   2   1   1158.85324005    1028000000.0 
 12   4   4   2   1  10   5   5   2   1   1165.18450859      75800000.0 
 12   4   4   2   1  11   3   3   2   1   2672.03777277     761300000.0 
 12   4   4   2   1  11   5   5   2   1   2697.80573546      99870000.0 
 12   5   5   2   1   5   4   4   2   1   107.678477087    2552000000.0 
 12   5   5   2   1   6   4   4   2   1   170.842241173    2881000000.0 
 12   5   5   2   1   7   4   4   2   1   264.347871298    2509000000.0 
 12   5   5   2   1   8   4   4   2   1   409.996886747    2034000000.0 
 12   5   5   2   1   9   4   4   2   1   658.896252167    1615000000.0 
 12   5   5   2   1   9   6   6   2   1   659.043679433      25960000.0 
 12   5   5   2   1  10   4   4   2   1   1164.62213705    1273000000.0 
 12   5   5   2   1  10   6   6   2   1   1164.97947326      42570000.0 
 12   5   5   2   1  11   4   4   2   1   2695.19362779     970800000.0 
 12   5   5   2   1  11   6   6   2   1   2696.69637709      66520000.0 
 12   6   6   2   1   6   5   5   2   1   170.862297052    1416000000.0 
 12   6   6   2   1   7   5   5   2   1   264.386559299    1968000000.0 
 12   6   6   2   1   8   5   5   2   1    410.06832122    1974000000.0 
 12   6   6   2   1   9   5   5   2   1   659.037333622    1767000000.0 
 12   6   6   2   1  10   5   5   2   1   1164.96126902    1499000000.0 
 12   6   6   2   1  10   7   7   2   1   1164.97221923      21280000.0 
 12   6   6   2   1  11   5   5   2   1   2696.60928785    1196000000.0 
 12   6   6   2   1  11   7   7   2   1   2696.65808742      41900000.0 
 12   7   7   2   1   7   6   6   2   1   264.387339078     927800000.0 
 12   7   7   2   1   8   6   6   2   1   410.070145657    1529000000.0 
 12   7   7   2   1   9   6   6   2   1   659.041278029    1731000000.0 
 12   7   7   2   1  10   6   6   2   1   1164.97196962    1681000000.0 
 12   7   7   2   1  10   8   8   2   1   1164.97206956       8593000.0 
 12   7   7   2   1  11   6   6   2   1   2696.65617061    1460000000.0 
 12   7   7   2   1  11   8   8   2   1   2696.65708991      23900000.0 
 12   8   8   2   1   8   7   7   2   1   410.070167174     740300000.0 
 12   8   8   2   1   9   7   7   2   1   659.041447899    1408000000.0 
 12   8   8   2   1  10   7   7   2   1   1164.97206077    1759000000.0 
 12   8   8   2   1  11   7   7   2   1   2696.65723834    1770000000.0 
 12   8   8   2   1  11   9   9   2   1   2696.65797889      11420000.0 
 12   9   9   2   1   9   8   8   2   1   659.041341325     762300000.0 
 12   9   9   2   1  10   8   8   2   1   1164.97206807    1629000000.0 
 12   9   9   2   1  11   8   8   2   1   2696.65708193    2136000000.0 
 12  10  10   2   1  10   9   9   2   1   1164.97186314    1128000000.0 
 12  10  10   2   1  11   9   9   2   1   2696.65690957    2567000000.0 
 12  11  11   2   1  11  10  10   2   1   2696.65708273    3074000000.0 
 13   0   0   2   1   3   1   1   2   1   28.8595048259    5783000000.0 
 13   0   0   2   1   4   1   1   2   1    56.110426418    3745000000.0 
 13   0   0   2   1   5   1   1   2   1     95.38061942    2582000000.0 
 13   0   0   2   1   6   1   1   2   1   151.015456433    1883000000.0 
 13   0   0   2   1   7   1   1   2   1   230.463884552    1441000000.0 
 13   0   0   2   1   8   1   1   2   1   347.450220529    1150000000.0 
 13   0   0   2   1   9   1   1   2   1    529.97992448     954000000.0 
 13   0   0   2   1  10   1   1   2   1   844.928527736     822200000.0 
 13   0   0   2   1  11   1   1   2   1    1500.3976256     740400000.0 
 13   0   0   2   1  12   1   1   2   1   3632.37467704     710200000.0 
 13   1   1   2   1   3   0   0   2   1   26.7342266212    6545000000.0 
 13   1   1   2   1   3   2   2   2   1   32.3498905554     973900000.0 
 13   1   1   2   1   4   0   0   2   1   52.8168805864    2661000000.0 
 13   1   1   2   1   4   2   2   2   1   60.7261594156    1055000000.0 
 13   1   1   2   1   5   0   0   2   1   90.5218908358    1379000000.0 
 13   1   1   2   1   5   2   2   2   1   101.574427767     912900000.0 
 13   1   1   2   1   6   0   0   2   1   143.848324844     819900000.0 
 13   1   1   2   1   6   2   2   2   1   159.337918801     761000000.0 
 13   1   1   2   1   7   0   0   2   1   219.594409142     533500000.0 
 13   1   1   2   1   7   2   2   2   1   241.759343586     638000000.0 
 13   1   1   2   1   8   0   0   2   1   330.083178675     369900000.0 
 13   1   1   2   1   8   2   2   2   1   363.157277769     545200000.0 
 13   1   1   2   1   9   0   0   2   1   499.847323921     268600000.0 
 13   1   1   2   1   9   2   2   2   1   552.854288827     477900000.0 
 13   1   1   2   1  10   0   0   2   1   785.251939391     201500000.0 
 13   1   1   2   1  10   2   2   2   1   881.254893963     432300000.0 
 13   1   1   2   1  11   0   0   2   1   1350.13312088     152800000.0 
 13   1   1   2   1  11   2   2   2   1   1569.62637203     408100000.0 
 13   1   1   2   1  12   0   0   2   1    2953.2655798     107800000.0 
 13   1   1   2   1  12   2   2   2   1   3857.15316192     415500000.0 
 13   2   2   2   1   3   1   1   2   1   28.8078418932   14160000000.0 
 13   2   2   2   1   4   1   1   2   1   55.9154621859    5354000000.0 
 13   2   2   2   1   4   3   3   2   1   62.8349876466     145400000.0 
 13   2   2   2   1   5   1   1   2   1   94.8186234002    2593000000.0 
 13   2   2   2   1   5   3   3   2   1   104.343011199     212200000.0 
 13   2   2   2   1   6   1   1   2   1   149.611460923    1450000000.0 
 13   2   2   2   1   6   3   3   2   1   162.836342379     230400000.0 
 13   2   2   2   1   7   1   1   2   1   227.209943604     891500000.0 
 13   2   2   2   1   7   3   3   2   1   246.006608698     228700000.0 
 13   2   2   2   1   8   1   1   2   1   340.106982675     585700000.0 
 13   2   2   2   1   8   3   3   2   1   367.986911943     221000000.0 
 13   2   2   2   1   9   1   1   2   1   513.082290476     403200000.0 
 13   2   2   2   1   9   3   3   2   1     557.4686224     213200000.0 
 13   2   2   2   1  10   1   1   2   1    802.77874924     285600000.0 
 13   2   2   2   1  10   3   3   2   1   882.424527857     208600000.0 
 13   2   2   2   1  11   1   1   2   1   1372.43649147     202400000.0 
 13   2   2   2   1  11   3   3   2   1   1551.43256529     209800000.0 
 13   2   2   2   1  12   1   1   2   1   2963.46196118     129200000.0 
 13   2   2   2   1  12   3   3   2   1   3663.81197291     220400000.0 
 13   3   3   2   1   3   2   2   2   1   32.2970509013   14060000000.0 
 13   3   3   2   1   4   2   2   2   1   60.5402316817    7512000000.0 
 13   3   3   2   1   5   2   2   2   1   101.055307726    4162000000.0 
 13   3   3   2   1   6   2   2   2   1   158.064190164    2496000000.0 
 13   3   3   2   1   6   4   4   2   1   162.873280794      46410000.0 
 13   3   3   2   1   7   2   2   2   1   238.839140538    1603000000.0 
 13   3   3   2   1   7   4   4   2   1   245.743523037      61740000.0 
 13   3   3   2   1   8   2   2   2   1   356.607752611    1087000000.0 
 13   3   3   2   1   8   4   4   2   1   366.914300982      72560000.0 
 13   3   3   2   1   9   2   2   2   1   537.817001695     768000000.0 
 13   3   3   2   1   9   4   4   2   1   554.299522773      81100000.0 
 13   3   3   2   1  10   2   2   2   1   843.654661116     559400000.0 
 13   3   3   2   1  10   4   4   2   1   873.334415452      89310000.0 
 13   3   3   2   1  11   2   2   2   1     1454.190233     412600000.0 
 13   3   3   2   1  11   4   4   2   1   1521.09760535      99150000.0 
 13   3   3   2   1  12   2   2   2   1    3227.5533418     289400000.0 
 13   3   3   2   1  12   4   4   2   1   3489.81432359     111800000.0 
 13   4   4   2   1   4   3   3   2   1   62.7627980255    4180000000.0 
 13   4   4   2   1   5   3   3   2   1    104.14409555    3624000000.0 
 13   4   4   2   1   6   3   3   2   1   162.352414078    2657000000.0 
 13   4   4   2   1   7   3   3   2   1   244.903767018    1914000000.0 
 13   4   4   2   1   7   5   5   2   1   245.651931545      17860000.0 
 13   4   4   2   1   8   3   3   2   1    365.52473041    1400000000.0 
 13   4   4   2   1   8   5   5   2   1   366.692852831      27950000.0 
 13   4   4   2   1   9   3   3   2   1   551.837402432    1047000000.0 
 13   4   4   2   1   9   5   5   2   1   553.763618536      37800000.0 
 13   4   4   2   1  10   3   3   2   1   868.397455248     799100000.0 
 13   4   4   2   1  10   5   5   2   1   871.947850033      48080000.0 
 13   4   4   2   1  11   3   3   2   1   1508.59003911     618900000.0 
 13   4   4   2   1  11   5   5   2   1   1516.76936667      60190000.0 
 13   4   4   2   1  12   3   3   2   1   3433.53744666     469300000.0 
 13   4   4   2   1  12   5   5   2   1   3466.62075076      75680000.0 
 13   5   5   2   1   5   4   4   2   1   104.433183805    1885000000.0 
 13   5   5   2   1   6   4   4   2   1   162.814825786    2133000000.0 
 13   5   5   2   1   7   4   4   2   1   245.610475481    1860000000.0 
 13   5   5   2   1   8   4   4   2   1   366.617779544    1511000000.0 
 13   5   5   2   1   9   4   4   2   1   553.623071341    1205000000.0 
 13   5   5   2   1   9   6   6   2   1   553.727148773      16280000.0 
 13   5   5   2   1  10   4   4   2   1   871.656369619     959100000.0 
 13   5   5   2   1  10   6   6   2   1   871.856523517      25260000.0 
 13   5   5   2   1  11   4   4   2   1   1516.01439195     763800000.0 
 13   5   5   2   1  11   6   6   2   1   1516.48973518      36870000.0 
 13   5   5   2   1  12   4   4   2   1   3463.17308243     591100000.0 
 13   5   5   2   1  12   6   6   2   1   3465.14669004      53080000.0 
 13   6   6   2   1   6   5   5   2   1    162.83306562     999300000.0 
 13   6   6   2   1   7   5   5   2   1   245.643928779    1390000000.0 
 13   6   6   2   1   8   5   5   2   1   366.675020928    1398000000.0 
 13   6   6   2   1   9   5   5   2   1    553.72295259    1258000000.0 
 13   6   6   2   1  10   5   5   2   1   871.847030488    1079000000.0 
 13   6   6   2   1  10   7   7   2   1   871.853163572      11610000.0 
 13   6   6   2   1  11   5   5   2   1   1516.46432044     901900000.0 
 13   6   6   2   1  11   7   7   2   1    1516.4797531      20970000.0 
 13   6   6   2   1  12   5   5   2   1   3465.02770969     718900000.0 
 13   6   6   2   1  12   7   7   2   1   3465.09409318      35890000.0 
 13   7   7   2   1   7   6   6   2   1   245.644602798     609200000.0 
 13   7   7   2   1   8   6   6   2   1   366.676481634    1007000000.0 
 13   7   7   2   1   9   6   6   2   1    553.72574156    1146000000.0 
 13   7   7   2   1  10   6   6   2   1   871.853034864    1127000000.0 
 13   7   7   2   1  11   6   6   2   1   1516.47918049    1027000000.0 
 13   7   7   2   1  11   8   8   2   1   1516.47947121      10530000.0 
 13   7   7   2   1  12   6   6   2   1   3465.09158315     865900000.0 
 13   7   7   2   1  12   8   8   2   1   3465.09298508      22790000.0 
 13   8   8   2   1   8   7   7   2   1   366.676499177     435800000.0 
 13   8   8   2   1   9   7   7   2   1   553.725862251     833600000.0 
 13   8   8   2   1  10   7   7   2   1   871.853087832    1055000000.0 
 13   8   8   2   1  11   7   7   2   1   1516.47952395    1117000000.0 
 13   8   8   2   1  12   7   7   2   1    3465.0928968    1037000000.0 
 13   8   8   2   1  12   9   9   2   1   3465.09290997      13080000.0 
 13   9   9   2   1   9   8   8   2   1   553.725785233     379200000.0 
 13   9   9   2   1  10   8   8   2   1   871.853087498     821100000.0 
 13   9   9   2   1  11   8   8   2   1   1516.47946111    1134000000.0 
 13   9   9   2   1  12   8   8   2   1   3465.09293237    1235000000.0 
 13   9   9   2   1  12  10  10   2   1   3465.09469796       6283000.0 
 13  10  10   2   1  10   9   9   2   1   871.853086664     425700000.0 
 13  10  10   2   1  11   9   9   2   1   1516.47975133    1020000000.0 
 13  10  10   2   1  12   9   9   2   1    3465.0928744    1466000000.0 
 13  11  11   2   1  11  10  10   2   1   1516.47946768     687300000.0 
 13  11  11   2   1  12  10  10   2   1    3465.0947309    1734000000.0 
 13  12  12   2   1  12  11  11   2   1    3465.0929192    2046000000.0 
 14   0   0   2   1   3   1   1   2   1   28.6566880556    4443000000.0 
 14   0   0   2   1   4   1   1   2   1   55.3488021271    2912000000.0 
 14   0   0   2   1   5   1   1   2   1   93.2005633315    2014000000.0 
 14   0   0   2   1   6   1   1   2   1   145.622356764    1468000000.0 
 14   0   0   2   1   7   1   1   2   1    218.13517633    1120000000.0 
 14   0   0   2   1   8   1   1   2   1   320.169169812     888400000.0 
 14   0   0   2   1   9   1   1   2   1   469.020577327     730000000.0 
 14   0   0   2   1  10   1   1   2   1   699.902345637     620100000.0 
 14   0   0   2   1  11   1   1   2   1   1096.81752747     545300000.0 
 14   0   0   2   1  12   1   1   2   1   1921.07941245     499900000.0 
 14   0   0   2   1  13   1   1   2   1   4598.92069748     485900000.0 
 14   1   1   2   1   3   0   0   2   1   26.5640657042    5193000000.0 
 14   1   1   2   1   3   2   2   2   1   32.1010678875     713300000.0 
 14   1   1   2   1   4   0   0   2   1   52.1568234549    2114000000.0 
 14   1   1   2   1   4   2   2   2   1   59.8552446136     806500000.0 
 14   1   1   2   1   5   0   0   2   1   88.6001894036    1098000000.0 
 14   1   1   2   1   5   2   2   2   1   99.1610617171     705800000.0 
 14   1   1   2   1   6   0   0   2   1   139.055509938     654500000.0 
 14   1   1   2   1   6   2   2   2   1   153.478372737     589600000.0 
 14   1   1   2   1   7   0   0   2   1     208.6177499     426800000.0 
 14   1   1   2   1   7   2   2   2   1   228.521766939     493000000.0 
 14   1   1   2   1   8   0   0   2   1   305.890341437     296600000.0 
 14   1   1   2   1   8   2   2   2   1   334.086827969     418500000.0 
 14   1   1   2   1   9   0   0   2   1   446.385354275     216100000.0 
 14   1   1   2   1   9   2   2   2   1   488.185700083     362800000.0 
 14   1   1   2   1  10   0   0   2   1   660.902445242     163300000.0 
 14   1   1   2   1  10   2   2   2   1   727.615924999     322400000.0 
 14   1   1   2   1  11   0   0   2   1    1020.1232767     126500000.0 
 14   1   1   2   1  11   2   2   2   1    1140.6406927     295200000.0 
 14   1   1   2   1  12   0   0   2   1   1729.46289918      97730000.0 
 14   1   1   2   1  12   2   2   2   1   2004.55216496     282100000.0 
 14   1   1   2   1  13   0   0   2   1   3739.68297701      71040000.0 
 14   1   1   2   1  13   2   2   2   1   4871.84202019     289300000.0 
 14   2   2   2   1   3   1   1   2   1   28.6160375619   11150000000.0 
 14   2   2   2   1   4   1   1   2   1   55.1973564657    4247000000.0 
 14   2   2   2   1   4   3   3   2   1   61.9295929468     108100000.0 
 14   2   2   2   1   5   1   1   2   1   92.7719501192    2068000000.0 
 14   2   2   2   1   5   3   3   2   1    101.86987893     161500000.0 
 14   2   2   2   1   6   1   1   2   1   144.578688047    1162000000.0 
 14   2   2   2   1   6   3   3   2   1   156.892177892     176100000.0 
 14   2   2   2   1   7   1   1   2   1   215.801660143     718200000.0 
 14   2   2   2   1   7   3   3   2   1   232.687997399     174400000.0 
 14   2   2   2   1   8   1   1   2   1   315.167089025     474800000.0 
 14   2   2   2   1   8   3   3   2   1   338.965037054     167200000.0 
 14   2   2   2   1   9   1   1   2   1   458.363640573     329700000.0 
 14   2   2   2   1   9   3   3   2   1   493.463641103     159200000.0 
 14   2   2   2   1  10   1   1   2   1   676.433439446     237100000.0 
 14   2   2   2   1  10   3   3   2   1   732.112543746     152800000.0 
 14   2   2   2   1  11   1   1   2   1   1040.25799936     174200000.0 
 14   2   2   2   1  11   3   3   2   1   1139.94620179     149200000.0 
 14   2   2   2   1  12   1   1   2   1   1754.04133856     127700000.0 
 14   2   2   2   1  12   3   3   2   1   1977.81449364     150500000.0 
 14   2   2   2   1  13   1   1   2   1   3745.12722902      83530000.0 
 14   2   2   2   1  13   3   3   2   1   4620.21855304     157500000.0 
 14   3   3   2   1   3   2   2   2   1   32.0595051539   10970000000.0 
 14   3   3   2   1   4   2   2   2   1   59.7109056188    5911000000.0 
 14   3   3   2   1   5   2   2   2   1   98.7655362949    3292000000.0 
 14   3   3   2   1   6   2   2   2   1   152.532922693    1982000000.0 
 14   3   3   2   1   6   4   4   2   1   157.006562602      35240000.0 
 14   3   3   2   1   7   2   2   2   1   226.432022265    1278000000.0 
 14   3   3   2   1   7   4   4   2   1   232.628399374      46440000.0 
 14   3   3   2   1   8   2   2   2   1   329.639224652     869400000.0 
 14   3   3   2   1   8   4   4   2   1   338.426642033      53850000.0 
 14   3   3   2   1   9   2   2   2   1   478.746856318     617700000.0 
 14   3   3   2   1   9   4   4   2   1   491.763740681      59110000.0 
 14   3   3   2   1  10   2   2   2   1   706.845076344     453800000.0 
 14   3   3   2   1  10   4   4   2   1   727.561214237      63540000.0 
 14   3   3   2   1  11   2   2   2   1   1090.41029544     341500000.0 
 14   3   3   2   1  11   4   4   2   1   1127.60158961      68260000.0 
 14   3   3   2   1  12   2   2   2   1   1854.42654745     259600000.0 
 14   3   3   2   1  12   4   4   2   1   1938.11128923      74420000.0 
 14   3   3   2   1  13   2   2   2   1   4070.88403355     186600000.0 
 14   3   3   2   1  13   4   4   2   1    4398.6624057      82580000.0 
 14   4   4   2   1   4   3   3   2   1   61.8734573228    3252000000.0 
 14   4   4   2   1   5   3   3   2   1   101.718076098    2824000000.0 
 14   4   4   2   1   6   3   3   2   1   156.532394208    2075000000.0 
 14   4   4   2   1   7   3   3   2   1   231.897489935    1497000000.0 
 14   4   4   2   1   8   3   3   2   1    337.29011553    1096000000.0 
 14   4   4   2   1   8   5   5   2   1   338.284501216      20170000.0 
 14   4   4   2   1   9   3   3   2   1   489.921890726     821200000.0 
 14   4   4   2   1   9   5   5   2   1     491.4395224      26640000.0 
 14   4   4   2   1  10   3   3   2   1   724.343662949     629200000.0 
 14   4   4   2   1  10   5   5   2   1   726.812170441      32870000.0 
 14   4   4   2   1  11   3   3   2   1   1121.22163537     491800000.0 
 14   4   4   2   1  11   5   5   2   1    1125.7334772      39480000.0 
 14   4   4   2   1  12   3   3   2   1   1922.12127896     389700000.0 
 14   4   4   2   1  12   5   5   2   1   1932.44529693      47460000.0 
 14   4   4   2   1  13   3   3   2   1   4327.31984186     301500000.0 
 14   4   4   2   1  13   5   5   2   1   4368.99511848      57710000.0 
 14   5   5   2   1   5   4   4   2   1   101.994080397    1449000000.0 
 14   5   5   2   1   6   4   4   2   1   156.962784629    1629000000.0 
 14   5   5   2   1   7   4   4   2   1   232.532307385    1421000000.0 
 14   5   5   2   1   8   4   4   2   1   338.223308398    1156000000.0 
 14   5   5   2   1   9   4   4   2   1   491.334525638     923400000.0 
 14   5   5   2   1   9   6   6   2   1   491.416499159      11000000.0 
 14   5   5   2   1  10   4   4   2   1   726.622098131     737700000.0 
 14   5   5   2   1  10   6   6   2   1   726.761181129      16440000.0 
 14   5   5   2   1  11   4   4   2   1   1125.34743628     593000000.0 
 14   5   5   2   1  11   6   6   2   1   1125.60933829      22830000.0 
 14   5   5   2   1  12   4   4   2   1   1931.46152999     478500000.0 
 14   5   5   2   1  12   6   6   2   1   1932.07525679      30950000.0 
 14   5   5   2   1  13   4   4   2   1   4364.55865741     375900000.0 
 14   5   5   2   1  13   6   6   2   1   4367.08647689      42070000.0 
 14   6   6   2   1   6   5   5   2   1   156.979755126     735700000.0 
 14   6   6   2   1   7   5   5   2   1   232.562332983    1025000000.0 
 14   6   6   2   1   8   5   5   2   1   338.272111111    1032000000.0 
 14   6   6   2   1   9   5   5   2   1   491.413374083     930500000.0 
 14   6   6   2   1  10   5   5   2   1   726.754978227     801800000.0 
 14   6   6   2   1  10   7   7   2   1   726.759239838       7112000.0 
 14   6   6   2   1  11   5   5   2   1    1125.5962801     677100000.0 
 14   6   6   2   1  11   7   7   2   1   1125.60478249      12100000.0 
 14   6   6   2   1  12   5   5   2   1   1932.04104672     564300000.0 
 14   6   6   2   1  12   7   7   2   1    1932.0616851      19190000.0 
 14   6   6   2   1  13   5   5   2   1   4366.92933678     451800000.0 
 14   6   6   2   1  13   7   7   2   1   4367.01686147      29940000.0 
 14   7   7   2   1   7   6   6   2   1   232.562937825     425100000.0 
 14   7   7   2   1   8   6   6   2   1   338.273355768     703800000.0 
 14   7   7   2   1   9   6   6   2   1   491.415573817     802700000.0 
 14   7   7   2   1  10   6   6   2   1   726.759157244     793400000.0 
 14   7   7   2   1  11   6   6   2   1   1125.60448342     731600000.0 
 14   7   7   2   1  11   8   8   2   1   1125.60464359       5564000.0 
 14   7   7   2   1  12   6   6   2   1   1932.06095309     646600000.0 
 14   7   7   2   1  12   8   8   2   1   1932.06138894      10970000.0 
 14   7   7   2   1  13   6   6   2   1   4367.01340001     538100000.0 
 14   7   7   2   1  13   8   8   2   1   4367.01530025      20400000.0 
 14   8   8   2   1   8   7   7   2   1   338.273370761     281000000.0 
 14   8   8   2   1   9   7   7   2   1   491.415669006     539000000.0 
 14   8   8   2   1  10   7   7   2   1   726.759194339     685600000.0 
 14   8   8   2   1  11   7   7   2   1   1125.60467334     735000000.0 
 14   8   8   2   1  12   7   7   2   1   1932.06136354     716600000.0 
 14   8   8   2   1  12   9   9   2   1   1932.06136763       5524000.0 
 14   8   8   2   1  13   7   7   2   1   4367.01521863     637200000.0 
 14   8   8   2   1  13   9   9   2   1   4367.01530235      13030000.0 
 14   9   9   2   1   9   8   8   2   1   491.415608718     217600000.0 
 14   9   9   2   1  10   8   8   2   1   726.759194919     473800000.0 
 14   9   9   2   1  11   8   8   2   1   1125.60464067     662800000.0 
 14   9   9   2   1  12   8   8   2   1   1932.06138033     759500000.0 
 14   9   9   2   1  13   8   8   2   1    4367.0152563     751000000.0 
 14   9   9   2   1  13  10  10   2   1   4367.01531281       7515000.0 
 14  10  10   2   1  10   9   9   2   1   726.759194049     204700000.0 
 14  10  10   2   1  11   9   9   2   1   1125.60479987     497400000.0 
 14  10  10   2   1  12   9   9   2   1   1932.06136026     752400000.0 
 14  10  10   2   1  13   9   9   2   1   4367.01526468     881900000.0 
 14  10  10   2   1  13  11  11   2   1   4367.01521236       3625000.0 
 14  11  11   2   1  11  10  10   2   1   1125.60463553     248700000.0 
 14  11  11   2   1  12  10  10   2   1   1932.06191368     661100000.0 
 14  11  11   2   1  13  10  10   2   1   4367.01523328    1032000000.0 
 14  12  12   2   1  12  11  11   2   1   1932.06136845     435000000.0 
 14  12  12   2   1  13  11  11   2   1   4367.01525421    1205000000.0 
 14  13  13   2   1  13  12  12   2   1   4367.01525212    1404000000.0 
 15   0   0   2   1   3   1   1   2   1   28.4959037944    3304000000.0 
 15   0   0   2   1   4   1   1   2   1   54.7521183163    2241000000.0 
 15   0   0   2   1   5   1   1   2   1    91.521083501    1570000000.0 
 15   0   0   2   1   6   1   1   2   1    141.56340257    1150000000.0 
 15   0   0   2   1   7   1   1   2   1   209.152140715     878000000.0 
 15   0   0   2   1   8   1   1   2   1   301.182683085     695100000.0 
 15   0   0   2   1   9   1   1   2   1   429.369232636     568300000.0 
 15   0   0   2   1  10   1   1   2   1     615.1325288     478700000.0 
 15   0   0   2   1  11   1   1   2   1   902.019184377     415200000.0 
 15   0   0   2   1  12   1   1   2   1   1393.85279279     373500000.0 
 15   0   0   2   1  13   1   1   2   1   2413.49135301     346400000.0 
 15   0   0   2   1  14   1   1   2   1    5723.0654049     341000000.0 
 15   1   1   2   1   3   0   0   2   1   26.4287895136    4104000000.0 
 15   1   1   2   1   3   2   2   2   1   31.9037299939     471900000.0 
 15   1   1   2   1   4   0   0   2   1   51.6378692989    1675000000.0 
 15   1   1   2   1   4   2   2   2   1    59.172789954     597800000.0 
 15   1   1   2   1   5   0   0   2   1     87.11299702     875200000.0 
 15   1   1   2   1   5   2   2   2   1   97.3019215585     541700000.0 
 15   1   1   2   1   6   0   0   2   1   135.426880465     524300000.0 
 15   1   1   2   1   6   2   2   2   1   149.069914457     458600000.0 
 15   1   1   2   1   7   0   0   2   1   200.555872544     343400000.0 
 15   1   1   2   1   7   2   2   2   1   218.883687173     385100000.0 
 15   1   1   2   1   8   0   0   2   1    288.86446671     239500000.0 
 15   1   1   2   1   8   2   2   2   1   313.881119051     326600000.0 
 15   1   1   2   1   9   0   0   2   1   411.031663218     174800000.0 
 15   1   1   2   1   9   2   2   2   1   446.212124428     281700000.0 
 15   1   1   2   1  10   0   0   2   1   586.246077624     132700000.0 
 15   1   1   2   1  10   2   2   2   1   638.146953861     247900000.0 
 15   1   1   2   1  11   0   0   2   1   852.544420891     103600000.0 
 15   1   1   2   1  11   2   2   2   1   935.116043287     223200000.0 
 15   1   1   2   1  12   0   0   2   1    1297.1852369      79750000.0 
 15   1   1   2   1  12   2   2   2   1   1446.02647488     208100000.0 
 15   1   1   2   1  13   0   0   2   1   2173.49689874      64330000.0 
 15   1   1   2   1  13   2   2   2   1   2512.89808482     199900000.0 
 15   1   1   2   1  14   0   0   2   1   4654.42346495      48010000.0 
 15   1   1   2   1  14   2   2   2   1   6050.40916627     206400000.0 
 15   2   2   2   1   3   1   1   2   1   28.4633180062    8542000000.0 
 15   2   2   2   1   4   1   1   2   1   54.6319450518    3322000000.0 
 15   2   2   2   1   4   3   3   2   1   61.2187359975      74500000.0 
 15   2   2   2   1   5   1   1   2   1   91.1858027288    1639000000.0 
 15   2   2   2   1   5   3   3   2   1   99.9605788879     119800000.0 
 15   2   2   2   1   6   1   1   2   1   140.762832665     929600000.0 
 15   2   2   2   1   6   3   3   2   1   152.408743651     134100000.0 
 15   2   2   2   1   7   1   1   2   1   207.409327411     578900000.0 
 15   2   2   2   1   7   3   3   2   1   222.960491033     133900000.0 
 15   2   2   2   1   8   1   1   2   1   297.581901475     385400000.0 
 15   2   2   2   1   8   3   3   2   1   318.709246497     128400000.0 
 15   2   2   2   1   9   1   1   2   1   422.088176535     269600000.0 
 15   2   2   2   1   9   3   3   2   1   451.673010125     121700000.0 
 15   2   2   2   1  10   1   1   2   1   600.297263188     195800000.0 
 15   2   2   2   1  10   3   3   2   1   643.745257128     115600000.0 
 15   2   2   2   1  11   1   1   2   1   870.474085694     146100000.0 
 15   2   2   2   1  11   3   3   2   1   939.202006088     110900000.0 
 15   2   2   2   1  12   1   1   2   1   1319.93810518     112100000.0 
 15   2   2   2   1  12   3   3   2   1   1442.77683994     109900000.0 
 15   2   2   2   1  13   1   1   2   1   2200.15749521      83770000.0 
 15   2   2   2   1  13   3   3   2   1   2475.61967381     110000000.0 
 15   2   2   2   1  14   1   1   2   1   4653.17685853      56000000.0 
 15   2   2   2   1  14   3   3   2   1   5729.96217005     114900000.0 
 15   3   3   2   1   3   2   2   2   1   31.8704178609    8351000000.0 
 15   3   3   2   1   4   2   2   2   1   59.0582976767    4609000000.0 
 15   3   3   2   1   5   2   2   2   1   96.9927256037    2600000000.0 
 15   3   3   2   1   6   2   2   2   1   148.345416181    1579000000.0 
 15   3   3   2   1   6   4   4   2   1   152.573392648      27130000.0 
 15   3   3   2   1   7   2   2   2   1    217.32522325    1024000000.0 
 15   3   3   2   1   7   4   4   2   1   223.026927669      35680000.0 
 15   3   3   2   1   8   2   2   2   1   310.686196219     700600000.0 
 15   3   3   2   1   8   4   4   2   1   318.480229605      41070000.0 
 15   3   3   2   1   9   2   2   2   1   439.782982551     500200000.0 
 15   3   3   2   1   9   4   4   2   1   450.743020007      44570000.0 
 15   3   3   2   1  10   2   2   2   1   625.078373973     369600000.0 
 15   3   3   2   1  10   4   4   2   1   641.224166684      47140000.0 
 15   3   3   2   1  11   2   2   2   1    907.31899175     280600000.0 
 15   3   3   2   1  11   4   4   2   1    932.92260667      49530000.0 
 15   3   3   2   1  12   2   2   2   1   1380.61958526     218700000.0 
 15   3   3   2   1  12   4   4   2   1   1426.47560025      52520000.0 
 15   3   3   2   1  13   2   2   2   1   2321.75260205     169700000.0 
 15   3   3   2   1  13   4   4   2   1   2424.80638522      56460000.0 
 15   3   3   2   1  14   2   2   2   1   5049.47753788     124700000.0 
 15   3   3   2   1  14   4   4   2   1   5452.84969366      61900000.0 
 15   4   4   2   1   4   3   3   2   1   61.1741462709    2552000000.0 
 15   4   4   2   1   5   3   3   2   1    99.841749604    2230000000.0 
 15   4   4   2   1   6   3   3   2   1   152.132676379    1644000000.0 
 15   4   4   2   1   7   3   3   2   1   222.370171739    1189000000.0 
 15   4   4   2   1   8   3   3   2   1   317.504413191     872700000.0 
 15   4   4   2   1   8   5   5   2   1   318.385405399      15120000.0 
 15   4   4   2   1   9   3   3   2   1   449.256984632     654800000.0 
 15   4   4   2   1   9   5   5   2   1   450.532808484      19630000.0 
 15   4   4   2   1  10   3   3   2   1   638.848657854     502700000.0 
 15   4   4   2   1  10   5   5   2   1    640.76806204      23690000.0 
 15   4   4   2   1  11   3   3   2   1   928.815464037     394200000.0 
 15   4   4   2   1  11   5   5   2   1   931.909533134      27670000.0 
 15   4   4   2   1  12   3   3   2   1   1418.41086759     315900000.0 
 15   4   4   2   1  12   5   5   2   1   1424.02497105      31990000.0 
 15   4   4   2   1  13   3   3   2   1   2404.73795849     254800000.0 
 15   4   4   2   1  13   5   5   2   1   2417.55304986      37410000.0 
 15   4   4   2   1  14   3   3   2   1   5364.01036169     200700000.0 
 15   4   4   2   1  14   5   5   2   1   5415.61377639      44380000.0 
 15   5   5   2   1   5   4   4   2   1   100.107835011    1132000000.0 
 15   5   5   2   1   6   4   4   2   1   152.539606089    1274000000.0 
 15   5   5   2   1   7   4   4   2   1   222.954741075    1113000000.0 
 15   5   5   2   1   8   4   4   2   1   318.333050301     905800000.0 
 15   5   5   2   1   9   4   4   2   1   450.448268206     724300000.0 
 15   5   5   2   1   9   6   6   2   1   450.517165607       7842000.0 
 15   5   5   2   1  10   4   4   2   1   640.627820819     579500000.0 
 15   5   5   2   1  10   6   6   2   1   640.735929008      11430000.0 
 15   5   5   2   1  11   4   4   2   1   931.660819855     467200000.0 
 15   5   5   2   1  11   6   6   2   1   931.840319601      15330000.0 
 15   5   5   2   1  12   4   4   2   1   1423.52769985     380400000.0 
 15   5   5   2   1  12   6   6   2   1   1423.86104836      19850000.0 
 15   5   5   2   1  13   4   4   2   1   2416.30067509     310900000.0 
 15   5   5   2   1  13   6   6   2   1    2417.0752351      25580000.0 
 15   5   5   2   1  14   4   4   2   1   5410.02391701     247800000.0 
 15   5   5   2   1  14   6   6   2   1   5413.19479508      33350000.0 
 15   6   6   2   1   6   5   5   2   1   152.555647526     559800000.0 
 15   6   6   2   1   7   5   5   2   1   222.982373897     780300000.0 
 15   6   6   2   1   8   5   5   2   1   318.376342251     786600000.0 
 15   6   6   2   1   9   5   5   2   1   450.514660831     710000000.0 
 15   6   6   2   1  10   5   5   2   1   640.731353937     613000000.0 
 15   6   6   2   1  11   5   5   2   1   931.831891185     519600000.0 
 15   6   6   2   1  11   7   7   2   1   931.837718252       7715000.0 
 15   6   6   2   1  12   5   5   2   1   1423.84368473     437300000.0 
 15   6   6   2   1  12   7   7   2   1   1423.85489372      11580000.0 
 15   6   6   2   1  13   5   5   2   1   2417.03060163     365600000.0 
 15   6   6   2   1  13   7   7   2   1   2417.05741421      16890000.0 
 15   6   6   2   1  14   5   5   2   1     5412.992757     295000000.0 
 15   6   6   2   1  14   7   7   2   1   5413.10503317      24660000.0 
 15   7   7   2   1   7   6   6   2   1   222.982930514     310300000.0 
 15   7   7   2   1   8   6   6   2   1   318.377445981     514300000.0 
 15   7   7   2   1   9   6   6   2   1   450.516512009     587500000.0 
 15   7   7   2   1  10   6   6   2   1   640.734606965     582000000.0 
 15   7   7   2   1  11   6   6   2   1   931.837523389     539100000.0 
 15   7   7   2   1  12   6   6   2   1   1423.85451974     481800000.0 
 15   7   7   2   1  12   8   8   2   1   1423.85475645       6150000.0 
 15   7   7   2   1  13   6   6   2   1   2417.05642178     419800000.0 
 15   7   7   2   1  13   8   8   2   1   2417.05700391      10520000.0 
 15   7   7   2   1  14   6   6   2   1   5413.10043502     347900000.0 
 15   7   7   2   1  14   8   8   2   1   5413.10295918      17670000.0 
 15   8   8   2   1   8   7   7   2   1   318.377459307     193300000.0 
 15   8   8   2   1   9   7   7   2   1   450.516592102     371300000.0 
 15   8   8   2   1  10   7   7   2   1   640.734635978     473600000.0 
 15   8   8   2   1  11   7   7   2   1   931.837653933     510200000.0 
 15   8   8   2   1  12   7   7   2   1   1423.85474355     503500000.0 
 15   8   8   2   1  13   7   7   2   1   2417.05698147     469700000.0 
 15   8   8   2   1  13   9   9   2   1   2417.05700711       6034000.0 
 15   8   8   2   1  14   7   7   2   1   5413.10286271     407900000.0 
 15   8   8   2   1  14   9   9   2   1   5413.10293024      12110000.0 
 15   9   9   2   1   9   8   8   2   1   450.516541498     137400000.0 
 15   9   9   2   1  10   8   8   2   1   640.734636564     300100000.0 
 15   9   9   2   1  11   8   8   2   1   931.837631826     422000000.0 
 15   9   9   2   1  12   8   8   2   1   1423.85475334     489800000.0 
 15   9   9   2   1  13   8   8   2   1   2417.05699493     509000000.0 
 15   9   9   2   1  13  10  10   2   1   2417.05701224       3045000.0 
 15   9   9   2   1  14   8   8   2   1   5413.10291416     476300000.0 
 15   9   9   2   1  14  10  10   2   1   5413.10297204       7768000.0 
 15  10  10   2   1  10   9   9   2   1   640.734636204     114300000.0 
 15  10  10   2   1  11   9   9   2   1   931.837741597     279300000.0 
 15  10  10   2   1  12   9   9   2   1   1423.85474399     428100000.0 
 15  10  10   2   1  13   9   9   2   1   2417.05700198     527900000.0 
 15  10  10   2   1  14   9   9   2   1   5413.10290452     554200000.0 
 15  10  10   2   1  14  11  11   2   1    5413.1030267       4499000.0 
 15  11  11   2   1  11  10  10   2   1   931.837629253     115600000.0 
 15  11  11   2   1  12  10  10   2   1   1423.85504523     311500000.0 
 15  11  11   2   1  13  10  10   2   1   2417.05699429     512200000.0 
 15  11  11   2   1  14  10  10   2   1   5413.10288201     642800000.0 
 15  11  11   2   1  14  12  12   2   1    5413.1028177       2177000.0 
 15  12  12   2   1  12  11  11   2   1   1423.85474844     151000000.0 
 15  12  12   2   1  13  11  11   2   1   2417.05699878     441000000.0 
 15  12  12   2   1  14  11  11   2   1   5413.10309101     743800000.0 
 15  13  13   2   1  13  12  12   2   1   2417.05700262     284400000.0 
 15  13  13   2   1  14  12  12   2   1   5413.10296883     858800000.0 
 15  14  14   2   1  14  13  13   2   1   5413.10297204     989700000.0 
100	0	0	0	0	0	0	0	0	0	1.0	1.0
# upper n l L (2S+1) Counter  lower  n l L (2S+1) Counter  Energy (Angstrom) Einstein A (s-1)
# File computed  using the RAP package (Witthoeft, 2011) using Autostructure and Nist data 
# For the final state of Na-like Fe