 2	1	1	2	1	2	0	0	2	1	209.2783597017222	3483333333.333333
 3	1	1	2	1	2	0	0	2	1	10.633634602668327	7356666666666.666
 4	1	1	2	1	2	0	0	2	1	7.987521496878094	3420000000000.0
 5	1	1	2	1	2	0	0	2	1	7.168933550112759	1700000000000.0
 6	1	1	2	1	2	0	0	2	1	6.786993843098311	1020000000000.0
 3	0	0	2	1	 2	1	1	2	1	11.370560027510937	2590000000000.0
 3	2	2	2	1	 2	1	1	2	1	11.124263111461383	21880000000000.0
 4	0	0	2	1	 2	1	1	2	1	8.342669532920862	1050000000000.0
 4	2	2	2	1	 2	1	1	2	1	8.288460123406384	7154000000000.0
 5	2	2	2	1	 2	1	1	2	1	7.415326609632852	3292000000000.0
 6	2	2	2	1	 2	1	1	2	1	7.012461362926123	1792000000000.0
 7	2	2	2	1	 2	1	1	2	1	6.788358761608994	1091200000000.0
 4	1	1	2	1	 3	0	0	2	1	30.79714671953856	1066666666666.6665
 5	1	1	2	1	 3	0	0	2	1	21.383046562741978	519999999999.99994
 4	2	2	2	1	 3	1	1	2	1	31.860552973479468	2436000000000.0
 5	2	2	2	1	 3	1	1	2	1	21.933225718457656	1149200000000.0
 6	2	2	2	1	 3	1	1	2	1	18.74752177312065	634800000000.0
 7	2	2	2	1	 3	1	1	2	1	17.22708844806291	388400000000.0
 5	1	1	2	1	 4	0	0	2	1	67.35491081107712	232999999999.99997
 6	1	1	2	1	 4	0	0	2	1	44.0594559051057	146000000000.0
 5	2	2	2	1	 4	1	1	2	1	69.25749550325544	489400000000.0
 6	2	2	2	1	 4	1	1	2	1	45.07280958897336	278800000000.0
 7	2	2	2	1	 4	1	1	2	1	37.18293758415736	178200000000.0
 7	1	1	2	1	2	0	0	2	1	6.650688936565584	606700000000.0
 8	1	1	2	1	2	0	0	2	1	6.51911879203109	405900000000.0
 9	1	1	2	1	2	0	0	2	1	6.4319205057874616	284600000000.0
10	1	1	2	1	2	0	0	2	1	6.370986542157894	207000000000.0
11	1	1	2	1	2	0	0	2	1	6.326652604484445	155100000000.0
12	1	1	2	1	2	0	0	2	1	6.293351601199357	119000000000.0
13	1	1	2	1	2	0	0	2	1	6.267681944320004	94030000000.0
14	1	1	2	1	2	0	0	2	1	6.247465862404058	74600000000.0
15	1	1	2	1	2	0	0	2	1	6.2312536433322165	58950000000.0
 5	0	0	2	1	 2	1	1	2	1	7.467240511489657	515200000000.0
 6	0	0	2	1	 2	1	1	2	1	7.053352742755504	291600000000.0
 7	0	0	2	1	 2	1	1	2	1	6.825850071623498	180700000000.0
 8	0	0	2	1	 2	1	1	2	1	6.686154349298906	119500000000.0
 8	2	2	2	1	 2	1	1	2	1	6.682836787223121	708200000000.0
 9	0	0	2	1	 2	1	1	2	1	6.593773209659173	82960000000.0
 9	2	2	2	1	 2	1	1	2	1	6.591510685717295	490100000000.0
10	0	0	2	1	 2	1	1	2	1	6.529318637235691	59790000000.0
10	2	2	2	1	 2	1	1	2	1	6.527703271720816	353300000000.0
11	0	0	2	1	 2	1	1	2	1	6.482478394999871	44360000000.0
11	2	2	2	1	 2	1	1	2	1	6.481283208169597	263100000000.0
12	0	0	2	1	 2	1	1	2	1	6.447327027454961	33650000000.0
12	2	2	2	1	 2	1	1	2	1	6.446417060816117	201100000000.0
13	0	0	2	1	 2	1	1	2	1	6.4202510301467	25750000000.0
13	2	2	2	1	 2	1	1	2	1	6.419541761356732	157300000000.0
14	0	0	2	1	 2	1	1	2	1	6.398940023968034	19830000000.0
14	2	2	2	1	 2	1	1	2	1	6.398376193664165	124700000000.0
15	0	0	2	1	 2	1	1	2	1	6.381858260519356	14520000000.0
15	2	2	2	1	 2	1	1	2	1	6.381402488207849	98970000000.0
 6	1	1	2	1	 3	0	0	2	1	18.48198438975411	310600000000.0
 7	1	1	2	1	 3	0	0	2	1	17.011140674093443	196600000000.0
 8	1	1	2	1	 3	0	0	2	1	16.176097348492714	132000000000.0
 9	1	1	2	1	 3	0	0	2	1	15.649647859923965	92750000000.0
10	1	1	2	1	 3	0	0	2	1	15.293745793093066	67590000000.0
11	1	1	2	1	 3	0	0	2	1	15.040735281054753	50740000000.0
12	1	1	2	1	 3	0	0	2	1	14.85387790262226	39010000000.0
13	1	1	2	1	 3	0	0	2	1	14.711667012768132	30840000000.0
14	1	1	2	1	 3	0	0	2	1	14.600769000110892	24590000000.0
15	1	1	2	1	 3	0	0	2	1	14.51252567319043	19700000000.0
 4	0	0	2	1	 3	1	1	2	1	32.73760658233091	737200000000.0
 5	0	0	2	1	 3	1	1	2	1	22.187040749192487	356800000000.0
 6	0	0	2	1	 3	1	1	2	1	18.89301170920364	198500000000.0
 7	0	0	2	1	 3	1	1	2	1	17.344556836326085	121800000000.0
 8	0	0	2	1	 3	1	1	2	1	16.47015538640044	80130000000.0
 8	2	2	2	1	 3	1	1	2	1	16.450039163561062	254900000000.0
 9	0	0	2	1	 3	1	1	2	1	15.920699593999982	55520000000.0
 9	2	2	2	1	 3	1	1	2	1	15.907515850956102	176800000000.0
10	0	0	2	1	 3	1	1	2	1	15.550064777654843	40030000000.0
10	2	2	2	1	 3	1	1	2	1	15.54090571420365	127700000000.0
11	0	0	2	1	 3	1	1	2	1	15.2869988352081	29780000000.0
11	2	2	2	1	 3	1	1	2	1	15.280353921156099	95260000000.0
12	0	0	2	1	 3	1	1	2	1	15.092947011770312	22710000000.0
12	2	2	2	1	 3	1	1	2	1	15.087961244769495	72940000000.0
13	0	0	2	1	 3	1	1	2	1	14.945398679330326	17580000000.0
13	2	2	2	1	 3	1	1	2	1	14.941555787698714	57170000000.0
14	0	0	2	1	 3	1	1	2	1	14.830423271927703	13830000000.0
14	2	2	2	1	 3	1	1	2	1	14.827395040877816	45470000000.0
15	0	0	2	1	 3	1	1	2	1	14.738991146881832	10770000000.0
15	2	2	2	1	 3	1	1	2	1	14.736560350779971	36480000000.0
 4	1	1	2	1	 3	2	2	2	1	32.72153601108244	127300000000.0
 4	3	3	2	1	 3	2	2	2	1	32.52691583198176	4579000000000.0
 5	1	1	2	1	 3	2	2	2	1	22.28540976982671	54570000000.0
 5	3	3	2	1	 3	2	2	2	1	22.239149347030025	1510000000000.0
 6	1	1	2	1	 3	2	2	2	1	18.997912187361536	28510000000.0
 6	3	3	2	1	 3	2	2	2	1	18.978470026626674	713600000000.0
 7	1	1	2	1	 3	2	2	2	1	17.447249483988898	16850000000.0
 7	3	3	2	1	 3	2	2	2	1	17.43693011241358	401400000000.0
 8	1	1	2	1	 3	2	2	2	1	16.569945939515662	10800000000.0
 8	3	3	2	1	 3	2	2	2	1	16.563713994512952	250600000000.0
 9	1	1	2	1	 3	2	2	2	1	16.017986209597087	7500000000.0
 9	3	3	2	1	 3	2	2	2	1	16.01389778462909	168500000000.0
10	1	1	2	1	 3	2	2	2	1	15.645333055558657	5350000000.0
10	3	3	2	1	 3	2	2	2	1	15.642490597162324	118800000000.0
11	1	1	2	1	 3	2	2	2	1	15.38065659450078	3960000000.0
11	3	3	2	1	 3	2	2	2	1	15.37859320279376	87110000000.0
12	1	1	2	1	 3	2	2	2	1	15.185312652296602	3016000000.0
12	3	3	2	1	 3	2	2	2	1	15.183763761439298	65890000000.0
13	1	1	2	1	 3	2	2	2	1	15.03671639718356	2368000000.0
13	3	3	2	1	 3	2	2	2	1	15.035523126985598	51110000000.0
14	1	1	2	1	 3	2	2	2	1	14.920883029888845	1886000000.0
14	3	3	2	1	 3	2	2	2	1	14.919942497164213	40470000000.0
15	1	1	2	1	 3	2	2	2	1	14.828740120222724	1528000000.0
15	3	3	2	1	 3	2	2	2	1	14.827985031823353	32620000000.0
 7	1	1	2	1	 4	0	0	2	1	36.7804851319949	90370000000.0
 8	1	1	2	1	 4	0	0	2	1	33.08745662922694	60880000000.0
 9	1	1	2	1	 4	0	0	2	1	30.957330703733238	42850000000.0
10	1	1	2	1	 4	0	0	2	1	29.594965874890313	31260000000.0
11	1	1	2	1	 4	0	0	2	1	28.661970441743325	23480000000.0
12	1	1	2	1	 4	0	0	2	1	27.990966196788765	18070000000.0
13	1	1	2	1	 4	0	0	2	1	27.490209170301522	14280000000.0
14	1	1	2	1	 4	0	0	2	1	27.10550954159268	11410000000.0
15	1	1	2	1	 4	0	0	2	1	26.802955193669195	9197000000.0
 5	0	0	2	1	 4	1	1	2	1	70.96312404771989	254800000000.0
 6	0	0	2	1	 4	1	1	2	1	45.55789087607668	139200000000.0
 7	0	0	2	1	 4	1	1	2	1	37.487657942698256	83890000000.0
 8	0	0	2	1	 4	1	1	2	1	33.62887291088843	54560000000.0
 8	2	2	2	1	 4	1	1	2	1	33.5451154683126	117400000000.0
 9	0	0	2	1	 4	1	1	2	1	31.41514475405938	37520000000.0
 9	2	2	2	1	 4	1	1	2	1	31.363853572909967	81650000000.0
10	0	0	2	1	 4	1	1	2	1	30.00400459502116	26930000000.0
10	2	2	2	1	 4	1	1	2	1	29.969923981511524	59080000000.0
11	0	0	2	1	 4	1	1	2	1	29.03977026269565	19980000000.0
11	2	2	2	1	 4	1	1	2	1	29.01580062570994	44100000000.0
12	0	0	2	1	 4	1	1	2	1	28.34741641844188	15230000000.0
12	2	2	2	1	 4	1	1	2	1	28.32983374618156	33810000000.0
13	0	0	2	1	 4	1	1	2	1	27.83135593769324	11810000000.0
13	2	2	2	1	 4	1	1	2	1	27.818032521685875	26520000000.0
14	0	0	2	1	 4	1	1	2	1	27.435271720317548	9334000000.0
14	2	2	2	1	 4	1	1	2	1	27.424910161829366	21140000000.0
15	0	0	2	1	 4	1	1	2	1	27.12399940125102	7394000000.0
15	2	2	2	1	 4	1	1	2	1	27.115768255614093	17030000000.0
 5	1	1	2	1	 4	2	2	2	1	70.73071584325328	68190000000.0
 5	3	3	2	1	 4	2	2	2	1	70.26681079519105	857800000000.0
 6	1	1	2	1	 4	2	2	2	1	45.655670730182536	33940000000.0
 6	3	3	2	1	 4	2	2	2	1	45.54354661474201	427500000000.0
 7	1	1	2	1	 4	2	2	2	1	37.62036773177572	19410000000.0
 7	3	3	2	1	 4	2	2	2	1	37.572422162197405	243900000000.0
 8	1	1	2	1	 4	2	2	2	1	33.76559112433636	12210000000.0
 8	3	3	2	1	 4	2	2	2	1	33.73972325427338	153300000000.0
 9	1	1	2	1	 4	2	2	2	1	31.550178794461058	8212000000.0
 9	3	3	2	1	 4	2	2	2	1	31.534321233982013	103000000000.0
10	1	1	2	1	 4	2	2	2	1	30.136325973533296	5786000000.0
10	3	3	2	1	 4	2	2	2	1	30.12578132701635	72780000000.0
11	1	1	2	1	 4	2	2	2	1	29.169442657090077	4317000000.0
11	3	3	2	1	 4	2	2	2	1	29.162022109375982	53630000000.0
12	1	1	2	1	 4	2	2	2	1	28.474755189501412	3263000000.0
12	3	3	2	1	 4	2	2	2	1	28.469309478720074	40570000000.0
13	1	1	2	1	 4	2	2	2	1	27.956698835482005	2547000000.0
13	3	3	2	1	 4	2	2	2	1	27.952574300977847	31480000000.0
14	1	1	2	1	 4	2	2	2	1	27.55892671999399	2020000000.0
14	3	3	2	1	 4	2	2	2	1	27.55571833650526	24930000000.0
15	1	1	2	1	 4	2	2	2	1	27.24622392439821	1633000000.0
15	3	3	2	1	 4	2	2	2	1	27.243674844694798	20100000000.0
 5	2	2	2	1	 4	3	3	2	1	70.34006536628253	16860000000.0
 5	4	4	2	1	 4	3	3	2	1	70.31320179871364	1412000000000.0
 6	2	2	2	1	 4	3	3	2	1	45.56994823337373	7169000000.0
 6	4	4	2	1	 4	3	3	2	1	45.56309391878963	455700000000.0
 7	2	2	2	1	 4	3	3	2	1	37.58877455746409	3757000000.0
 7	4	4	2	1	 4	3	3	2	1	37.585753235126354	214400000000.0
 8	2	2	2	1	 4	3	3	2	1	33.75214963794944	2242000000.0
 8	4	4	2	1	 4	3	3	2	1	33.7504896789341	120900000000.0
 9	2	2	2	1	 4	3	3	2	1	31.54476584396862	1460000000.0
 9	4	4	2	1	 4	3	3	2	1	31.543735423005238	75990000000.0
10	2	2	2	1	 4	3	3	2	1	30.135070396948638	1008000000.0
10	4	4	2	1	 4	3	3	2	1	30.134379134208704	51300000000.0
11	2	2	2	1	 4	3	3	2	1	29.170572058984266	725100000.0
11	4	4	2	1	 4	3	3	2	1	29.17008244396236	36470000000.0
12	2	2	2	1	 4	3	3	2	1	28.477355129782126	542300000.0
12	4	4	2	1	 4	3	3	2	1	28.476994056709263	26950000000.0
13	2	2	2	1	 4	3	3	2	1	27.96025848778905	417500000.0
13	4	4	2	1	 4	3	3	2	1	27.959984312994116	20540000000.0
14	2	2	2	1	 4	3	3	2	1	27.563134691497275	328400000.0
14	4	4	2	1	 4	3	3	2	1	27.56292078288291	16040000000.0
15	2	2	2	1	 4	3	3	2	1	27.250886454548464	263300000.0
15	4	4	2	1	 4	3	3	2	1	27.25071610098552	12780000000.0
 6	1	1	2	1	 5	0	0	2	1	125.2407061484089	74370000000.0
 7	1	1	2	1	 5	0	0	2	1	78.97093967927935	49840000000.0
 8	1	1	2	1	 5	0	0	2	1	63.70445824999361	33850000000.0
 9	1	1	2	1	 5	0	0	2	1	56.25220259100701	23870000000.0
10	1	1	2	1	 5	0	0	2	1	51.91006871807344	17420000000.0
11	1	1	2	1	 5	0	0	2	1	49.106286190687804	13090000000.0
12	1	1	2	1	 5	0	0	2	1	47.16899438252632	10070000000.0
13	1	1	2	1	 5	0	0	2	1	45.76419733812071	7954000000.0
14	1	1	2	1	 5	0	0	2	1	44.707876043750716	6360000000.0
15	1	1	2	1	 5	0	0	2	1	43.89069249766344	5143000000.0
 6	0	0	2	1	 5	1	1	2	1	130.91406242368404	104800000000.0
 6	2	2	2	1	 5	1	1	2	1	127.94844559572611	145900000000.0
 7	0	0	2	1	 5	1	1	2	1	80.88029696148854	62190000000.0
 7	2	2	2	1	 5	1	1	2	1	80.16000848136615	95300000000.0
 8	0	0	2	1	 5	1	1	2	1	64.83042504757749	39750000000.0
 8	2	2	2	1	 5	1	1	2	1	64.51985892261857	63780000000.0
 9	0	0	2	1	 5	1	1	2	1	57.07669623020122	27010000000.0
 9	2	2	2	1	 5	1	1	2	1	56.90761188294711	44540000000.0
10	0	0	2	1	 5	1	1	2	1	52.58345430820877	19230000000.0
10	2	2	2	1	 5	1	1	2	1	52.478867693021456	32280000000.0
11	0	0	2	1	 5	1	1	2	1	49.69181472643785	14190000000.0
11	2	2	2	1	 5	1	1	2	1	49.6216708177545	24140000000.0
12	0	0	2	1	 5	1	1	2	1	47.698345126461064	10780000000.0
12	2	2	2	1	 5	1	1	2	1	47.648585089738	18500000000.0
13	0	0	2	1	 5	1	1	2	1	46.25517866334424	8351000000.0
13	2	2	2	1	 5	1	1	2	1	46.21838864746191	14520000000.0
14	0	0	2	1	 5	1	1	2	1	45.17133365460111	6600000000.0
14	2	2	2	1	 5	1	1	2	1	45.14325176320523	11580000000.0
15	0	0	2	1	 5	1	1	2	1	44.33366160553902	5259000000.0
15	2	2	2	1	 5	1	1	2	1	44.31167610154013	9356000000.0
 6	1	1	2	1	 5	2	2	2	1	130.260151266737	34460000000.0
 6	3	3	2	1	 5	2	2	2	1	129.35157631702518	239900000000.0
 7	1	1	2	1	 5	2	2	2	1	80.93753918670335	18980000000.0
 7	3	3	2	1	 5	2	2	2	1	80.71594132545654	143800000000.0
 8	1	1	2	1	 5	2	2	2	1	64.97806462058159	11590000000.0
 8	3	3	2	1	 5	2	2	2	1	64.88233682624657	91460000000.0
 9	1	1	2	1	 5	2	2	2	1	57.24294354207381	7650000000.0
 9	3	3	2	1	 5	2	2	2	1	57.19076416120559	61780000000.0
10	1	1	2	1	 5	2	2	2	1	52.752615896166866	5335000000.0
10	3	3	2	1	 5	2	2	2	1	52.72031419525321	43760000000.0
11	1	1	2	1	 5	2	2	2	1	49.85961510427024	3872000000.0
11	3	3	2	1	 5	2	2	2	1	49.83793810395419	32160000000.0
12	1	1	2	1	 5	2	2	2	1	47.86363621017546	2942000000.0
12	3	3	2	1	 5	2	2	2	1	47.84825149709765	24440000000.0
13	1	1	2	1	 5	2	2	2	1	46.417792695319235	2280000000.0
13	3	3	2	1	 5	2	2	2	1	46.40642349742035	18970000000.0
14	1	1	2	1	 5	2	2	2	1	45.33144170874089	1800000000.0
14	3	3	2	1	 5	2	2	2	1	45.32276154073668	15030000000.0
15	1	1	2	1	 5	2	2	2	1	44.49151789171665	1450000000.0
15	3	3	2	1	 5	2	2	2	1	44.48472116981506	12120000000.0
 6	2	2	2	1	 5	3	3	2	1	129.49497698543357	13050000000.0
 6	4	4	2	1	 5	3	3	2	1	129.43964292757724	367000000000.0
 7	2	2	2	1	 5	3	3	2	1	80.76430209057061	6387000000.0
 7	4	4	2	1	 5	3	3	2	1	80.75035513165331	182000000000.0
 8	2	2	2	1	 5	3	3	2	1	64.91077271215912	3636000000.0
 8	4	4	2	1	 5	3	3	2	1	64.90463356094467	104100000000.0
 9	2	2	2	1	 5	3	3	2	1	57.21150758309055	2293000000.0
 9	4	4	2	1	 5	3	3	2	1	57.20811824173374	65750000000.0
10	2	2	2	1	 5	3	3	2	1	52.73719617662416	1551000000.0
10	4	4	2	1	 5	3	3	2	1	52.735079154831595	44520000000.0
11	2	2	2	1	 5	3	3	2	1	49.85257392212443	1105000000.0
11	4	4	2	1	 5	3	3	2	1	49.85114392604792	31700000000.0
12	2	2	2	1	 5	3	3	2	1	47.86145127364618	815300000.0
12	4	4	2	1	 5	3	3	2	1	47.86043135911822	23460000000.0
13	2	2	2	1	 5	3	3	2	1	46.41864118391858	622700000.0
13	4	4	2	1	 5	3	3	2	1	46.41788552258891	17890000000.0
14	2	2	2	1	 5	3	3	2	1	45.33427681824162	486700000.0
14	4	4	2	1	 5	3	3	2	1	45.333698159829346	13980000000.0
15	2	2	2	1	 5	3	3	2	1	44.49571395516426	388300000.0
15	4	4	2	1	 5	3	3	2	1	44.49525977873231	11140000000.0
 6	3	3	2	1	 5	4	4	2	1	129.44252004035374	3775000000.0
 6	5	5	2	1	 5	4	4	2	1	129.44132911595645	546000000000.0
 7	3	3	2	1	 5	4	4	2	1	80.75134375929088	1544000000.0
 7	5	5	2	1	 5	4	4	2	1	80.75101504864497	168900000000.0
 8	3	3	2	1	 5	4	4	2	1	64.90521019279673	792700000.0
 8	5	5	2	1	 5	4	4	2	1	64.90505692312551	77620000000.0
 9	3	3	2	1	 5	4	4	2	1	57.20853511642884	468100000.0
 9	5	5	2	1	 5	4	4	2	1	57.20844557937141	43230000000.0
10	5	5	2	1	 5	4	4	2	1	52.73535917626054	26980000000.0
11	5	5	2	1	 5	4	4	2	1	49.85139432702755	18160000000.0
12	5	5	2	1	 5	4	4	2	1	47.86066227513443	12900000000.0
13	5	5	2	1	 5	4	4	2	1	46.41810281188602	9541000000.0
14	5	5	2	1	 5	4	4	2	1	45.33390548052304	7281000000.0
15	5	5	2	1	 5	4	4	2	1	44.495459548972285	5698000000.0
 7	1	1	2	1	 6	0	0	2	1	208.13310556400324	29730000000.0
 8	1	1	2	1	 6	0	0	2	1	127.56370753706733	21070000000.0
 9	1	1	2	1	 6	0	0	2	1	100.81851075392838	14950000000.0
10	1	1	2	1	 6	0	0	2	1	87.6745593991391	10920000000.0
11	1	1	2	1	 6	0	0	2	1	79.96338714423766	8199000000.0
12	1	1	2	1	 6	0	0	2	1	74.95072586274912	6307000000.0
13	1	1	2	1	 6	0	0	2	1	71.46494543258532	4974000000.0
14	1	1	2	1	 6	0	0	2	1	68.92199975215145	3977000000.0
15	1	1	2	1	 6	0	0	2	1	66.9989565060267	3221000000.0
 7	0	0	2	1	 6	1	1	2	1	217.43877849338094	49090000000.0
 7	2	2	2	1	 6	1	1	2	1	212.31000594308978	55080000000.0
 8	0	0	2	1	 6	1	1	2	1	130.54998213517425	30940000000.0
 8	2	2	2	1	 6	1	1	2	1	129.29670796413126	38540000000.0
 9	0	0	2	1	 6	1	1	2	1	102.50806182879649	20680000000.0
 9	2	2	2	1	 6	1	1	2	1	101.9639615603311	27160000000.0
10	0	0	2	1	 6	1	1	2	1	88.86966212838313	14550000000.0
10	2	2	2	1	 6	1	1	2	1	88.57133738826327	19740000000.0
11	0	0	2	1	 6	1	1	2	1	80.91214745656215	10650000000.0
11	2	2	2	1	 6	1	1	2	1	80.72634018181374	14770000000.0
12	0	0	2	1	 6	1	1	2	1	75.75681270735708	8039000000.0
12	2	2	2	1	 6	1	1	2	1	75.63136838086476	11330000000.0
13	0	0	2	1	 6	1	1	2	1	72.18003824665765	6208000000.0
13	2	2	2	1	 6	1	1	2	1	72.0904914805152	8886000000.0
14	0	0	2	1	 6	1	1	2	1	69.57499927664865	4896000000.0
14	2	2	2	1	 6	1	1	2	1	69.50840128791671	7090000000.0
15	0	0	2	1	 6	1	1	2	1	67.60745150754161	3907000000.0
15	2	2	2	1	 6	1	1	2	1	67.55633686780504	5735000000.0
 7	1	1	2	1	 6	2	2	2	1	216.09620288796503	18240000000.0
 7	3	3	2	1	 6	2	2	2	1	214.52374595317585	86020000000.0
 8	1	1	2	1	 6	2	2	2	1	130.51131065826388	10820000000.0
 8	3	3	2	1	 6	2	2	2	1	130.1256938046467	57270000000.0
 9	1	1	2	1	 6	2	2	2	1	102.65080991048688	6949000000.0
 9	3	3	2	1	 6	2	2	2	1	102.48313586202337	39100000000.0
10	1	1	2	1	 6	2	2	2	1	89.05696409920965	4760000000.0
10	3	3	2	1	 6	2	2	2	1	88.9649424124462	27800000000.0
11	1	1	2	1	 6	2	2	2	1	81.11172194555164	3418000000.0
11	3	3	2	1	 6	2	2	2	1	81.05436972330926	20470000000.0
12	1	1	2	1	 6	2	2	2	1	75.95869459218565	2542000000.0
12	3	3	2	1	 6	2	2	2	1	75.91995535395195	15520000000.0
13	1	1	2	1	 6	2	2	2	1	72.38076508620945	1973000000.0
13	3	3	2	1	 6	2	2	2	1	72.35312447118403	12090000000.0
14	1	1	2	1	 6	2	2	2	1	69.77341529651392	1548000000.0
14	3	3	2	1	 6	2	2	2	1	69.75285335142242	9575000000.0
15	1	1	2	1	 6	2	2	2	1	67.8032457228053	1241000000.0
15	3	3	2	1	 6	2	2	2	1	67.78746193394929	7720000000.0
 7	2	2	2	1	 6	3	3	2	1	214.76878255143046	8427000000.0
 7	4	4	2	1	 6	3	3	2	1	214.67018672640393	124900000000.0
 8	2	2	2	1	 6	3	3	2	1	130.20450957389087	4547000000.0
 8	4	4	2	1	 6	3	3	2	1	130.17981022473572	75100000000.0
 9	2	2	2	1	 6	3	3	2	1	102.52768397390604	2754000000.0
 9	4	4	2	1	 6	3	3	2	1	102.5167994248171	48050000000.0
10	2	2	2	1	 6	3	3	2	1	88.99639035293765	1814000000.0
10	4	4	2	1	 6	3	3	2	1	88.99036164764956	32690000000.0
11	2	2	2	1	 6	3	3	2	1	81.0792815871746	1268000000.0
11	4	4	2	1	 6	3	3	2	1	81.07549915059982	23330000000.0
12	2	2	2	1	 6	3	3	2	1	75.94107905740348	926100000.0
12	4	4	2	1	 6	3	3	2	1	75.93851138183123	17290000000.0
13	2	2	2	1	 6	3	3	2	1	72.3718272673481	698200000.0
13	4	4	2	1	 6	3	3	2	1	72.36999040135105	13190000000.0
14	2	2	2	1	 6	3	3	2	1	69.7699080391082	541600000.0
14	4	4	2	1	 6	3	3	2	1	69.76853746602036	10310000000.0
15	2	2	2	1	 6	3	3	2	1	67.80333553330583	429600000.0
15	4	4	2	1	 6	3	3	2	1	67.80228093266426	8227000000.0
 7	3	3	2	1	 6	4	4	2	1	214.6757764466115	3686000000.0
 7	5	5	2	1	 6	4	4	2	1	214.6734532957856	176700000000.0
 8	3	3	2	1	 6	4	4	2	1	130.18161610240824	1739000000.0
 8	5	5	2	1	 6	4	4	2	1	130.180999513951	85570000000.0
 9	3	3	2	1	 6	4	4	2	1	102.51781945307343	970200000.0
 9	5	5	2	1	 6	4	4	2	1	102.51753192560216	48310000000.0
10	3	3	2	1	 6	4	4	2	1	88.9910783246181	605200000.0
10	5	5	2	1	 6	4	4	2	1	88.990918930652	30320000000.0
11	3	3	2	1	 6	4	4	2	1	81.07606381042173	406900000.0
11	5	5	2	1	 6	4	4	2	1	81.0759621594022	20470000000.0
12	3	3	2	1	 6	4	4	2	1	75.9389877312489	288800000.0
12	5	5	2	1	 6	4	4	2	1	75.93891786421804	14560000000.0
13	3	3	2	1	 6	4	4	2	1	72.3704103162491	213500000.0
13	5	5	2	1	 6	4	4	2	1	72.37035978111523	10780000000.0
14	3	3	2	1	 6	4	4	2	1	69.76891892599124	162800000.0
14	5	5	2	1	 6	4	4	2	1	69.76888091724783	8235000000.0
15	3	3	2	1	 6	4	4	2	1	67.80263482136586	127300000.0
15	5	5	2	1	 6	4	4	2	1	67.80260540793789	6447000000.0
 7	6	6	2	1	 6	5	5	2	1	214.67348495898264	245900000000.0
 7	4	4	2	1	 6	5	5	2	1	214.67346227739097	1113000000.0
 8	4	4	2	1	 6	5	5	2	1	130.18101477674378	433400000.0
 8	6	6	2	1	 6	5	5	2	1	130.18099258646208	72220000000.0
 9	6	6	2	1	 6	5	5	2	1	102.51754195143212	32110000000.0
10	6	6	2	1	 6	5	5	2	1	88.99092050276697	17490000000.0
11	6	6	2	1	 6	5	5	2	1	81.07596454630817	10760000000.0
12	6	6	2	1	 6	5	5	2	1	75.93891997215559	7170000000.0
13	6	6	2	1	 6	5	5	2	1	72.37036170708842	5059000000.0
14	6	6	2	1	 6	5	5	2	1	69.76888273341893	3725000000.0
15	6	6	2	1	 6	5	5	2	1	67.80260711864193	2834000000.0
 8	1	1	2	1	 7	0	0	2	1	321.1439500095671	13690000000.0
 9	1	1	2	1	 7	0	0	2	1	192.5498015912928	10110000000.0
10	1	1	2	1	 7	0	0	2	1	149.69017026621313	7421000000.0
11	1	1	2	1	 7	0	0	2	1	128.52856656276404	5571000000.0
12	1	1	2	1	 7	0	0	2	1	116.05307542787828	4281000000.0
13	1	1	2	1	 7	0	0	2	1	107.90370378675377	3370000000.0
14	1	1	2	1	 7	0	0	2	1	102.20973898290066	2693000000.0
15	1	1	2	1	 7	0	0	2	1	98.03677682874802	2181000000.0
 8	0	0	2	1	 7	1	1	2	1	335.38589884296357	25360000000.0
 8	2	2	2	1	 7	1	1	2	1	327.23718161064414	24300000000.0
 9	0	0	2	1	 7	1	1	2	1	196.9640442307481	16740000000.0
 9	2	2	2	1	 7	1	1	2	1	194.96502086254472	17840000000.0
10	0	0	2	1	 7	1	1	2	1	152.11040077288104	11580000000.0
10	2	2	2	1	 7	1	1	2	1	151.23850648967965	13060000000.0
11	0	0	2	1	 7	1	1	2	1	130.19439571314606	8380000000.0
11	2	2	2	1	 7	1	1	2	1	129.7139848563244	9791000000.0
12	0	0	2	1	 7	1	1	2	1	117.34511670052251	6275000000.0
12	2	2	2	1	 7	1	1	2	1	117.04441002472207	7514000000.0
13	0	0	2	1	 7	1	1	2	1	108.98013283338142	4820000000.0
13	2	2	2	1	 7	1	1	2	1	108.77613021123848	5894000000.0
14	0	0	2	1	 7	1	1	2	1	103.1489577286451	3787000000.0
14	2	2	2	1	 7	1	1	2	1	103.00264442312654	4703000000.0
15	0	0	2	1	 7	1	1	2	1	98.88255326316184	3018000000.0
15	2	2	2	1	 7	1	1	2	1	98.77324735162122	3807000000.0
 8	1	1	2	1	 7	2	2	2	1	333.02578687387495	10230000000.0
 8	3	3	2	1	 7	2	2	2	1	330.5264266775048	36500000000.0
 9	1	1	2	1	 7	2	2	2	1	196.75884413440048	6415000000.0
 9	3	3	2	1	 7	2	2	2	1	196.14372428134553	26000000000.0
10	1	1	2	1	 7	2	2	2	1	152.22165729065898	4289000000.0
10	3	3	2	1	 7	2	2	2	1	151.9530058691039	18660000000.0
11	1	1	2	1	 7	2	2	2	1	130.3904453764853	3028000000.0
11	3	3	2	1	 7	2	2	2	1	130.24230002736107	13780000000.0
12	1	1	2	1	 7	2	2	2	1	117.56892172182478	2229000000.0
12	3	3	2	1	 7	2	2	2	1	117.47614055171023	10460000000.0
13	1	1	2	1	 7	2	2	2	1	109.21293517461336	1699000000.0
13	3	3	2	1	 7	2	2	2	1	109.15001859049787	8128000000.0
14	1	1	2	1	 7	2	2	2	1	103.38369084543288	1325000000.0
14	3	3	2	1	 7	2	2	2	1	103.33855447317848	6443000000.0
15	1	1	2	1	 7	2	2	2	1	99.11632039294123	1054000000.0
15	3	3	2	1	 7	2	2	2	1	99.0825952383275	5193000000.0
 8	2	2	2	1	 7	3	3	2	1	330.910250865169	5318000000.0
 8	4	4	2	1	 7	3	3	2	1	330.75076326427194	50990000000.0
 9	2	2	2	1	 7	3	3	2	1	196.26295088242597	3085000000.0
 9	4	4	2	1	 7	3	3	2	1	196.22307019394563	34200000000.0
10	2	2	2	1	 7	3	3	2	1	152.0183629674546	1961000000.0
10	4	4	2	1	 7	3	3	2	1	152.0007735871202	23530000000.0
11	2	2	2	1	 7	3	3	2	1	130.2872359928614	1337000000.0
11	4	4	2	1	 7	3	3	2	1	130.27746939477728	16870000000.0
12	2	2	2	1	 7	3	3	2	1	117.5109461222868	959800000.0
12	4	4	2	1	 7	3	3	2	1	117.50479810287948	12520000000.0
13	2	2	2	1	 7	3	3	2	1	109.17896673233959	717000000.0
13	4	4	2	1	 7	3	3	2	1	109.17478640055171	9564000000.0
14	2	2	2	1	 7	3	3	2	1	103.36378228275102	551100000.0
14	4	4	2	1	 7	3	3	2	1	103.36077413906874	7482000000.0
15	2	2	2	1	 7	3	3	2	1	99.10528888940763	434200000.0
15	4	4	2	1	 7	3	3	2	1	99.10303581020888	5970000000.0
 8	5	5	2	1	 7	6	6	2	1	330.75618743595965	395000000.0
 8	7	7	2	1	 7	6	6	2	1	330.756184734782	123600000000.0
 9	7	7	2	1	 7	6	6	2	1	196.22495597544278	34360000000.0
10	7	7	2	1	 7	6	6	2	1	152.0019232004934	14700000000.0
11	7	7	2	1	 7	6	6	2	1	130.27831392766657	7792000000.0
12	7	7	2	1	 7	6	6	2	1	117.50548671890742	4697000000.0
13	7	7	2	1	 7	6	6	2	1	109.17538135005752	3084000000.0
14	7	7	2	1	 7	6	6	2	1	103.36130780254159	2152000000.0
15	7	7	2	1	 7	6	6	2	1	99.10352664016543	1571000000.0
 8	4	4	2	1	 7	5	5	2	1	330.7562780033949	1280000000.0
 8	6	6	2	1	 7	5	5	2	1	330.75613475703693	93150000000.0
 9	4	4	2	1	 7	5	5	2	1	196.2250111712203	577900000.0
 9	6	6	2	1	 7	5	5	2	1	196.22499473882175	43640000000.0
10	4	4	2	1	 7	5	5	2	1	152.00193827872684	313700000.0
10	6	6	2	1	 7	5	5	2	1	152.00192650923591	24100000000.0
11	4	4	2	1	 7	5	5	2	1	130.27832496862592	192100000.0
11	6	6	2	1	 7	5	5	2	1	130.27832027323788	14900000000.0
12	4	4	2	1	 7	5	5	2	1	117.50549413582279	127600000.0
12	6	6	2	1	 7	5	5	2	1	117.50549103874877	9961000000.0
13	4	4	2	1	 7	5	5	2	1	109.17538724646758	89770000.0
13	6	6	2	1	 7	5	5	2	1	109.17538506081958	7039000000.0
14	6	6	2	1	 7	5	5	2	1	103.36131112156397	5188000000.0
15	6	6	2	1	 7	5	5	2	1	99.10352968922228	3950000000.0
 8	3	3	2	1	 7	4	4	2	1	330.7602216128095	2812000000.0
 8	5	5	2	1	 7	4	4	2	1	330.75624127939807	69440000000.0
 9	3	3	2	1	 7	4	4	2	1	196.2260331586025	1465000000.0
 9	5	5	2	1	 7	4	4	2	1	196.22497975994665	41230000000.0
10	3	3	2	1	 7	4	4	2	1	152.0024000032414	870100000.0
10	5	5	2	1	 7	4	4	2	1	152.00193497505404	26210000000.0
11	3	3	2	1	 7	4	4	2	1	130.27858616386084	566500000.0
11	5	5	2	1	 7	4	4	2	1	130.27832369839405	17780000000.0
12	3	3	2	1	 7	4	4	2	1	117.50566107804327	393200000.0
12	5	5	2	1	 7	4	4	2	1	117.50549379187193	12680000000.0
13	3	3	2	1	 7	4	4	2	1	109.17550241756435	286000000.0
13	5	5	2	1	 7	4	4	2	1	109.17538741127406	9404000000.0
14	3	3	2	1	 7	4	4	2	1	103.36139659203874	215500000.0
14	5	5	2	1	 7	4	4	2	1	103.3613131708934	7188000000.0
15	3	3	2	1	 7	4	4	2	1	99.10359442217614	167000000.0
15	5	5	2	1	 7	4	4	2	1	99.10353158289246	5631000000.0
 9	1	1	2	1	 8	0	0	2	1	468.9209084406861	6996000000.0
10	1	1	2	1	 8	0	0	2	1	276.2767069035773	5332000000.0
11	1	1	2	1	 8	0	0	2	1	211.8883911846793	4018000000.0
12	1	1	2	1	 8	0	0	2	1	179.99074277426655	3085000000.0
13	1	1	2	1	 8	0	0	2	1	161.1183762153484	2423000000.0
14	1	1	2	1	 8	0	0	2	1	148.74538450329482	1934000000.0
15	1	1	2	1	 8	0	0	2	1	140.0688141451559	1566000000.0
 9	0	0	2	1	 8	1	1	2	1	489.6041826026967	14140000000.0
 9	2	2	2	1	 8	1	1	2	1	477.43576007697465	12000000000.0
10	0	0	2	1	 8	1	1	2	1	282.5202058990092	9676000000.0
10	2	2	2	1	 8	1	1	2	1	279.5271416654334	9135000000.0
11	0	0	2	1	 8	1	1	2	1	215.22874243865022	6889000000.0
11	2	2	2	1	 8	1	1	2	1	213.91900764319038	6887000000.0
12	0	0	2	1	 8	1	1	2	1	182.2400216794854	5099000000.0
12	2	2	2	1	 8	1	1	2	1	181.5157766750334	5290000000.0
13	0	0	2	1	 8	1	1	2	1	162.82980375244492	3886000000.0
13	2	2	2	1	 8	1	1	2	1	162.37480797916234	4147000000.0
14	0	0	2	1	 8	1	1	2	1	150.14756030794547	3036000000.0
14	2	2	2	1	 8	1	1	2	1	149.8377398462377	3308000000.0
15	0	0	2	1	 8	1	1	2	1	141.27476653410005	2412000000.0
15	2	2	2	1	 8	1	1	2	1	141.0517547880624	2675000000.0
 9	1	1	2	1	 8	2	2	2	1	485.8358685458323	6052000000.0
 9	3	3	2	1	 8	2	2	2	1	482.10267777916863	17490000000.0
10	1	1	2	1	 8	2	2	2	1	282.0626159908775	3964000000.0
10	3	3	2	1	 8	2	2	2	1	281.14158547290384	13060000000.0
11	1	1	2	1	 8	2	2	2	1	215.2751389022132	2736000000.0
11	3	3	2	1	 8	2	2	2	1	214.8716206966136	9722000000.0
12	1	1	2	1	 8	2	2	2	1	182.42869462947763	1981000000.0
12	3	3	2	1	 8	2	2	2	1	182.20540320607154	7394000000.0
13	1	1	2	1	 8	2	2	2	1	163.06911262240277	1492000000.0
13	3	3	2	1	 8	2	2	2	1	162.9288838820525	5749000000.0
14	1	1	2	1	 8	2	2	2	1	150.40646936614047	1153000000.0
14	3	3	2	1	 8	2	2	2	1	150.31095484863414	4557000000.0
15	1	1	2	1	 8	2	2	2	1	141.54080433709348	918800000.0
15	3	3	2	1	 8	2	2	2	1	141.47203993356945	3682000000.0
 9	2	2	2	1	 8	3	3	2	1	482.6682508940238	3404000000.0
 9	4	4	2	1	 8	3	3	2	1	482.42711897530165	23700000000.0
10	2	2	2	1	 8	3	3	2	1	281.3126341170769	2088000000.0
10	4	4	2	1	 8	3	3	2	1	281.2524067088088	17060000000.0
11	2	2	2	1	 8	3	3	2	1	214.9631463193775	1379000000.0
11	4	4	2	1	 8	3	3	2	1	214.93656072118625	12350000000.0
12	2	2	2	1	 8	3	3	2	1	182.2669967992961	968100000.0
12	4	4	2	1	 8	3	3	2	1	182.25220632372304	9197000000.0
13	2	2	2	1	 8	3	3	2	1	162.97568592682848	711300000.0
13	4	4	2	1	 8	3	3	2	1	162.96637119760635	7036000000.0
14	2	2	2	1	 8	3	3	2	1	150.34926538507983	540400000.0
14	4	4	2	1	 8	3	3	2	1	150.34290096750001	5508000000.0
15	2	2	2	1	 8	3	3	2	1	141.50496006100164	420900000.0
15	4	4	2	1	 8	3	3	2	1	141.50036679182827	4396000000.0
 9	3	3	2	1	 8	4	4	2	1	482.4416000769994	2012000000.0
 9	5	5	2	1	 8	4	4	2	1	482.43523262603935	31340000000.0
10	3	3	2	1	 8	4	4	2	1	281.2568097481882	1129000000.0
10	5	5	2	1	 8	4	4	2	1	281.2552176004999	20910000000.0
11	3	3	2	1	 8	4	4	2	1	214.93891990735275	704100000.0
11	5	5	2	1	 8	4	4	2	1	214.9382054839829	14360000000.0
12	3	3	2	1	 8	4	4	2	1	182.25379298926768	474600000.0
12	5	5	2	1	 8	4	4	2	1	182.25339055470596	10290000000.0
13	3	3	2	1	 8	4	4	2	1	162.96757534365125	338200000.0
13	5	5	2	1	 8	4	4	2	1	162.96731908804279	7642000000.0
14	3	3	2	1	 8	4	4	2	1	150.34388488809702	251100000.0
14	5	5	2	1	 8	4	4	2	1	150.34370839375484	5848000000.0
15	3	3	2	1	 8	4	4	2	1	141.50121061810145	192400000.0
15	5	5	2	1	 8	4	4	2	1	141.50108251117658	4584000000.0
 9	4	4	2	1	 8	5	5	2	1	482.43558674775255	1104000000.0
 9	6	6	2	1	 8	5	5	2	1	482.4354874199441	40860000000.0
10	4	4	2	1	 8	5	5	2	1	281.25528473716724	553000000.0
10	6	6	2	1	 8	5	5	2	1	281.2552444412746	23750000000.0
11	4	4	2	1	 8	5	5	2	1	214.93824154470687	320200000.0
11	6	6	2	1	 8	5	5	2	1	214.93822876401012	14880000000.0
12	4	4	2	1	 8	5	5	2	1	182.25341482356737	205000000.0
12	6	6	2	1	 8	5	5	2	1	182.25340737304745	9993000000.0
13	4	4	2	1	 8	5	5	2	1	162.96733746359962	140600000.0
13	6	6	2	1	 8	5	5	2	1	162.96733259356697	7080000000.0
14	4	4	2	1	 8	5	5	2	1	150.34372333579313	101400000.0
14	6	6	2	1	 8	5	5	2	1	150.34372000955238	5225000000.0
15	4	4	2	1	 8	5	5	2	1	141.5010952682455	75990000.0
15	6	6	2	1	 8	5	5	2	1	141.5010927809908	3982000000.0
 9	6	6	2	1	 8	7	7	2	1	482.43549316660665	160500000.0
 9	8	8	2	1	 8	7	7	2	1	482.4354916852485	67580000000.0
10	8	8	2	1	 8	7	7	2	1	281.25523760087106	17760000000.0
11	8	8	2	1	 8	7	7	2	1	214.93822968669488	7292000000.0
12	8	8	2	1	 8	7	7	2	1	182.25340718350466	3748000000.0
13	8	8	2	1	 8	7	7	2	1	162.96733308319372	2206000000.0
14	8	8	2	1	 8	7	7	2	1	150.343720438665	1423000000.0
15	8	8	2	1	 8	7	7	2	1	141.50109315891285	978500000.0
 9	5	5	2	1	 8	6	6	2	1	482.4355373775684	512800000.0
 9	7	7	2	1	 8	6	6	2	1	482.4355081590022	52740000000.0
10	5	5	2	1	 8	6	6	2	1	281.2553211788337	220900000.0
10	7	7	2	1	 8	6	6	2	1	281.2553197986002	23770000000.0
11	5	5	2	1	 8	6	6	2	1	214.93826597556514	116100000.0
11	7	7	2	1	 8	6	6	2	1	214.93826211752702	12770000000.0
12	7	7	2	1	 8	6	6	2	1	182.25343338061387	7743000000.0
13	7	7	2	1	 8	6	6	2	1	162.9673534289175	5098000000.0
14	7	7	2	1	 8	6	6	2	1	150.34373775694775	3563000000.0
15	7	7	2	1	 8	6	6	2	1	141.50110850650987	2604000000.0
10	1	1	2	1	 9	0	0	2	1	656.1116841519997	3869000000.0
11	1	1	2	1	 9	0	0	2	1	381.0922002749851	3024000000.0
12	1	1	2	1	 9	0	0	2	1	288.982890960877	2328000000.0
13	1	1	2	1	 9	0	0	2	1	243.2387024979512	1825000000.0
14	1	1	2	1	 9	0	0	2	1	216.1008598467259	1454000000.0
15	1	1	2	1	 9	0	0	2	1	198.25853168927438	1176000000.0
10	0	0	2	1	 9	1	1	2	1	684.942461090391	8372000000.0
10	2	2	2	1	 9	1	1	2	1	667.6115859107118	6461000000.0
11	0	0	2	1	 9	1	1	2	1	389.61650160470583	5901000000.0
11	2	2	2	1	 9	1	1	2	1	385.3455814913631	5054000000.0
12	0	0	2	1	 9	1	1	2	1	293.4551554575763	4301000000.0
12	2	2	2	1	 9	1	1	2	1	291.58175997652836	3900000000.0
13	0	0	2	1	 9	1	1	2	1	246.1969555191759	3242000000.0
13	2	2	2	1	 9	1	1	2	1	245.1582700916552	3058000000.0
14	0	0	2	1	 9	1	1	2	1	218.31574403374384	2512000000.0
14	2	2	2	1	 9	1	1	2	1	217.6613535346943	2437000000.0
15	0	0	2	1	 9	1	1	2	1	200.04754279746206	1985000000.0
15	2	2	2	1	 9	1	1	2	1	199.60067416451002	1972000000.0
10	1	1	2	1	 9	2	2	2	1	679.3135143363855	3749000000.0
10	3	3	2	1	 9	2	2	2	1	673.9957290192658	9187000000.0
11	1	1	2	1	 9	2	2	2	1	388.8054360346166	2544000000.0
11	3	3	2	1	 9	2	2	2	1	387.4911668320224	7102000000.0
12	1	1	2	1	 9	2	2	2	1	293.39657653064927	1803000000.0
12	3	3	2	1	 9	2	2	2	1	292.81944792672203	5437000000.0
13	1	1	2	1	 9	2	2	2	1	246.3581219808741	1336000000.0
13	3	3	2	1	 9	2	2	2	1	246.03820545276426	4233000000.0
14	1	1	2	1	 9	2	2	2	1	218.55953109495036	1022000000.0
14	3	3	2	1	 9	2	2	2	1	218.35790306766236	3356000000.0
15	1	1	2	1	 9	2	2	2	1	200.32602193763657	802400000.0
15	3	3	2	1	 9	2	2	2	1	200.18830496274845	2705000000.0
10	2	2	2	1	 9	3	3	2	1	674.7919225267289	2232000000.0
10	4	4	2	1	 9	3	3	2	1	674.4454846112487	12150000000.0
11	2	2	2	1	 9	3	3	2	1	387.7269545823433	1431000000.0
11	4	4	2	1	 9	3	3	2	1	387.6404722807238	9177000000.0
12	2	2	2	1	 9	3	3	2	1	292.9431884252724	975700000.0
12	4	4	2	1	 9	3	3	2	1	292.90498419340247	6897000000.0
13	2	2	2	1	 9	3	3	2	1	246.11998087387047	702100000.0
13	4	4	2	1	 9	3	3	2	1	246.09873837118676	5291000000.0
14	2	2	2	1	 9	3	3	2	1	218.41909839607854	525600000.0
14	4	4	2	1	 9	3	3	2	1	218.40566675918578	4146000000.0
15	2	2	2	1	 9	3	3	2	1	200.23770275194406	406000000.0
15	4	4	2	1	 9	3	3	2	1	200.2285053656485	3310000000.0
10	3	3	2	1	 9	4	4	2	1	674.4664805835669	1422000000.0
10	5	5	2	1	 9	4	4	2	1	674.457324820127	15690000000.0
11	3	3	2	1	 9	4	4	2	1	387.64671760515836	845000000.0
11	5	5	2	1	 9	4	4	2	1	387.64439381670104	11280000000.0
12	3	3	2	1	 9	4	4	2	1	292.9082669111165	547800000.0
12	5	5	2	1	 9	4	4	2	1	292.9072274582606	8172000000.0
13	3	3	2	1	 9	4	4	2	1	246.10090869882333	380100000.0
13	5	5	2	1	 9	4	4	2	1	246.10032431651814	6095000000.0
14	3	3	2	1	 9	4	4	2	1	218.40728980101395	276900000.0
14	5	5	2	1	 9	4	4	2	1	218.40691732931475	4672000000.0
15	3	3	2	1	 9	4	4	2	1	200.22981390840584	209300000.0
15	5	5	2	1	 9	4	4	2	1	200.22955739526427	3666000000.0
10	5	5	2	1	 9	6	6	2	1	674.4575189540128	486600000.0
10	7	7	2	1	 9	6	6	2	1	674.4575110169419	25240000000.0
11	5	5	2	1	 9	6	6	2	1	387.64445794642313	233600000.0
11	7	7	2	1	 9	6	6	2	1	387.6444453975079	14270000000.0
12	5	5	2	1	 9	6	6	2	1	292.90726407270944	131400000.0
12	7	7	2	1	 9	6	6	2	1	292.9072623497871	8763000000.0
13	5	5	2	1	 9	6	6	2	1	246.10035016390773	82410000.0
13	7	7	2	1	 9	6	6	2	1	246.1003491736119	5800000000.0
14	5	5	2	1	 9	6	6	2	1	218.40693768684503	55680000.0
14	7	7	2	1	 9	6	6	2	1	218.40693719478858	4064000000.0
15	5	5	2	1	 9	6	6	2	1	200.229574505212	39700000.0
15	7	7	2	1	 9	6	6	2	1	200.22957406085382	2974000000.0
10	7	7	2	1	 9	8	8	2	1	674.4575139122232	72310000.0
10	9	9	2	1	 9	8	8	2	1	674.4575131135234	39430000000.0
11	9	9	2	1	 9	8	8	2	1	387.644455621327	9803000000.0
12	9	9	2	1	 9	8	8	2	1	292.9072628676025	3859000000.0
13	9	9	2	1	 9	8	8	2	1	246.10034854886155	1919000000.0
14	9	9	2	1	 9	8	8	2	1	218.40693729424638	1101000000.0
15	9	9	2	1	 9	8	8	2	1	200.22957415764498	695600000.0
10	4	4	2	1	 9	5	5	2	1	674.4579292862355	870600000.0
10	6	6	2	1	 9	5	5	2	1	674.45769756329	19990000000.0
11	4	4	2	1	 9	5	5	2	1	387.6445832542145	470900000.0
11	6	6	2	1	 9	5	5	2	1	387.6445416828226	13160000000.0
12	4	4	2	1	 9	5	5	2	1	292.9073313326007	286800000.0
12	6	6	2	1	 9	5	5	2	1	292.90731208858483	8946000000.0
13	4	4	2	1	 9	5	5	2	1	246.1003952988207	190300000.0
13	6	6	2	1	 9	5	5	2	1	246.10038419288009	6368000000.0
14	4	4	2	1	 9	5	5	2	1	218.40697176438601	134100000.0
14	6	6	2	1	 9	5	5	2	1	218.40696474472617	4711000000.0
15	4	4	2	1	 9	5	5	2	1	200.22960218734448	98740000.0
15	6	6	2	1	 9	5	5	2	1	200.22959720702477	3595000000.0
10	6	6	2	1	 9	7	7	2	1	674.4577546703514	228900000.0
10	8	8	2	1	 9	7	7	2	1	674.4577041026434	31630000000.0
11	6	6	2	1	 9	7	7	2	1	387.64456054742743	93960000.0
11	8	8	2	1	 9	7	7	2	1	387.6445598383547	13680000000.0
12	8	8	2	1	 9	7	7	2	1	292.9073202512854	7128000000.0
13	8	8	2	1	 9	7	7	2	1	246.10039141739097	4220000000.0
14	8	8	2	1	 9	7	7	2	1	218.40697046095892	2728000000.0
15	8	8	2	1	 9	7	7	2	1	200.22960200696173	1880000000.0
11	1	1	2	1	10	0	0	2	1	887.3639775748555	2278000000.0
12	1	1	2	1	10	0	0	2	1	509.3442141998449	1817000000.0
13	1	1	2	1	10	0	0	2	1	382.5431442446045	1426000000.0
14	1	1	2	1	10	0	0	2	1	319.4515417182002	1134000000.0
15	1	1	2	1	10	0	0	2	1	281.94305582836535	915400000.0
11	0	0	2	1	10	1	1	2	1	926.2495809263876	5209000000.0
11	2	2	2	1	10	1	1	2	1	902.4705162052383	3720000000.0
12	0	0	2	1	10	1	1	2	1	520.6511298246174	3762000000.0
12	2	2	2	1	10	1	1	2	1	514.7830177707723	2974000000.0
13	0	0	2	1	10	1	1	2	1	388.38196224903345	2794000000.0
13	2	2	2	1	10	1	1	2	1	385.80338646748373	2340000000.0
14	0	0	2	1	10	1	1	2	1	323.2565742254496	2141000000.0
14	2	2	2	1	10	1	1	2	1	321.8239367329787	1864000000.0
15	0	0	2	1	10	1	1	2	1	284.7536140398011	1679000000.0
15	2	2	2	1	10	1	1	2	1	283.8490458116291	1507000000.0
11	1	1	2	1	10	2	2	2	1	918.245826736909	2416000000.0
11	3	3	2	1	10	2	2	2	1	910.9488468431133	5185000000.0
12	1	1	2	1	10	2	2	2	1	519.3702908420008	1687000000.0
12	3	3	2	1	10	2	2	2	1	517.5645340700516	4115000000.0
13	1	1	2	1	10	2	2	2	1	388.17104064947034	1225000000.0
13	3	3	2	1	10	2	2	2	1	387.3773986313392	3221000000.0
14	1	1	2	1	10	2	2	2	1	323.3666406688312	923100000.0
14	3	3	2	1	10	2	2	2	1	322.92546683459364	2556000000.0
15	1	1	2	1	10	2	2	2	1	284.98836274150966	717200000.0
15	3	3	2	1	10	2	2	2	1	284.7097244282649	2059000000.0
11	2	2	2	1	10	3	3	2	1	912.0302470666252	1502000000.0
11	4	4	2	1	10	3	3	2	1	911.5518783582037	6719000000.0
12	2	2	2	1	10	3	3	2	1	517.8794120703665	998600000.0
12	4	4	2	1	10	3	3	2	1	517.7600246773833	5258000000.0
13	2	2	2	1	10	3	3	2	1	387.53993087764593	699200000.0
13	4	4	2	1	10	3	3	2	1	387.48726572905576	4066000000.0
14	2	2	2	1	10	3	3	2	1	323.0313792274257	513400000.0
14	4	4	2	1	10	3	3	2	1	323.00200108345337	3193000000.0
15	2	2	2	1	10	3	3	2	1	284.78793085416254	390900000.0
15	4	4	2	1	10	3	3	2	1	284.7693268059375	2551000000.0
11	3	3	2	1	10	4	4	2	1	911.5809645095871	1009000000.0
11	5	5	2	1	10	4	4	2	1	911.5681142664474	8510000000.0
12	3	3	2	1	10	4	4	2	1	517.7685240542517	628100000.0
12	5	5	2	1	10	4	4	2	1	517.7652760869662	6445000000.0
13	3	3	2	1	10	4	4	2	1	387.49166155436126	420600000.0
13	5	5	2	1	10	4	4	2	1	387.49021280001165	4855000000.0
14	3	3	2	1	10	4	4	2	1	323.0048667522586	298900000.0
14	5	5	2	1	10	4	4	2	1	323.0040520914989	3734000000.0
15	3	3	2	1	10	4	4	2	1	284.7714418002812	222000000.0
15	5	5	2	1	10	4	4	2	1	284.7709229467636	2934000000.0
11	4	4	2	1	10	5	5	2	1	911.5686027550835	664700000.0
11	6	6	2	1	10	5	5	2	1	911.5683728726528	10640000000.0
12	4	4	2	1	10	5	5	2	1	517.7654202963771	381800000.0
12	6	6	2	1	10	5	5	2	1	517.7653601649814	7589000000.0
13	4	4	2	1	10	5	5	2	1	387.49028775349785	242100000.0
13	6	6	2	1	10	5	5	2	1	387.49026022057245	5464000000.0
14	4	4	2	1	10	5	5	2	1	323.0041009561447	165500000.0
14	6	6	2	1	10	5	5	2	1	323.0040856029365	4059000000.0
15	4	4	2	1	10	5	5	2	1	284.7709589880829	119300000.0
15	6	6	2	1	10	5	5	2	1	284.7709489143126	3103000000.0
11	6	6	2	1	10	7	7	2	1	911.5683873713696	234200000.0
11	8	8	2	1	10	7	7	2	1	911.5683834503242	16230000000.0
12	6	6	2	1	10	7	7	2	1	517.7653648425165	107700000.0
12	8	8	2	1	10	7	7	2	1	517.7653566935967	8903000000.0
13	6	6	2	1	10	7	7	2	1	387.4902628403997	58770000.0
13	8	8	2	1	10	7	7	2	1	387.4902619012151	5340000000.0
14	6	6	2	1	10	7	7	2	1	323.00408742333764	36010000.0
14	8	8	2	1	10	7	7	2	1	323.0040868279849	3471000000.0
15	8	8	2	1	10	7	7	2	1	284.770949857613	2397000000.0
11	10	10	2	1	10	9	9	2	1	911.568384909316	24240000000.0
12	10	10	2	1	10	9	9	2	1	517.7653635775282	5711000000.0
13	10	10	2	1	10	9	9	2	1	387.4902620659825	2155000000.0
14	10	10	2	1	10	9	9	2	1	323.00408587771267	1036000000.0
15	10	10	2	1	10	9	9	2	1	284.77095001779696	578700000.0
11	5	5	2	1	10	6	6	2	1	911.5685375563539	414100000.0
11	7	7	2	1	10	6	6	2	1	911.5684681630346	13190000000.0
12	5	5	2	1	10	6	6	2	1	517.7654126475663	215500000.0
12	7	7	2	1	10	6	6	2	1	517.7654072639824	8512000000.0
13	5	5	2	1	10	6	6	2	1	387.4902892858481	127900000.0
13	7	7	2	1	10	6	6	2	1	387.490286830788	5705000000.0
14	5	5	2	1	10	6	6	2	1	323.0041052380972	83240000.0
14	7	7	2	1	10	6	6	2	1	323.00410416188447	4016000000.0
15	5	5	2	1	10	6	6	2	1	284.77096425634636	57830000.0
15	7	7	2	1	10	6	6	2	1	284.77096335753583	2946000000.0
11	9	9	2	1	10	8	8	2	1	911.5686117825918	19880000000.0
11	7	7	2	1	10	8	8	2	1	911.5685605354773	111200000.0
12	7	7	2	1	10	8	8	2	1	517.7654370649169	43500000.0
12	9	9	2	1	10	8	8	2	1	517.7654369766557	8245000000.0
13	9	9	2	1	10	8	8	2	1	387.4903010174175	4157000000.0
14	9	9	2	1	10	8	8	2	1	323.0041153132849	2398000000.0
15	9	9	2	1	10	8	8	2	1	284.7709720519521	1519000000.0
12	1	1	2	1	11	0	0	2	1	1167.3254983450686	1411000000.0
13	1	1	2	1	11	0	0	2	1	663.3787511793697	1145000000.0
14	1	1	2	1	11	0	0	2	1	494.14060888205915	912100000.0
15	1	1	2	1	11	0	0	2	1	409.80822790590986	734900000.0
12	0	0	2	1	11	1	1	2	1	1218.3744126136678	3376000000.0
12	2	2	2	1	11	1	1	2	1	1186.7184278913414	2262000000.0
13	0	0	2	1	11	1	1	2	1	678.0218517010654	2487000000.0
13	2	2	2	1	11	1	1	2	1	670.2018984492857	1840000000.0
14	0	0	2	1	11	1	1	2	1	501.6021791886172	1878000000.0
14	2	2	2	1	11	1	1	2	1	498.1610593747879	1471000000.0
15	0	0	2	1	11	1	1	2	1	414.6105817398778	1458000000.0
15	2	2	2	1	11	1	1	2	1	412.6956428817634	1188000000.0
12	1	1	2	1	11	2	2	2	1	1207.4199273892777	1611000000.0
12	3	3	2	1	11	2	2	2	1	1197.705304370644	3099000000.0
13	1	1	2	1	11	2	2	2	1	676.138165184998	1154000000.0
13	3	3	2	1	11	2	2	2	1	673.7338518655465	2511000000.0
14	1	1	2	1	11	2	2	2	1	501.18563953018855	853100000.0
14	3	3	2	1	11	2	2	2	1	500.1266519826776	2001000000.0
15	1	1	2	1	11	2	2	2	1	414.64201707501934	653400000.0
15	3	3	2	1	11	2	2	2	1	414.0524407134165	1613000000.0
12	2	2	2	1	11	3	3	2	1	1199.1322340544405	1036000000.0
12	4	4	2	1	11	3	3	2	1	1198.4923465216928	3948000000.0
13	2	2	2	1	11	3	3	2	1	674.1432761662816	710000000.0
13	4	4	2	1	11	3	3	2	1	673.9839264962554	3174000000.0
14	2	2	2	1	11	3	3	2	1	500.33536793564554	508400000.0
14	4	4	2	1	11	3	3	2	1	500.26489284222873	2510000000.0
15	2	2	2	1	11	3	3	2	1	414.1867756293693	380000000.0
15	4	4	2	1	11	3	3	2	1	414.14742570858556	2009000000.0
12	3	3	2	1	11	4	4	2	1	1198.531288076656	725000000.0
12	5	5	2	1	11	4	4	2	1	1198.513884619629	4920000000.0
13	3	3	2	1	11	4	4	2	1	673.9951385418196	468600000.0
13	5	5	2	1	11	4	4	2	1	673.9907554319441	3869000000.0
14	3	3	2	1	11	4	4	2	1	500.27061705042564	322300000.0
14	5	5	2	1	11	4	4	2	1	500.2686628547123	3002000000.0
15	3	3	2	1	11	4	4	2	1	414.1511109821514	233800000.0
15	5	5	2	1	11	4	4	2	1	414.15001357142916	2366000000.0
12	4	4	2	1	11	5	5	2	1	1198.514559436496	503100000.0
12	6	6	2	1	11	5	5	2	1	1198.5142372392963	6056000000.0
13	4	4	2	1	11	5	5	2	1	673.9909512414679	303200000.0
13	6	6	2	1	11	5	5	2	1	673.9908679426529	4566000000.0
14	4	4	2	1	11	5	5	2	1	500.2687630152781	198900000.0
14	6	6	2	1	11	5	5	2	1	500.2687261862865	3428000000.0
15	4	4	2	1	11	5	5	2	1	414.1500781126546	139300000.0
15	6	6	2	1	11	5	5	2	1	414.1500568059573	2631000000.0
12	5	5	2	1	11	6	6	2	1	1198.5142820064468	336700000.0
12	7	7	2	1	11	6	6	2	1	1198.5142531600325	7391000000.0
13	5	5	2	1	11	6	6	2	1	673.9908811029622	186700000.0
13	7	7	2	1	11	6	6	2	1	673.990873675362	5199000000.0
14	5	5	2	1	11	6	6	2	1	500.26873209100927	115600000.0
14	7	7	2	1	11	6	6	2	1	500.26872950941026	3704000000.0
15	5	5	2	1	11	6	6	2	1	414.1500610221247	77600000.0
15	7	7	2	1	11	6	6	2	1	414.1500591210806	2729000000.0
12	7	7	2	1	11	8	8	2	1	1198.5142599381606	121000000.0
12	9	9	2	1	11	8	8	2	1	1198.5142594652377	10810000000.0
13	7	7	2	1	11	8	8	2	1	673.990875818901	53300000.0
13	9	9	2	1	11	8	8	2	1	673.9908682417563	5740000000.0
14	7	7	2	1	11	8	8	2	1	500.2687306903564	28170000.0
14	9	9	2	1	11	8	8	2	1	500.26872961926756	3356000000.0
15	9	9	2	1	11	8	8	2	1	414.15005925284083	2137000000.0
12	11	11	2	1	11	10	10	2	1	1198.5142588347485	15560000000.0
13	11	11	2	1	11	10	10	2	1	673.9908746225158	3479000000.0
14	11	11	2	1	11	10	10	2	1	500.2687265433187	1259000000.0
15	11	11	2	1	11	10	10	2	1	414.1500584811313	585200000.0
12	10	10	2	1	11	9	9	2	1	1198.5142593076266	12990000000.0
12	8	8	2	1	11	9	9	2	1	1198.5142249441085	57810000.0
13	10	10	2	1	11	9	9	2	1	673.9908747222028	5166000000.0
14	10	10	2	1	11	9	9	2	1	500.26872750455027	2518000000.0
15	10	10	2	1	11	9	9	2	1	414.15005959163534	1414000000.0
12	6	6	2	1	11	7	7	2	1	1198.514357196264	212100000.0
12	8	8	2	1	11	7	7	2	1	1198.514313532565	8962000000.0
13	6	6	2	1	11	7	7	2	1	673.9909058782645	106200000.0
13	8	8	2	1	11	7	7	2	1	673.9909030368314	5653000000.0
14	6	6	2	1	11	7	7	2	1	500.2687470862615	61260000.0
14	8	8	2	1	11	7	7	2	1	500.26874565814035	3721000000.0
15	6	6	2	1	11	7	7	2	1	414.1500711296339	39060000.0
15	8	8	2	1	11	7	7	2	1	414.15007013205417	2583000000.0
13	1	1	2	1	12	0	0	2	1	1500.633598144215	911600000.0
14	1	1	2	1	12	0	0	2	1	845.5471265140129	750400000.0
15	1	1	2	1	12	0	0	2	1	625.3453249718777	605400000.0
13	0	0	2	1	12	1	1	2	1	1566.1629662053988	2265000000.0
13	2	2	2	1	12	1	1	2	1	1525.0594904457405	1438000000.0
14	0	0	2	1	12	1	1	2	1	864.1278300061763	1697000000.0
14	2	2	2	1	12	1	1	2	1	853.9656011136636	1187000000.0
15	0	0	2	1	12	1	1	2	1	634.7085741651207	1299000000.0
15	2	2	2	1	12	1	1	2	1	630.2318600031055	961200000.0
13	1	1	2	1	12	2	2	2	1	1551.6118726435807	1107000000.0
13	3	3	2	1	12	2	2	2	1	1539.0083682282047	1942000000.0
14	1	1	2	1	12	2	2	2	1	861.4955675444876	809100000.0
14	3	3	2	1	12	2	2	2	1	858.3713555203079	1599000000.0
15	1	1	2	1	12	2	2	2	1	634.0260171973696	608500000.0
15	3	3	2	1	12	2	2	2	1	632.6485508351386	1294000000.0
13	2	2	2	1	12	3	3	2	1	1540.8451752938497	731500000.0
13	4	4	2	1	12	3	3	2	1	1540.0129655394342	2438000000.0
14	2	2	2	1	12	3	3	2	1	858.8927644706673	514100000.0
14	4	4	2	1	12	3	3	2	1	858.6851071218557	2002000000.0
15	2	2	2	1	12	3	3	2	1	632.9114041419098	375300000.0
15	4	4	2	1	12	3	3	2	1	632.8195253111969	1612000000.0
13	3	3	2	1	12	4	4	2	1	1540.0636804465844	528300000.0
13	5	5	2	1	12	4	4	2	1	1540.0407958870226	2997000000.0
14	3	3	2	1	12	4	4	2	1	858.6995397838818	352300000.0
14	5	5	2	1	12	4	4	2	1	858.6937822127834	2424000000.0
15	3	3	2	1	12	4	4	2	1	632.8268086969256	247900000.0
15	5	5	2	1	12	4	4	2	1	632.8242464518434	1926000000.0
13	4	4	2	1	12	5	5	2	1	1540.0416997941518	381300000.0
13	6	6	2	1	12	5	5	2	1	1540.0412648879676	3639000000.0
14	4	4	2	1	12	5	5	2	1	858.694040494679	239100000.0
14	6	6	2	1	12	5	5	2	1	858.6939319871357	2857000000.0
15	4	4	2	1	12	5	5	2	1	632.8243771476219	161300000.0
15	6	6	2	1	12	5	5	2	1	632.8243274006065	2214000000.0
13	5	5	2	1	12	6	6	2	1	1540.041327872591	268700000.0
13	7	7	2	1	12	6	6	2	1	1540.041289092821	4383000000.0
14	5	5	2	1	12	6	6	2	1	858.6939476038202	156700000.0
14	7	7	2	1	12	6	6	2	1	858.6939399977757	3273000000.0
15	5	5	2	1	12	6	6	2	1	632.8243362777341	100500000.0
15	7	7	2	1	12	6	6	2	1	632.8243318391641	2439000000.0
13	6	6	2	1	12	7	7	2	1	1540.0413125168236	181700000.0
13	8	8	2	1	12	7	7	2	1	1540.0412976815996	5248000000.0
14	6	6	2	1	12	7	7	2	1	858.6939467946519	97170000.0
14	8	8	2	1	12	7	7	2	1	858.6939425870455	3628000000.0
15	6	6	2	1	12	7	7	2	1	632.824335442749	58650000.0
15	8	8	2	1	12	7	7	2	1	632.8243331135934	2549000000.0
13	8	8	2	1	12	9	9	2	1	1540.0412984624516	66220000.0
13	10	10	2	1	12	9	9	2	1	1540.0412969008219	7421000000.0
14	8	8	2	1	12	9	9	2	1	858.6939428298075	27970000.0
14	10	10	2	1	12	9	9	2	1	858.6939348191904	3809000000.0
15	10	10	2	1	12	9	9	2	1	632.8243333333343	2167000000.0
13	11	11	2	1	12	10	10	2	1	1540.041298202143	8780000000.0
13	9	9	2	1	12	10	10	2	1	1540.0412648879676	31810000.0
14	11	11	2	1	12	10	10	2	1	858.693932553542	3347000000.0
15	11	11	2	1	12	10	10	2	1	632.824331048132	1577000000.0
13	12	12	2	1	12	11	11	2	1	1540.0412979418343	10360000000.0
14	12	12	2	1	12	11	11	2	1	858.6939416969718	2202000000.0
15	12	12	2	1	12	11	11	2	1	632.8243328499244	764600000.0
13	7	7	2	1	12	8	8	2	1	1540.041361186769	115400000.0
13	9	9	2	1	12	8	8	2	1	1540.0413216262195	6253000000.0
14	7	7	2	1	12	8	8	2	1	858.693962411337	55540000.0
14	9	9	2	1	12	8	8	2	1	858.6939592556378	3845000000.0
15	7	7	2	1	12	8	8	2	1	632.8243440122421	31130000.0
15	9	9	2	1	12	8	8	2	1	632.8243424301904	2480000000.0
14	1	1	2	1	13	0	0	2	1	1891.95702354428	609600000.0
15	1	1	2	1	13	0	0	2	1	1058.1971425585175	507200000.0
14	0	0	2	1	13	1	1	2	1	1974.486445575782	1566000000.0
14	2	2	2	1	13	1	1	2	1	1922.219427634054	949500000.0
15	0	0	2	1	13	1	1	2	1	1081.372368941864	1195000000.0
15	2	2	2	1	13	1	1	2	1	1068.4420014878735	795500000.0
14	1	1	2	1	13	2	2	2	1	1955.6296390700127	780100000.0
14	3	3	2	1	13	2	2	2	1	1939.60412588885	1266000000.0
15	1	1	2	1	13	2	2	2	1	1077.8248506030209	582000000.0
15	3	3	2	1	13	2	2	2	1	1073.8501604027745	1058000000.0
14	2	2	2	1	13	3	3	2	1	1941.9210400927363	527200000.0
14	4	4	2	1	13	3	3	2	1	1940.8598329373835	1569000000.0
15	2	2	2	1	13	3	3	2	1	1074.5013391667128	378700000.0
15	4	4	2	1	13	3	3	2	1	1074.2365504017973	1310000000.0
14	3	3	2	1	13	4	4	2	1	1940.9244213965958	390700000.0
14	5	5	2	1	13	4	4	2	1	1940.89500628987	1906000000.0
15	3	3	2	1	13	4	4	2	1	1074.2547366535468	267600000.0
15	5	5	2	1	13	4	4	2	1	1074.247353119904	1575000000.0
14	4	4	2	1	13	5	5	2	1	1940.8961799005901	290800000.0
14	6	6	2	1	13	5	5	2	1	1940.8956255460935	2287000000.0
15	4	4	2	1	13	5	5	2	1	1074.2476850373146	188500000.0
15	6	6	2	1	13	5	5	2	1	1074.2475416834322	1851000000.0
14	5	5	2	1	13	6	6	2	1	1940.8956970622828	213000000.0
14	7	7	2	1	13	6	6	2	1	1940.8956582037454	2724000000.0
15	5	5	2	1	13	6	6	2	1	1074.2475647314768	129500000.0
15	7	7	2	1	13	6	6	2	1	1074.2475519410366	2125000000.0
14	6	6	2	1	13	7	7	2	1	1940.895687141009	151600000.0
14	8	8	2	1	13	7	7	2	1	1940.8956656447592	3226000000.0
15	6	6	2	1	13	7	7	2	1	1074.2475605524473	85490000.0
15	8	8	2	1	13	7	7	2	1	1074.2475538406181	2378000000.0
14	7	7	2	1	13	8	8	2	1	1940.895681766917	103300000.0
14	9	9	2	1	13	8	8	2	1	1940.8956656447592	3802000000.0
15	7	7	2	1	13	8	8	2	1	1074.2475591593895	53280000.0
15	9	9	2	1	13	8	8	2	1	1074.2475546004582	2577000000.0
14	12	12	2	1	13	11	11	2	1	1940.895668125019	6103000000.0
14	10	10	2	1	13	11	11	2	1	1940.8956346405744	18350000.0
15	12	12	2	1	13	11	11	2	1	1074.24755523364	2232000000.0
14	13	13	2	1	13	12	12	2	1	1940.895668538474	7110000000.0
15	13	13	2	1	13	12	12	2	1	1074.2475571332218	1440000000.0
14	9	9	2	1	13	10	10	2	1	1940.8956681251364	38050000.0
14	11	11	2	1	13	10	10	2	1	1940.8956218255867	5227000000.0
15	9	9	2	1	13	10	10	2	1	1074.247555360298	15410000.0
15	11	11	2	1	13	10	10	2	1	1074.2475501681488	2593000000.0
14	8	8	2	1	13	9	9	2	1	1940.895728479807	65950000.0
14	10	10	2	1	13	9	9	2	1	1940.8956875543463	4465000000.0
15	10	10	2	1	13	9	9	2	1	1074.2475733428157	2673000000.0
15	8	8	2	1	13	9	9	2	1	1074.2475730895358	30550000.0
15	1	1	2	1	14	0	0	2	1	2345.9284392171144	420100000.0
15	0	0	2	1	14	1	1	2	1	2448.1612344780006	1110000000.0
15	2	2	2	1	14	1	1	2	1	2382.8743703272903	647500000.0
15	1	1	2	1	14	2	2	2	1	2424.246540134367	562800000.0
15	3	3	2	1	14	2	2	2	1	2404.2311340197975	853100000.0
15	2	2	2	1	14	3	3	2	1	2407.1074640191796	387200000.0
15	4	4	2	1	14	3	3	2	1	2405.779018096277	1046000000.0
15	3	3	2	1	14	4	4	2	1	2405.859758487176	293000000.0
15	5	5	2	1	14	4	4	2	1	2405.8227256812256	1257000000.0
15	4	4	2	1	14	5	5	2	1	2405.824211951024	223600000.0
15	6	6	2	1	14	5	5	2	1	2405.8234929519735	1493000000.0
15	5	5	2	1	14	6	6	2	1	2405.823577427981	168800000.0
15	7	7	2	1	14	6	6	2	1	2405.823513276855	1761000000.0
15	6	6	2	1	14	7	7	2	1	2405.8235526568214	124800000.0
15	8	8	2	1	14	7	7	2	1	2405.8235189932902	2065000000.0
15	7	7	2	1	14	8	8	2	1	2405.8235463051265	89440000.0
15	9	9	2	1	14	8	8	2	1	2405.8235234395665	2411000000.0
15	14	14	2	1	14	13	13	2	1	2405.8235431293697	5010000000.0
15	13	13	2	1	14	12	12	2	1	2405.823543764629	4348000000.0
15	11	11	2	1	14	12	12	2	1	2405.8235088309398	11020000.0
15	10	10	2	1	14	9	9	2	1	2405.8235450347875	2805000000.0
15	8	8	2	1	14	9	9	2	1	2405.8235437644485	61290000.0
15	9	9	2	1	14	10	10	2	1	2405.8235863201735	39320000.0
15	11	11	2	1	14	10	10	2	1	2405.823560278675	3254000000.0
15	10	10	2	1	14	11	11	2	1	2405.823616172509	22780000.0
15	12	12	2	1	14	11	11	2	1	2405.823606645237	3765000000.0

100	0	0	0	0	0	0	0	0	0	1.0	1.0
# upper n l L (2S+1) Seniority  lower  n l L (2S+1) Seniority  Energy (Angstrom) Einstein A (s-1)
# File computed  using the RAP package (Witthoeft, 2011) using Autostructure and Nist data 
# For the final state of Li-like Fe