2	0	1	1	0	0	1.86819E+00	2.12000E+08
2	1	0	1	0	0	1.85040E+00	4.57000E+14
2	1	0	2	0	0	3.82760E+02	4.96000E+08
2	1	0	2	0	1	1.94277E+02	3.46000E+08
2	1	1	1	0	0	1.85729E+00	4.42066E+13
2	1	1	2	0	1	3.18342E+02	2.28300E+09
3	0	0	2	1	0	1.05859E+01	2.50000E+12
3	0	0	2	1	1	1.03658E+01	9.06291E+11
3	0	1	2	0	1	1.01072E+01	7.96742E+04
3	0	1	2	1	1	1.04386E+01	8.70000E+11
3	1	0	1	0	0	1.57317E+00	1.24000E+14
3	1	0	2	0	0	1.02202E+01	7.75000E+12
3	1	0	2	1	0	1.05006E+01	5.86717E+09
3	1	0	3	0	0	1.30208E+03	7.40000E+07
3	1	1	1	0	0	1.57456E+00	1.50000E+13
3	1	1	2	0	0	1.02788E+01	1.22977E+12
3	1	1	2	0	1	1.00178E+01	8.08000E+12
3	1	1	2	1	1	1.03433E+01	6.05145E+09
3	1	1	3	0	1	1.13293E+03	5.10000E+07
3	2	0	1	0	0	1.57291E+00	2.98328E+11
3	2	0	2	0	0	1.02090E+01	1.32793E+10
3	2	0	2	1	0	1.04888E+01	2.50000E+13
3	2	1	2	0	1	9.96079E+00	1.42493E+10
3	2	1	2	1	1	1.02825E+01	2.74502E+13
3	2	1	3	1	1	1.74968E+03	3.08940E+06
4	0	0	2	1	0	7.79271E+00	1.00000E+12
4	0	0	2	1	1	7.67276E+00	3.70325E+11
4	0	0	3	1	0	3.02188E+01	7.40000E+11
4	0	0	3	1	1	2.97174E+01	9.55614E+10
4	0	1	2	1	1	7.68934E+00	3.50000E+11
4	0	1	3	1	1	2.99676E+01	2.50000E+11
4	1	0	1	0	0	1.49460E+00	5.05000E+13
4	1	0	2	0	0	7.61825E+00	3.40000E+12
4	1	0	2	1	0	7.77296E+00	2.52818E+09
4	1	0	3	0	0	2.92517E+01	1.04000E+12
4	1	0	3	2	0	3.00201E+01	1.40000E+11
4	1	0	4	0	0	3.06748E+03	1.90000E+07
4	1	1	1	0	0	1.49513E+00	6.00000E+12
4	1	1	2	0	0	7.63197E+00	5.37497E+11
4	1	1	2	0	1	7.48713E+00	3.60000E+12
4	1	1	2	1	1	7.66746E+00	2.60160E+09
4	1	1	3	0	0	2.94550E+01	1.61159E+11
4	1	1	3	0	1	2.88824E+01	1.07000E+12
4	1	1	3	2	1	3.01487E+01	1.59512E+11
4	1	1	4	0	1	2.69461E+03	1.30000E+07
4	2	0	1	0	0	1.49450E+00	1.64636E+11
4	2	0	2	0	0	7.61564E+00	1.39573E+09
4	2	0	2	1	0	7.77024E+00	8.00000E+12
4	2	0	3	1	0	2.98838E+01	2.80000E+12
4	2	1	2	0	1	7.47364E+00	1.65926E+09
4	2	1	2	1	1	7.65332E+00	7.58447E+12
4	2	1	3	1	1	2.94277E+01	2.83091E+12
4	2	1	4	1	1	4.14785E+03	7.54527E+05
4	3	0	3	2	0	2.98970E+01	5.38006E+12
4	3	0	4	2	0	1.08470E+04	2.06189E+04
4	3	1	3	2	1	2.99274E+01	5.38006E+12
4	3	1	4	2	1	2.40622E+05	1.70706E+05
5	0	0	2	1	0	6.94656E+00	5.00000E+11
5	0	0	2	1	1	6.85109E+00	1.84968E+11
5	0	0	3	1	0	2.05242E+01	3.70000E+11
5	0	0	3	1	1	2.02917E+01	4.77305E+10
5	0	0	4	1	0	6.53381E+01	2.60000E+11
5	0	0	4	1	1	6.43464E+01	3.69502E+10
5	0	1	2	1	1	6.85781E+00	1.70000E+11
5	0	1	3	1	1	2.03507E+01	1.20000E+11
5	0	1	4	1	1	6.49440E+01	8.50000E+10
5	1	0	1	0	0	1.46082E+00	2.54000E+13
5	1	0	2	0	0	6.81497E+00	1.70000E+12
5	1	0	2	1	0	6.93851E+00	1.29389E+09
5	1	0	3	0	0	2.01377E+01	5.65000E+11
5	1	0	3	2	0	2.04989E+01	5.97985E+10
5	1	0	4	0	0	6.32992E+01	2.48000E+11
5	1	0	4	2	0	6.48214E+01	7.28661E+10
5	1	0	5	0	0	5.98802E+03	6.10000E+06
5	1	0	5	2	0	1.65255E+05	3.49008E+03
5	1	1	1	0	0	1.46108E+00	3.10000E+12
5	1	1	2	0	0	6.82058E+00	2.82857E+11
5	1	1	2	0	1	6.70467E+00	1.80000E+12
5	1	1	2	1	1	6.84892E+00	1.33022E+09
5	1	1	3	0	0	2.01868E+01	8.48097E+10
5	1	1	3	0	1	1.99162E+01	5.70000E+11
5	1	1	3	2	1	2.05103E+01	6.86261E+10
5	1	1	4	0	0	6.37865E+01	4.13622E+10
5	1	1	4	0	1	6.26633E+01	2.53000E+11
5	1	1	4	2	1	6.51631E+01	8.29870E+10
5	1	1	5	0	1	5.28262E+03	4.20000E+06
5	2	0	1	0	0	1.46083E+00	9.30808E+10
5	2	0	2	0	0	6.81526E+00	2.75822E+08
5	2	0	2	1	0	6.93880E+00	2.92324E+12
5	2	0	3	1	0	2.04566E+01	1.34945E+12
5	2	0	4	1	0	6.46582E+01	6.03438E+11
5	2	0	4	3	0	6.52369E+01	1.96960E+10
5	2	1	2	0	1	6.70264E+00	3.64879E+08
5	2	1	2	1	1	6.84679E+00	3.09378E+12
5	2	1	3	1	1	2.02540E+01	1.36256E+12
5	2	1	4	1	1	6.39691E+01	5.88572E+11
5	2	1	4	3	1	6.49887E+01	1.96960E+10
5	2	1	5	1	1	2.20504E+04	2.52822E+05
5	3	0	3	2	0	2.04950E+01	1.77234E+12
5	3	0	4	2	0	6.47815E+01	1.00844E+12
5	3	1	3	2	1	2.04810E+01	1.77234E+12
5	3	1	4	2	1	6.48690E+01	1.00844E+12
5	4	0	4	3	0	6.51335E+01	1.65998E+12
5	4	1	4	3	1	6.48291E+01	1.65998E+12
6	0	0	2	1	0	6.56352E+00	3.03875E+11
6	0	0	2	1	1	6.47822E+00	1.04897E+11
6	0	0	3	1	0	1.75057E+01	2.20430E+11
6	0	0	3	1	1	1.73363E+01	2.70684E+10
6	0	0	4	1	0	4.21830E+01	1.57589E+11
6	0	0	4	1	1	4.17674E+01	2.09548E+10
6	0	0	5	1	0	1.21444E+02	1.19222E+11
6	0	0	5	1	1	1.19690E+02	1.62220E+10
6	0	1	2	1	1	6.48268E+00	3.17895E+11
6	0	1	3	1	1	1.73683E+01	2.29050E+11
6	0	1	4	1	1	4.19536E+01	1.63338E+11
6	0	1	5	1	1	1.21232E+02	1.23060E+11
6	1	0	1	0	0	1.44326E+00	1.50661E+13
6	1	0	2	0	0	6.44896E+00	1.10319E+12
6	1	0	2	1	0	6.55948E+00	7.47712E+08
6	1	0	3	0	0	1.72455E+01	3.80392E+11
6	1	0	3	2	0	1.75098E+01	3.02461E+10
6	1	0	4	0	0	4.14491E+01	1.73538E+11
6	1	0	4	2	0	4.20964E+01	3.65619E+10
6	1	0	5	0	0	1.17716E+02	9.24168E+10
6	1	0	5	2	0	1.19990E+02	3.70587E+10
6	1	0	6	0	0	1.06647E+04	9.30672E+05
6	1	1	1	0	0	1.44336E+00	2.53850E+12
6	1	1	2	0	0	6.45104E+00	1.67402E+11
6	1	1	2	0	1	6.34726E+00	1.13909E+12
6	1	1	2	1	1	6.47639E+00	7.68047E+08
6	1	1	3	0	0	1.72604E+01	5.01928E+10
6	1	1	3	0	1	1.70622E+01	3.75373E+11
6	1	1	3	2	1	1.74963E+01	3.46684E+10
6	1	1	4	0	0	4.15352E+01	2.44793E+10
6	1	1	4	0	1	4.10560E+01	1.54744E+11
6	1	1	4	2	1	4.21145E+01	4.12458E+10
6	1	1	5	0	0	1.18414E+02	1.49964E+10
6	1	1	5	0	1	1.16442E+02	9.09753E+10
6	1	1	5	2	1	1.19713E+02	4.13769E+10
6	1	1	6	0	1	6.66661E+03	1.89773E+06
6	2	0	1	0	0	1.44322E+00	5.65665E+10
6	2	0	2	0	0	6.44808E+00	7.73595E+07
6	2	0	2	1	0	6.55857E+00	1.42139E+12
6	2	0	3	1	0	1.74706E+01	7.26147E+11
6	2	0	4	1	0	4.19795E+01	3.45575E+11
6	2	0	4	3	0	4.22227E+01	8.36966E+09
6	2	0	5	1	0	1.19773E+02	1.81621E+11
6	2	0	5	3	0	1.19909E+02	1.52488E+10
6	2	1	2	0	1	6.34592E+00	1.14636E+08
6	2	1	2	1	1	6.47500E+00	1.51680E+12
6	2	1	3	1	1	1.73132E+01	7.39887E+11
6	2	1	4	1	1	4.16338E+01	3.43343E+11
6	2	1	4	3	1	4.20633E+01	8.36966E+09
6	2	1	5	1	1	1.18599E+02	1.75144E+11
6	2	1	5	3	1	1.19586E+02	1.52488E+10
6	2	1	6	1	1	3.02150E+04	1.03473E+05
6	3	0	3	2	0	1.75004E+01	8.37382E+11
6	3	0	4	2	0	4.20424E+01	5.02179E+11
6	3	0	5	2	0	1.19552E+02	2.82214E+11
6	3	0	5	4	0	1.19901E+02	4.43768E+09
6	3	1	3	2	1	1.74818E+01	8.37382E+11
6	3	1	4	2	1	4.20301E+01	5.02179E+11
6	3	1	5	2	1	1.19033E+02	2.82214E+11
6	3	1	5	4	1	1.19572E+02	4.43768E+09
6	4	0	4	3	0	4.21966E+01	5.35658E+11
6	4	0	5	3	0	1.19699E+02	4.31441E+11
6	4	1	4	3	1	4.20229E+01	5.35658E+11
6	4	1	5	3	1	1.19260E+02	4.31441E+11
6	5	0	5	4	0	1.19776E+02	6.41813E+11
6	5	1	5	4	1	1.19379E+02	6.41813E+11
7	0	0	2	1	0	6.35139E+00	1.78170E+11
7	0	0	2	1	1	6.27149E+00	6.49370E+10
7	0	0	3	1	0	1.60739E+01	1.31980E+11
7	0	0	3	1	1	1.59309E+01	1.67568E+10
7	0	0	4	1	0	3.47287E+01	9.40334E+10
7	0	0	4	1	1	3.44465E+01	1.29722E+10
7	0	0	5	1	0	7.50601E+01	7.04835E+10
7	0	0	5	1	1	7.43862E+01	1.00423E+10
7	0	0	6	1	0	2.00214E+02	5.47203E+10
7	0	0	6	1	1	1.98228E+02	7.77415E+09
7	0	1	2	1	1	6.27412E+00	1.86153E+11
7	0	1	3	1	1	1.59479E+01	1.36990E+11
7	0	1	4	1	1	3.45259E+01	9.73350E+10
7	0	1	5	1	1	7.47576E+01	7.26325E+10
7	0	1	6	1	1	2.00888E+02	5.66149E+10
7	1	0	1	0	0	1.43281E+00	9.34254E+12
7	1	0	2	0	0	6.24536E+00	7.06711E+11
7	1	0	2	1	0	6.34895E+00	5.02548E+08
7	1	0	3	0	0	1.58627E+01	2.39649E+11
7	1	0	3	2	0	1.60859E+01	1.69591E+10
7	1	0	4	0	0	3.42687E+01	1.10470E+11
7	1	0	4	2	0	3.47100E+01	2.04824E+10
7	1	0	5	0	0	7.38000E+01	6.10331E+10
7	1	0	5	2	0	7.46871E+01	2.04401E+10
7	1	0	6	0	0	1.94216E+02	3.60566E+10
7	1	0	6	2	0	1.98649E+02	1.96870E+10
7	1	0	7	0	0	1.65352E+04	4.25508E+05
7	1	1	1	0	0	1.43287E+00	1.62919E+12
7	1	1	2	0	0	6.24656E+00	1.07438E+11
7	1	1	2	0	1	6.14920E+00	7.30383E+11
7	1	1	2	1	1	6.27032E+00	5.15988E+08
7	1	1	3	0	0	1.58704E+01	3.22133E+10
7	1	1	3	0	1	1.57027E+01	2.48646E+11
7	1	1	3	2	1	1.60696E+01	1.94505E+10
7	1	1	4	0	0	3.43048E+01	1.57106E+10
7	1	1	4	0	1	3.39772E+01	1.03375E+11
7	1	1	4	2	1	3.46990E+01	2.30848E+10
7	1	1	5	0	0	7.39674E+01	9.62459E+09
7	1	1	5	0	1	7.31932E+01	6.05636E+10
7	1	1	5	2	1	7.44723E+01	2.27044E+10
7	1	1	6	0	0	1.95380E+02	6.70334E+09
7	1	1	6	0	1	1.91406E+02	3.58000E+10
7	1	1	6	2	1	1.98358E+02	2.18380E+10
7	1	1	7	0	1	1.03521E+04	8.34723E+05
7	2	0	1	0	0	1.43278E+00	3.61436E+10
7	2	0	2	0	0	6.24482E+00	5.19416E+07
7	2	0	2	1	0	6.34840E+00	7.74107E+11
7	2	0	3	1	0	1.60547E+01	4.31647E+11
7	2	0	4	1	0	3.46393E+01	2.11610E+11
7	2	0	4	3	0	3.48047E+01	4.38554E+09
7	2	0	5	1	0	7.46440E+01	1.16102E+11
7	2	0	5	3	0	7.46970E+01	7.46067E+09
7	2	0	6	1	0	1.97281E+02	6.72713E+10
7	2	0	6	3	0	1.98475E+02	9.84803E+09
7	2	1	2	0	1	6.14838E+00	7.68919E+07
7	2	1	2	1	1	6.26947E+00	8.31878E+11
7	2	1	3	1	1	1.59179E+01	4.42356E+11
7	2	1	4	1	1	3.43856E+01	2.11977E+11
7	2	1	4	3	1	3.46781E+01	4.38554E+09
7	2	1	5	1	1	7.41030E+01	1.14065E+11
7	2	1	5	3	1	7.44871E+01	7.46067E+09
7	2	1	6	1	1	1.96230E+02	6.47712E+10
7	2	1	6	3	1	1.98085E+02	9.84803E+09
7	2	1	7	1	1	4.63584E+04	4.86170E+04
7	3	0	3	2	0	1.60808E+01	4.70989E+11
7	3	0	4	2	0	3.46860E+01	2.86403E+11
7	3	0	5	2	0	7.45762E+01	1.69002E+11
7	3	0	5	4	0	7.47117E+01	1.81483E+09
7	3	0	6	2	0	1.97866E+02	1.01222E+11
7	3	0	6	4	0	1.98442E+02	4.33211E+09
7	3	1	3	2	1	1.60616E+01	4.70989E+11
7	3	1	4	2	1	3.46616E+01	2.86403E+11
7	3	1	5	2	1	7.43000E+01	1.69002E+11
7	3	1	5	4	1	7.45098E+01	1.81483E+09
7	3	1	6	2	1	1.97141E+02	1.01222E+11
7	3	1	6	4	1	1.98033E+02	4.33211E+09
7	4	0	4	3	0	3.47931E+01	2.52009E+11
7	4	0	5	3	0	7.46435E+01	2.13891E+11
7	4	0	6	3	0	1.98098E+02	1.46857E+11
7	4	0	6	5	0	1.98439E+02	1.30877E+09
7	4	1	4	3	1	3.46601E+01	2.52009E+11
7	4	1	5	3	1	7.44042E+01	2.13891E+11
7	4	1	6	3	1	1.97500E+02	1.46857E+11
7	4	1	6	5	1	1.98029E+02	1.30877E+09
7	5	0	5	4	0	7.46799E+01	1.98497E+11
7	5	0	6	4	0	1.98218E+02	2.07694E+11
7	5	1	5	4	1	7.44606E+01	1.98497E+11
7	5	1	6	4	1	1.97686E+02	2.07694E+11
7	6	0	6	5	0	1.98290E+02	2.89051E+11
7	6	1	6	5	1	1.97798E+02	2.89051E+11
8	0	0	2	1	0	6.22077E+00	1.11348E+11
8	0	0	2	1	1	6.14410E+00	4.28626E+10
8	0	0	3	1	0	1.52628E+01	8.44178E+10
8	0	0	3	1	1	1.51339E+01	1.10606E+10
8	0	0	4	1	0	3.11521E+01	6.02749E+10
8	0	0	4	1	1	3.09248E+01	8.56247E+09
8	0	0	5	1	0	6.01373E+01	4.47563E+10
8	0	0	5	1	1	5.97040E+01	6.62857E+09
8	0	0	6	1	0	1.20473E+02	3.46752E+10
8	0	0	6	1	1	1.19751E+02	5.13145E+09
8	0	0	7	1	0	3.08122E+02	2.83168E+10
8	0	0	7	1	1	3.05237E+02	3.97247E+09
8	0	1	2	1	1	6.14579E+00	1.16225E+11
8	0	1	3	1	1	1.51441E+01	8.75523E+10
8	0	1	4	1	1	3.09676E+01	6.23371E+10
8	0	1	5	1	1	5.98637E+01	4.60798E+10
8	0	1	6	1	1	1.20396E+02	3.57588E+10
8	0	1	7	1	1	3.09459E+02	2.92453E+10
8	1	0	1	0	0	1.42609E+00	6.17575E+12
8	1	0	2	0	0	6.11973E+00	4.80511E+11
8	1	0	2	1	0	6.21917E+00	3.50817E+08
8	1	0	3	0	0	1.50766E+01	1.60060E+11
8	1	0	3	2	0	1.52781E+01	1.02354E+10
8	1	0	4	0	0	3.07995E+01	7.41289E+10
8	1	0	4	2	0	3.11555E+01	1.25110E+10
8	1	0	5	0	0	5.93926E+01	4.12366E+10
8	1	0	5	2	0	5.99659E+01	1.23442E+10
8	1	0	6	0	0	1.18541E+02	2.54077E+10
8	1	0	6	2	0	1.20178E+02	1.17091E+10
8	1	0	7	0	0	2.98736E+02	1.66349E+10
8	1	0	7	2	0	3.05513E+02	1.10752E+10
8	1	0	8	0	0	2.40985E+04	2.16014E+05
8	1	1	1	0	0	1.42613E+00	1.10950E+12
8	1	1	2	0	0	6.12049E+00	7.31666E+10
8	1	1	2	0	1	6.02699E+00	4.97004E+11
8	1	1	2	1	1	6.14329E+00	3.60089E+08
8	1	1	3	0	0	1.50811E+01	2.19378E+10
8	1	1	3	0	1	1.49296E+01	1.74031E+11
8	1	1	3	2	1	1.52609E+01	1.17494E+10
8	1	1	4	0	0	3.08185E+01	1.06992E+10
8	1	1	4	0	1	3.05539E+01	7.28869E+10
8	1	1	4	2	1	3.11363E+01	1.41045E+10
8	1	1	5	0	0	5.94635E+01	6.55450E+09
8	1	1	5	0	1	5.89622E+01	4.10287E+10
8	1	1	5	2	1	5.97894E+01	1.37039E+10
8	1	1	6	0	0	1.18824E+02	4.56508E+09
8	1	1	6	0	1	1.17343E+02	2.53212E+10
8	1	1	6	2	1	1.19919E+02	1.29126E+10
8	1	1	7	0	0	3.00538E+02	3.44634E+09
8	1	1	7	0	1	2.94623E+02	1.64777E+10
8	1	1	7	2	1	3.05251E+02	1.22273E+10
8	1	1	8	0	1	1.51236E+04	4.09790E+05
8	2	0	1	0	0	1.42607E+00	2.44415E+10
8	2	0	2	0	0	6.11938E+00	3.62363E+07
8	2	0	2	1	0	6.21880E+00	4.55236E+11
8	2	0	3	1	0	1.52510E+01	2.75468E+11
8	2	0	4	1	0	3.11026E+01	1.38108E+11
8	2	0	4	3	0	3.12359E+01	2.61682E+09
8	2	0	5	1	0	5.99533E+01	7.68651E+10
8	2	0	5	3	0	5.99875E+01	4.24690E+09
8	2	0	6	1	0	1.19737E+02	4.65021E+10
8	2	0	6	3	0	1.20176E+02	5.31424E+09
8	2	0	7	1	0	3.03351E+02	2.97539E+10
8	2	0	7	3	0	3.05194E+02	6.21636E+09
8	2	1	2	0	1	6.02644E+00	5.36090E+07
8	2	1	2	1	1	6.14273E+00	4.92363E+11
8	2	1	3	1	1	1.51256E+01	2.83511E+11
8	2	1	4	1	1	3.08901E+01	1.39044E+11
8	2	1	4	3	1	3.11259E+01	2.61682E+09
8	2	1	5	1	1	5.95747E+01	7.61308E+10
8	2	1	5	3	1	5.98227E+01	4.24690E+09
8	2	1	6	1	1	1.19233E+02	4.54996E+10
8	2	1	6	3	1	1.19915E+02	5.31424E+09
8	2	1	7	1	1	3.01889E+02	2.85146E+10
8	2	1	7	3	1	3.04752E+02	6.21636E+09
8	2	1	8	1	1	6.70482E+04	2.52713E+04
8	3	0	3	2	0	1.52749E+01	2.94164E+11
8	3	0	4	2	0	3.11421E+01	1.79906E+11
8	3	0	5	2	0	5.99163E+01	1.07444E+11
8	3	0	5	4	0	6.00037E+01	9.31941E+08
8	3	0	6	2	0	1.19979E+02	6.73373E+10
8	3	0	6	4	0	1.20191E+02	2.04340E+09
8	3	0	7	2	0	3.04230E+02	4.29642E+10
8	3	0	7	4	0	3.05121E+02	3.30456E+09
8	3	1	3	2	1	1.52559E+01	2.94164E+11
8	3	1	4	2	1	3.11155E+01	1.79906E+11
8	3	1	5	2	1	5.97125E+01	1.07444E+11
8	3	1	5	4	1	5.98478E+01	9.31941E+08
8	3	1	6	2	1	1.19610E+02	6.73373E+10
8	3	1	6	4	1	1.19938E+02	2.04340E+09
8	3	1	7	2	1	3.03257E+02	4.29642E+10
8	3	1	7	4	1	3.04638E+02	3.30456E+09
8	4	0	4	3	0	3.12294E+01	1.42148E+11
8	4	0	5	3	0	5.99635E+01	1.22317E+11
8	4	0	6	3	0	1.20079E+02	8.82715E+10
8	4	0	6	5	0	1.20205E+02	5.09472E+08
8	4	0	7	3	0	3.04575E+02	5.99340E+10
8	4	0	7	5	0	3.05104E+02	1.50448E+09
8	4	1	4	3	1	3.11159E+01	1.42148E+11
8	4	1	5	3	1	5.97856E+01	1.22317E+11
8	4	1	6	3	1	1.19766E+02	8.82715E+10
8	4	1	6	5	1	1.19960E+02	5.09472E+08
8	4	1	7	3	1	3.03792E+02	5.99340E+10
8	4	1	7	5	1	3.04613E+02	1.50448E+09
8	5	0	5	4	0	5.99894E+01	9.12390E+10
8	5	0	6	4	0	1.20133E+02	1.00589E+11
8	5	0	7	4	0	3.04752E+02	8.16244E+10
8	5	0	7	6	0	3.05104E+02	4.64325E+08
8	5	1	5	4	1	5.98258E+01	9.12390E+10
8	5	1	6	4	1	1.19850E+02	1.00589E+11
8	5	1	7	4	1	3.04068E+02	8.16244E+10
8	5	1	7	6	1	3.04613E+02	4.64325E+08
8	6	0	6	5	0	1.20167E+02	8.48926E+10
8	6	0	7	5	0	3.04859E+02	1.09494E+11
8	6	1	6	5	1	1.19901E+02	8.48926E+10
8	6	1	7	5	1	3.04233E+02	1.09494E+11
8	7	0	7	6	0	3.04929E+02	1.45343E+11
8	7	1	7	6	1	3.04343E+02	1.45343E+11
9	0	0	2	1	0	6.13418E+00	7.31023E+10
9	0	0	2	1	1	6.05962E+00	2.97128E+10
9	0	0	3	1	0	1.47519E+01	5.67641E+10
9	0	0	3	1	1	1.46314E+01	7.66731E+09
9	0	0	4	1	0	2.90953E+01	4.07458E+10
9	0	0	4	1	1	2.88970E+01	5.93558E+09
9	0	0	5	1	0	5.29163E+01	3.01306E+10
9	0	0	5	1	1	5.25805E+01	4.59498E+09
9	0	0	6	1	0	9.46095E+01	2.31293E+10
9	0	0	6	1	1	9.41638E+01	3.55717E+09
9	0	0	7	1	0	1.81336E+02	1.87950E+10
9	0	0	7	1	1	1.80333E+02	2.75376E+09
9	0	0	8	1	0	4.48901E+02	1.58071E+10
9	0	0	8	1	1	4.44892E+02	2.13180E+09
9	0	1	2	1	1	6.06077E+00	7.62464E+10
9	0	1	3	1	1	1.46381E+01	5.88361E+10
9	0	1	4	1	1	2.89232E+01	4.21132E+10
9	0	1	5	1	1	5.26674E+01	3.10023E+10
9	0	1	6	1	1	9.44428E+01	2.38199E+10
9	0	1	7	1	1	1.81359E+02	1.93497E+10
9	0	1	8	1	1	4.51189E+02	1.63029E+10
9	1	0	1	0	0	1.42151E+00	4.28664E+12
9	1	0	2	0	0	6.03634E+00	3.41919E+11
9	1	0	2	1	0	6.13306E+00	2.53322E+08
9	1	0	3	0	0	1.45803E+01	1.11903E+11
9	1	0	3	2	0	1.47687E+01	6.52178E+09
9	1	0	4	0	0	2.87972E+01	5.19788E+10
9	1	0	4	2	0	2.91082E+01	8.12425E+09
9	1	0	5	0	0	5.23708E+01	2.89765E+10
9	1	0	5	2	0	5.28160E+01	7.99947E+09
9	1	0	6	0	0	9.35160E+01	1.79878E+10
9	1	0	6	2	0	9.45317E+01	7.47082E+09
9	1	0	7	0	0	1.78414E+02	1.22087E+10
9	1	0	7	2	0	1.80810E+02	6.97345E+09
9	1	0	8	0	0	4.34974E+02	8.51102E+09
9	1	0	8	2	0	4.44851E+02	6.56701E+09
9	1	0	9	0	0	3.35232E+04	1.18790E+05
9	1	1	1	0	0	1.42154E+00	7.90610E+11
9	1	1	2	0	0	6.03684E+00	5.21372E+10
9	1	1	2	0	1	5.94586E+00	3.53905E+11
9	1	1	2	1	1	6.05903E+00	2.59961E+08
9	1	1	3	0	0	1.45833E+01	1.56324E+10
9	1	1	3	0	1	1.44415E+01	1.27042E+11
9	1	1	3	2	1	1.47513E+01	7.49354E+09
9	1	1	4	0	0	2.88087E+01	7.62403E+09
9	1	1	4	0	1	2.85773E+01	5.35529E+10
9	1	1	4	2	1	2.90862E+01	9.16509E+09
9	1	1	5	0	0	5.24087E+01	4.67061E+09
9	1	1	5	0	1	5.20189E+01	2.88676E+10
9	1	1	5	2	1	5.26617E+01	8.88324E+09
9	1	1	6	0	0	9.36369E+01	3.25299E+09
9	1	1	6	0	1	9.27144E+01	1.79504E+10
9	1	1	6	2	1	9.43155E+01	8.23076E+09
9	1	1	7	0	0	1.78855E+02	2.45579E+09
9	1	1	7	0	1	1.76743E+02	1.21395E+10
9	1	1	7	2	1	1.80513E+02	7.64983E+09
9	1	1	8	0	0	4.37602E+02	1.95784E+09
9	1	1	8	0	1	4.29206E+02	8.41568E+09
9	1	1	8	2	1	4.44672E+02	7.22420E+09
9	1	1	9	0	1	2.10985E+04	2.18787E+05
9	2	0	1	0	0	1.42150E+00	1.72763E+10
9	2	0	2	0	0	6.03609E+00	2.61549E+07
9	2	0	2	1	0	6.13280E+00	2.83100E+11
9	2	0	3	1	0	1.47439E+01	1.85349E+11
9	2	0	4	1	0	2.90643E+01	9.47728E+10
9	2	0	4	3	0	2.91806E+01	1.70077E+09
9	2	0	5	1	0	5.28136E+01	5.32178E+10
9	2	0	5	3	0	5.28401E+01	2.67802E+09
9	2	0	6	1	0	9.42817E+01	3.25562E+10
9	2	0	6	3	0	9.45535E+01	3.21840E+09
9	2	0	7	1	0	1.80136E+02	2.15925E+10
9	2	0	7	3	0	1.80784E+02	3.60642E+09
9	2	0	8	1	0	4.41616E+02	1.47310E+10
9	2	0	8	3	0	4.44324E+02	3.98008E+09
9	2	1	2	0	1	5.94548E+00	3.86782E+07
9	2	1	2	1	1	6.05863E+00	3.08080E+11
9	2	1	3	1	1	1.46257E+01	1.91424E+11
9	2	1	4	1	1	2.88746E+01	9.57580E+10
9	2	1	4	3	1	2.90806E+01	1.70077E+09
9	2	1	5	1	1	5.25065E+01	5.29669E+10
9	2	1	5	3	1	5.26990E+01	2.67802E+09
9	2	1	6	1	1	9.39267E+01	3.20832E+10
9	2	1	6	3	1	9.43496E+01	3.21840E+09
9	2	1	7	1	1	1.79465E+02	2.10183E+10
9	2	1	7	3	1	1.80473E+02	3.60642E+09
9	2	1	8	1	1	4.39649E+02	1.40673E+10
9	2	1	8	3	1	4.43852E+02	3.98008E+09
9	2	1	9	1	1	9.27349E+04	1.41899E+04
9	3	0	3	2	0	1.47666E+01	1.97172E+11
9	3	0	4	2	0	2.90997E+01	1.20944E+11
9	3	0	5	2	0	5.27881E+01	7.25668E+10
9	3	0	5	4	0	5.28560E+01	5.50349E+08
9	3	0	6	2	0	9.44423E+01	4.59503E+10
9	3	0	6	4	0	9.45732E+01	1.14038E+09
9	3	0	7	2	0	1.80483E+02	3.05851E+10
9	3	0	7	4	0	1.80796E+02	1.72197E+09
9	3	0	8	2	0	4.42879E+02	2.05936E+10
9	3	0	8	4	0	4.44190E+02	2.36530E+09
9	3	1	3	2	1	1.47479E+01	1.97172E+11
9	3	1	4	2	1	2.90730E+01	1.20944E+11
9	3	1	5	2	1	5.26185E+01	7.25668E+10
9	3	1	5	4	1	5.27236E+01	5.50349E+08
9	3	1	6	2	1	9.41770E+01	4.59503E+10
9	3	1	6	4	1	9.43802E+01	1.14038E+09
9	3	1	7	2	1	1.80007E+02	3.05851E+10
9	3	1	7	4	1	1.80493E+02	1.72197E+09
9	3	1	8	2	1	4.41612E+02	2.05936E+10
9	3	1	8	4	1	4.43644E+02	2.36530E+09
9	4	0	4	3	0	2.91765E+01	8.93122E+10
9	4	0	5	3	0	5.28266E+01	7.72866E+10
9	4	0	6	3	0	9.45103E+01	5.64750E+10
9	4	0	6	5	0	9.45879E+01	2.53535E+08
9	4	0	7	3	0	1.80626E+02	4.01993E+10
9	4	0	7	5	0	1.80812E+02	6.79234E+08
9	4	0	8	3	0	4.43370E+02	2.78595E+10
9	4	0	8	5	0	4.44150E+02	1.29816E+09
9	4	1	4	3	1	2.90742E+01	8.93122E+10
9	4	1	5	3	1	5.26781E+01	7.72866E+10
9	4	1	6	3	1	9.42827E+01	5.64750E+10
9	4	1	6	5	1	9.44031E+01	2.53535E+08
9	4	1	7	3	1	1.80229E+02	4.01993E+10
9	4	1	7	5	1	1.80517E+02	6.79234E+08
9	4	1	8	3	1	4.42375E+02	2.78595E+10
9	4	1	8	5	1	4.43583E+02	1.29816E+09
9	5	0	5	4	0	5.28479E+01	5.08134E+10
9	5	0	6	4	0	9.45474E+01	5.67919E+10
9	5	0	7	4	0	1.80702E+02	4.84678E+10
9	5	0	7	6	0	1.80826E+02	1.71292E+08
9	5	0	8	4	0	4.43622E+02	3.68432E+10
9	5	0	8	6	0	4.44141E+02	6.02768E+08
9	5	1	5	4	1	5.27112E+01	5.08134E+10
9	5	1	6	4	1	9.43404E+01	5.67919E+10
9	5	1	7	4	1	1.80347E+02	4.84678E+10
9	5	1	7	6	1	1.80539E+02	1.71292E+08
9	5	1	8	4	1	4.42766E+02	3.68432E+10
9	5	1	8	6	1	4.43570E+02	6.02768E+08
9	6	0	6	5	0	9.45708E+01	3.77448E+10
9	6	0	7	5	0	1.80749E+02	5.12924E+10
9	6	0	8	5	0	4.43772E+02	4.80320E+10
9	6	0	8	7	0	4.44143E+02	1.88619E+08
9	6	1	6	5	1	9.43766E+01	3.77448E+10
9	6	1	7	5	1	1.80421E+02	5.12924E+10
9	6	1	8	5	1	4.43000E+02	4.80320E+10
9	6	1	8	7	1	4.43573E+02	1.88619E+08
9	7	0	7	6	0	1.80781E+02	4.03927E+10
9	7	0	8	6	0	4.43871E+02	6.19974E+10
9	7	1	7	6	1	1.80470E+02	4.03927E+10
9	7	1	8	6	1	4.43153E+02	6.19974E+10
9	8	0	8	7	0	4.43940E+02	7.94352E+10
9	8	1	8	7	1	4.43260E+02	7.94352E+10
10	0	0	2	1	0	6.07364E+00	4.99164E+10
10	0	0	2	1	1	6.00053E+00	2.14088E+10
10	0	0	3	1	0	1.44066E+01	3.96988E+10
10	0	0	3	1	1	1.42916E+01	5.52448E+09
10	0	0	4	1	0	2.77818E+01	2.86963E+10
10	0	0	4	1	1	2.76009E+01	4.27673E+09
10	0	0	5	1	0	4.87264E+01	2.12040E+10
10	0	0	5	1	1	4.84415E+01	3.31080E+09
10	0	0	6	1	0	8.20024E+01	1.61855E+10
10	0	0	6	1	1	8.16673E+01	2.56303E+09
10	0	0	7	1	0	1.40063E+02	1.29992E+10
10	0	0	7	1	1	1.39464E+02	1.98415E+09
10	0	0	8	1	0	2.59560E+02	1.08814E+10
10	0	0	8	1	1	2.58215E+02	1.53601E+09
10	0	0	9	1	0	6.26889E+02	9.37292E+09
10	0	0	9	1	1	6.21510E+02	1.18909E+09
10	0	1	2	1	1	6.00136E+00	5.20312E+10
10	0	1	3	1	1	1.42963E+01	4.11286E+10
10	0	1	4	1	1	2.76184E+01	2.96450E+10
10	0	1	5	1	1	4.84952E+01	2.18072E+10
10	0	1	6	1	1	8.18201E+01	1.66553E+10
10	0	1	7	1	1	1.39910E+02	1.33658E+10
10	0	1	8	1	1	2.59748E+02	1.11877E+10
10	0	1	9	1	1	6.30468E+02	9.65625E+09
10	1	0	1	0	0	1.41825E+00	3.09221E+12
10	1	0	2	0	0	5.97798E+00	2.52191E+11
10	1	0	2	1	0	6.07282E+00	1.88329E+08
10	1	0	3	0	0	1.42444E+01	8.11439E+10
10	1	0	3	2	0	1.44242E+01	4.33379E+09
10	1	0	4	0	0	2.75156E+01	3.77752E+10
10	1	0	4	2	0	2.77994E+01	5.52240E+09
10	1	0	5	0	0	4.82812E+01	2.10787E+10
10	1	0	5	2	0	4.86593E+01	5.45726E+09
10	1	0	6	0	0	8.12297E+01	1.31110E+10
10	1	0	6	2	0	8.19949E+01	5.05725E+09
10	1	0	7	0	0	1.38459E+02	8.93684E+09
10	1	0	7	2	0	1.39898E+02	4.64226E+09
10	1	0	8	0	0	2.55336E+02	6.44494E+09
10	1	0	8	2	0	2.58708E+02	4.32339E+09
10	1	0	9	0	0	6.07074E+02	4.71278E+09
10	1	0	9	2	0	6.20927E+02	4.07612E+09
10	1	0	10	0	0	4.49717E+04	6.95777E+04
10	1	1	1	0	0	1.41827E+00	5.83873E+11
10	1	1	2	0	0	5.97833E+00	3.85037E+10
10	1	1	2	0	1	5.88909E+00	2.61197E+11
10	1	1	2	1	1	6.00009E+00	1.93234E+08
10	1	1	3	0	0	1.42464E+01	1.15447E+10
10	1	1	3	0	1	1.41111E+01	9.58702E+10
10	1	1	3	2	1	1.44067E+01	4.98410E+09
10	1	1	4	0	0	2.75231E+01	5.63042E+09
10	1	1	4	0	1	2.73119E+01	4.06477E+10
10	1	1	4	2	1	2.77763E+01	6.23497E+09
10	1	1	5	0	0	4.83042E+01	3.44928E+09
10	1	1	5	0	1	4.79728E+01	2.10152E+10
10	1	1	5	2	1	4.85190E+01	6.06354E+09
10	1	1	6	0	0	8.12949E+01	2.40236E+09
10	1	1	6	0	1	8.05986E+01	1.30924E+10
10	1	1	6	2	1	8.18059E+01	5.57174E+09
10	1	1	7	0	0	1.38649E+02	1.81362E+09
10	1	1	7	0	1	1.37376E+02	8.89861E+09
10	1	1	7	2	1	1.39643E+02	5.08606E+09
10	1	1	8	0	0	2.55982E+02	1.44588E+09
10	1	1	8	0	1	2.53086E+02	6.39733E+09
10	1	1	8	2	1	2.58385E+02	4.72374E+09
10	1	1	9	0	0	6.10736E+02	1.19844E+09
10	1	1	9	0	1	5.99254E+02	4.65356E+09
10	1	1	9	2	1	6.20901E+02	4.47146E+09
10	1	1	10	0	1	2.83909E+04	1.24803E+05
10	2	0	1	0	0	1.41824E+00	1.26521E+10
10	2	0	2	0	0	5.97779E+00	1.94388E+07
10	2	0	2	1	0	6.07263E+00	1.83728E+11
10	2	0	3	1	0	1.44009E+01	1.29926E+11
10	2	0	4	1	0	2.77607E+01	6.76616E+10
10	2	0	4	3	0	2.78668E+01	1.17408E+09
10	2	0	5	1	0	4.86613E+01	3.82678E+10
10	2	0	5	3	0	4.86838E+01	1.81141E+09
10	2	0	6	1	0	8.18183E+01	2.35367E+10
10	2	0	6	3	0	8.20230E+01	2.11940E+09
10	2	0	7	1	0	1.39527E+02	1.57167E+10
10	2	0	7	3	0	1.39916E+02	2.29194E+09
10	2	0	8	1	0	2.57725E+02	1.10799E+10
10	2	0	8	3	0	2.58645E+02	2.44158E+09
10	2	0	9	1	0	6.16292E+02	7.94468E+09
10	2	0	9	3	0	6.20117E+02	2.61046E+09
10	2	1	2	0	1	5.88881E+00	2.87381E+07
10	2	1	2	1	1	5.99980E+00	2.01157E+11
10	2	1	3	1	1	1.42874E+01	1.34585E+11
10	2	1	4	1	1	2.75854E+01	6.85562E+10
10	2	1	4	3	1	2.77733E+01	1.17408E+09
10	2	1	5	1	1	4.83936E+01	3.82170E+10
10	2	1	5	3	1	4.85571E+01	1.81141E+09
10	2	1	6	1	1	8.15313E+01	2.32955E+10
10	2	1	6	3	1	8.18497E+01	2.11940E+09
10	2	1	7	1	1	1.39068E+02	1.54046E+10
10	2	1	7	3	1	1.39672E+02	2.29194E+09
10	2	1	8	1	1	2.56859E+02	1.07428E+10
10	2	1	8	3	1	2.58288E+02	2.44158E+09
10	2	1	9	1	1	6.13715E+02	7.56558E+09
10	2	1	9	3	1	6.19642E+02	2.61046E+09
10	2	1	10	1	1	1.23853E+05	8.46776E+03
10	3	0	3	2	0	1.44226E+01	1.39104E+11
10	3	0	4	2	0	2.77936E+01	8.54728E+10
10	3	0	5	2	0	4.86415E+01	5.13994E+10
10	3	0	5	4	0	4.86991E+01	3.55984E+08
10	3	0	6	2	0	8.19444E+01	3.26653E+10
10	3	0	6	4	0	8.20429E+01	7.11279E+08
10	3	0	7	2	0	1.39751E+02	2.19346E+10
10	3	0	7	4	0	1.39938E+02	1.02271E+09
10	3	0	8	2	0	2.58206E+02	1.53671E+10
10	3	0	8	4	0	2.58651E+02	1.32730E+09
10	3	0	9	2	0	6.18041E+02	1.08197E+10
10	3	0	9	4	0	6.19896E+02	1.67100E+09
10	3	1	3	2	1	1.44043E+01	1.39104E+11
10	3	1	4	2	1	2.77673E+01	8.54728E+10
10	3	1	5	2	1	4.84915E+01	5.13994E+10
10	3	1	5	4	1	4.85808E+01	3.55984E+08
10	3	1	6	2	1	8.17278E+01	3.26653E+10
10	3	1	6	4	1	8.18808E+01	7.11279E+08
10	3	1	7	2	1	1.39416E+02	2.19346E+10
10	3	1	7	4	1	1.39707E+02	1.02271E+09
10	3	1	8	2	1	2.57608E+02	1.53671E+10
10	3	1	8	4	1	2.58298E+02	1.32730E+09
10	3	1	9	2	1	6.16432E+02	1.08197E+10
10	3	1	9	4	1	6.19303E+02	1.67100E+09
10	4	0	4	3	0	2.78640E+01	6.02983E+10
10	4	0	5	3	0	4.86752E+01	5.23296E+10
10	4	0	6	3	0	8.19985E+01	3.84257E+10
10	4	0	6	5	0	8.20569E+01	1.46686E+08
10	4	0	7	3	0	1.39844E+02	2.76601E+10
10	4	0	7	5	0	1.39956E+02	3.68694E+08
10	4	0	8	3	0	2.58402E+02	2.00478E+10
10	4	0	8	5	0	2.58666E+02	6.50014E+08
10	4	0	9	3	0	6.18719E+02	1.42799E+10
10	4	0	9	5	0	6.19823E+02	1.02332E+09
10	4	1	4	3	1	2.77689E+01	6.02983E+10
10	4	1	5	3	1	4.85438E+01	5.23296E+10
10	4	1	6	3	1	8.18119E+01	3.84257E+10
10	4	1	6	5	1	8.19026E+01	1.46686E+08
10	4	1	7	3	1	1.39562E+02	2.76601E+10
10	4	1	7	5	1	1.39735E+02	3.68694E+08
10	4	1	8	3	1	2.57912E+02	2.00478E+10
10	4	1	8	5	1	2.58323E+02	6.50014E+08
10	4	1	9	3	1	6.17482E+02	1.42799E+10
10	4	1	9	5	1	6.19191E+02	1.02332E+09
10	5	0	5	4	0	4.86939E+01	3.17149E+10
10	5	0	6	4	0	8.20283E+01	3.56448E+10
10	5	0	7	4	0	1.39896E+02	3.08107E+10
10	5	0	7	6	0	1.39970E+02	8.21224E+07
10	5	0	8	4	0	2.58506E+02	2.45832E+10
10	5	0	8	6	0	2.58682E+02	2.59649E+08
10	5	0	9	4	0	6.19064E+02	1.84435E+10
10	5	0	9	6	0	6.19799E+02	5.71970E+08
10	5	1	5	4	1	4.85728E+01	3.17149E+10
10	5	1	6	4	1	8.18583E+01	3.56448E+10
10	5	1	7	4	1	1.39642E+02	3.08107E+10
10	5	1	7	6	1	1.39757E+02	8.21224E+07
10	5	1	8	4	1	2.58074E+02	2.45832E+10
10	5	1	8	6	1	2.58347E+02	2.59649E+08
10	5	1	9	4	1	6.18018E+02	1.84435E+10
10	5	1	9	6	1	6.19155E+02	5.71970E+08
10	6	0	6	5	0	8.20472E+01	2.05643E+10
10	6	0	7	5	0	1.39928E+02	2.83289E+10
10	6	0	8	5	0	2.58570E+02	2.79112E+10
10	6	0	8	7	0	2.58695E+02	6.58591E+07
10	6	0	9	5	0	6.19269E+02	2.35007E+10
10	6	0	9	7	0	6.19794E+02	2.69010E+08
10	6	1	6	5	1	8.18876E+01	2.05643E+10
10	6	1	7	5	1	1.39692E+02	2.83289E+10
10	6	1	8	5	1	2.58174E+02	2.79112E+10
10	6	1	8	7	1	2.58368E+02	6.58591E+07
10	6	1	9	5	1	6.18336E+02	2.35007E+10
10	6	1	9	7	1	6.19148E+02	2.69010E+08
10	7	0	7	6	0	1.39949E+02	1.72813E+10
10	7	0	8	6	0	2.58613E+02	2.79453E+10
10	7	0	9	6	0	6.19403E+02	2.96626E+10
10	7	0	9	8	0	6.19797E+02	8.49964E+07
10	7	1	7	6	1	1.39726E+02	1.72813E+10
10	7	1	8	6	1	2.58241E+02	2.79453E+10
10	7	1	9	6	1	6.18544E+02	2.96626E+10
10	7	1	9	8	1	6.19153E+02	8.49964E+07
10	8	0	8	7	0	2.58644E+02	2.08742E+10
10	8	0	9	7	0	6.19497E+02	3.71774E+10
10	8	1	8	7	1	2.58289E+02	2.08742E+10
10	8	1	9	7	1	6.18689E+02	3.71774E+10
10	9	0	9	8	0	6.19566E+02	4.63431E+10
10	9	1	9	8	1	6.18796E+02	4.63431E+10
11	0	0	2	1	0	6.02956E+00	3.51970E+10
11	0	0	2	1	1	5.95750E+00	1.59155E+10
11	0	0	3	1	0	1.41610E+01	2.86606E+10
11	0	0	3	1	1	1.40499E+01	4.10694E+09
11	0	0	4	1	0	2.68828E+01	2.08808E+10
11	0	0	4	1	1	2.67134E+01	3.17936E+09
11	0	0	5	1	0	4.60268E+01	1.54480E+10
11	0	0	5	1	1	4.57726E+01	2.46127E+09
11	0	0	6	1	0	7.46355E+01	1.17589E+10
11	0	0	6	1	1	7.43579E+01	1.90538E+09
11	0	0	7	1	0	1.19856E+02	9.37017E+09
11	0	0	7	1	1	1.19417E+02	1.47503E+09
11	0	0	8	1	0	1.97771E+02	7.74797E+09
11	0	0	8	1	1	1.96989E+02	1.14188E+09
11	0	0	9	1	0	3.57289E+02	6.64509E+09
11	0	0	9	1	1	3.55535E+02	8.83980E+08
11	0	0	10	1	0	8.46425E+02	5.83771E+09
11	0	0	10	1	1	8.39408E+02	6.84326E+08
11	0	1	2	1	1	5.95811E+00	3.66692E+10
11	0	1	3	1	1	1.40533E+01	2.96817E+10
11	0	1	4	1	1	2.67257E+01	2.15629E+10
11	0	1	5	1	1	4.58086E+01	1.58814E+10
11	0	1	6	1	1	7.44530E+01	1.20933E+10
11	0	1	7	1	1	1.19663E+02	9.62728E+09
11	0	1	8	1	1	1.97658E+02	7.95639E+09
11	0	1	9	1	1	3.57719E+02	6.82485E+09
11	0	1	10	1	1	8.51685E+02	6.00876E+09
11	1	0	1	0	0	1.41585E+00	2.30118E+12
11	1	0	2	0	0	5.93545E+00	1.91490E+11
11	1	0	2	1	0	6.02894E+00	1.43545E+08
11	1	0	3	0	0	1.40053E+01	6.06172E+10
11	1	0	3	2	0	1.41791E+01	2.97851E+09
11	1	0	4	0	0	2.66372E+01	2.82718E+10
11	1	0	4	2	0	2.69030E+01	3.89016E+09
11	1	0	5	0	0	4.56402E+01	1.57852E+10
11	1	0	5	2	0	4.59779E+01	3.87100E+09
11	1	0	6	0	0	7.40232E+01	9.82469E+09
11	1	0	6	2	0	7.46582E+01	3.57794E+09
11	1	0	7	0	0	1.18753E+02	6.69661E+09
11	1	0	7	2	0	1.19809E+02	3.25135E+09
11	1	0	8	0	0	1.95507E+02	4.84414E+09
11	1	0	8	2	0	1.97478E+02	2.97724E+09
11	1	0	9	0	0	3.51401E+02	3.65837E+09
11	1	0	9	2	0	3.55999E+02	2.78141E+09
11	1	0	10	0	0	8.19175E+02	2.77758E+09
11	1	0	10	2	0	8.38005E+02	2.63145E+09
11	1	0	11	0	0	5.86010E+04	4.28864E+04
11	1	1	1	0	0	1.41586E+00	4.43845E+11
11	1	1	2	0	0	5.93571E+00	2.92696E+10
11	1	1	2	0	1	5.84773E+00	1.98442E+11
11	1	1	2	1	1	5.95716E+00	1.47266E+08
11	1	1	3	0	0	1.40067E+01	8.77598E+09
11	1	1	3	0	1	1.38759E+01	7.43160E+10
11	1	1	3	2	1	1.41617E+01	3.42835E+09
11	1	1	4	0	0	2.66424E+01	4.28010E+09
11	1	1	4	0	1	2.64444E+01	3.16746E+10
11	1	1	4	2	1	2.68795E+01	4.39599E+09
11	1	1	5	0	0	4.56554E+01	2.62206E+09
11	1	1	5	0	1	4.53592E+01	1.57452E+10
11	1	1	5	2	1	4.58472E+01	4.30385E+09
11	1	1	6	0	0	7.40632E+01	1.82621E+09
11	1	1	6	0	1	7.34848E+01	9.81457E+09
11	1	1	6	2	1	7.44871E+01	3.94316E+09
11	1	1	7	0	0	1.18856E+02	1.37867E+09
11	1	1	7	0	1	1.17920E+02	6.67273E+09
11	1	1	7	2	1	1.19586E+02	3.56146E+09
11	1	1	8	0	0	1.95786E+02	1.09912E+09
11	1	1	8	0	1	1.94087E+02	4.81529E+09
11	1	1	8	2	1	1.97189E+02	3.24802E+09
11	1	1	9	0	0	3.52304E+02	9.11020E+08
11	1	1	9	0	1	3.48453E+02	3.62640E+09
11	1	1	9	2	1	3.55663E+02	3.02938E+09
11	1	1	10	0	0	8.24097E+02	7.77259E+08
11	1	1	10	0	1	8.08858E+02	2.73964E+09
11	1	1	10	2	1	8.38213E+02	2.88016E+09
11	1	1	11	0	1	3.71119E+04	7.51077E+04
11	2	0	1	0	0	1.41584E+00	9.53781E+09
11	2	0	2	0	0	5.93531E+00	1.48132E+07
11	2	0	2	1	0	6.02879E+00	1.23327E+11
11	2	0	3	1	0	1.41568E+01	9.41005E+10
11	2	0	4	1	0	2.68676E+01	4.98704E+10
11	2	0	4	3	0	2.69670E+01	8.47658E+08
11	2	0	5	1	0	4.59822E+01	2.83879E+10
11	2	0	5	3	0	4.60023E+01	1.28912E+09
11	2	0	6	1	0	7.45183E+01	1.75245E+10
11	2	0	6	3	0	7.46880E+01	1.48076E+09
11	2	0	7	1	0	1.19554E+02	1.17286E+10
11	2	0	7	3	0	1.19840E+02	1.56302E+09
11	2	0	8	1	0	1.96950E+02	8.30859E+09
11	2	0	8	3	0	1.97487E+02	1.61273E+09
11	2	0	9	1	0	3.54619E+02	6.14182E+09
11	2	0	9	3	0	3.55882E+02	1.67406E+09
11	2	0	10	1	0	8.31590E+02	4.58215E+09
11	2	0	10	3	0	8.36823E+02	1.75694E+09
11	2	1	2	0	1	5.84751E+00	2.18949E+07
11	2	1	2	1	1	5.95693E+00	1.35852E+11
11	2	1	3	1	1	1.40468E+01	9.77341E+10
11	2	1	4	1	1	2.67020E+01	5.06467E+10
11	2	1	4	3	1	2.68780E+01	8.47658E+08
11	2	1	5	1	1	4.57391E+01	2.84237E+10
11	2	1	5	3	1	4.58851E+01	1.28912E+09
11	2	1	6	1	1	7.42696E+01	1.73974E+10
11	2	1	6	3	1	7.45337E+01	1.48076E+09
11	2	1	7	1	1	1.19190E+02	1.15436E+10
11	2	1	7	3	1	1.19634E+02	1.56302E+09
11	2	1	8	1	1	1.96371E+02	8.10983E+09
11	2	1	8	3	1	1.97205E+02	1.61273E+09
11	2	1	9	1	1	3.53525E+02	5.93641E+09
11	2	1	9	3	1	3.55484E+02	1.67406E+09
11	2	1	10	1	1	8.28290E+02	4.35366E+09
11	2	1	10	3	1	8.36379E+02	1.75694E+09
11	2	1	11	1	1	1.60824E+05	5.30817E+03
11	3	0	3	2	0	1.41779E+01	1.02040E+11
11	3	0	4	2	0	2.68988E+01	6.27688E+10
11	3	0	5	2	0	4.59656E+01	3.77932E+10
11	3	0	5	4	0	4.60171E+01	2.45372E+08
11	3	0	6	2	0	7.46258E+01	2.40563E+10
11	3	0	6	4	0	7.47075E+01	4.78310E+08
11	3	0	7	2	0	1.19726E+02	1.61980E+10
11	3	0	7	4	0	1.19864E+02	6.65864E+08
11	3	0	8	2	0	1.97251E+02	1.14334E+10
11	3	0	8	4	0	1.97511E+02	8.27553E+08
11	3	0	9	2	0	3.55264E+02	8.35724E+09
11	3	0	9	4	0	3.55876E+02	9.93166E+08
11	3	0	10	2	0	8.33945E+02	6.10702E+09
11	3	0	10	4	0	8.36487E+02	1.18631E+09
11	3	1	3	2	1	1.41599E+01	1.02040E+11
11	3	1	4	2	1	2.68730E+01	6.27688E+10
11	3	1	5	2	1	4.58283E+01	3.77932E+10
11	3	1	5	4	1	4.59080E+01	2.45372E+08
11	3	1	6	2	1	7.44372E+01	2.40563E+10
11	3	1	6	4	1	7.45640E+01	4.78310E+08
11	3	1	7	2	1	1.19457E+02	1.61980E+10
11	3	1	7	4	1	1.19671E+02	6.65864E+08
11	3	1	8	2	1	1.96840E+02	1.14334E+10
11	3	1	8	4	1	1.97242E+02	8.27553E+08
11	3	1	9	2	1	3.54528E+02	8.35724E+09
11	3	1	9	4	1	3.55476E+02	9.93166E+08
11	3	1	10	2	1	8.31938E+02	6.10702E+09
11	3	1	10	4	1	8.35864E+02	1.18631E+09
11	4	0	4	3	0	2.69650E+01	4.28643E+10
11	4	0	5	3	0	4.59964E+01	3.72621E+10
11	4	0	6	3	0	7.46723E+01	2.74270E+10
11	4	0	6	5	0	7.47207E+01	9.36034E+07
11	4	0	7	3	0	1.19799E+02	1.98248E+10
11	4	0	7	5	0	1.19881E+02	2.25778E+08
11	4	0	8	3	0	1.97377E+02	1.45135E+10
11	4	0	8	5	0	1.97532E+02	3.76409E+08
11	4	0	9	3	0	3.55525E+02	1.07876E+10
11	4	0	9	5	0	3.55890E+02	5.53497E+08
11	4	0	10	3	0	8.34852E+02	7.89745E+09
11	4	0	10	5	0	8.36367E+02	7.81363E+08
11	4	1	4	3	1	2.68749E+01	4.28643E+10
11	4	1	5	3	1	4.58760E+01	3.72621E+10
11	4	1	6	3	1	7.45095E+01	2.74270E+10
11	4	1	6	5	1	7.45847E+01	9.36034E+07
11	4	1	7	3	1	1.19571E+02	1.98248E+10
11	4	1	7	5	1	1.19698E+02	2.25778E+08
11	4	1	8	3	1	1.97035E+02	1.45135E+10
11	4	1	8	5	1	1.97275E+02	3.76409E+08
11	4	1	9	3	1	3.54934E+02	1.07876E+10
11	4	1	9	5	1	3.55498E+02	5.53497E+08
11	4	1	10	3	1	8.33343E+02	7.89745E+09
11	4	1	10	5	1	8.35681E+02	7.81363E+08
11	5	0	5	4	0	4.60135E+01	2.13481E+10
11	5	0	6	4	0	7.46981E+01	2.40615E+10
11	5	0	7	4	0	1.19840E+02	2.09033E+10
11	5	0	7	6	0	1.19894E+02	4.62692E+07
11	5	0	8	4	0	1.97445E+02	1.68760E+10
11	5	0	8	6	0	1.97548E+02	1.36467E+08
11	5	0	9	4	0	3.55663E+02	1.32634E+10
11	5	0	9	6	0	3.55906E+02	2.74576E+08
11	5	0	10	4	0	8.35313E+02	1.00035E+10
11	5	0	10	6	0	8.36322E+02	4.86725E+08
11	5	1	5	4	1	4.59025E+01	2.13481E+10
11	5	1	6	4	1	7.45496E+01	2.40615E+10
11	5	1	7	4	1	1.19634E+02	2.09033E+10
11	5	1	7	6	1	1.19718E+02	4.62692E+07
11	5	1	8	4	1	1.97141E+02	1.68760E+10
11	5	1	8	6	1	1.97301E+02	1.36467E+08
11	5	1	9	4	1	3.55149E+02	1.32634E+10
11	5	1	9	6	1	3.55524E+02	2.74576E+08
11	5	1	10	4	1	8.34056E+02	1.00035E+10
11	5	1	10	6	1	8.35612E+02	4.86725E+08
11	6	0	6	5	0	7.47145E+01	1.26470E+10
11	6	0	7	5	0	1.19865E+02	1.75192E+10
11	6	0	8	5	0	1.97488E+02	1.74856E+10
11	6	0	8	7	0	1.97561E+02	3.03288E+07
11	6	0	9	5	0	3.55748E+02	1.54656E+10
11	6	0	9	7	0	3.55921E+02	1.10447E+08
11	6	0	10	5	0	8.35585E+02	1.25089E+10
11	6	0	10	7	0	8.36306E+02	2.75310E+08
11	6	1	6	5	1	7.45751E+01	1.26470E+10
11	6	1	7	5	1	1.19674E+02	1.75192E+10
11	6	1	8	5	1	1.97208E+02	1.74856E+10
11	6	1	8	7	1	1.97321E+02	3.03288E+07
11	6	1	9	5	1	3.55280E+02	1.54656E+10
11	6	1	9	7	1	3.55548E+02	1.10447E+08
11	6	1	10	5	1	8.34477E+02	1.25089E+10
11	6	1	10	7	1	8.35589E+02	2.75310E+08
11	7	0	7	6	0	1.19882E+02	9.15972E+09
11	7	0	8	6	0	1.97517E+02	1.50150E+10
11	7	0	9	6	0	3.55805E+02	1.67731E+10
11	7	0	9	8	0	3.55935E+02	2.80995E+07
11	7	0	10	6	0	8.35763E+02	1.55017E+10
11	7	0	10	8	0	8.36304E+02	1.30662E+08
11	7	1	7	6	1	1.19701E+02	9.15972E+09
11	7	1	8	6	1	1.97253E+02	1.50150E+10
11	7	1	9	6	1	3.55368E+02	1.67731E+10
11	7	1	9	8	1	3.55569E+02	2.80995E+07
11	7	1	10	6	1	8.34752E+02	1.55017E+10
11	7	1	10	8	1	8.35587E+02	1.30662E+08
11	8	0	8	7	0	1.97538E+02	8.57116E+09
11	8	0	9	7	0	3.55845E+02	1.60829E+10
11	8	0	10	7	0	8.35886E+02	1.90821E+10
11	8	0	10	9	0	8.36308E+02	4.15797E+07
11	8	1	8	7	1	1.97285E+02	8.57116E+09
11	8	1	9	7	1	3.55431E+02	1.60829E+10
11	8	1	10	7	1	8.34944E+02	1.90821E+10
11	8	1	10	9	1	8.35594E+02	4.15797E+07
11	9	0	9	8	0	3.55875E+02	1.15225E+10
11	9	0	10	8	0	8.35977E+02	2.33671E+10
11	9	1	9	8	1	3.55478E+02	1.15225E+10
11	9	1	10	8	1	8.35084E+02	2.33671E+10
11	10	0	10	9	0	8.36046E+02	2.84950E+10
11	10	1	10	9	1	8.35191E+02	2.84950E+10
12	0	0	2	1	0	5.99643E+00	2.54916E+10
12	0	0	2	1	1	5.92515E+00	1.21411E+10
12	0	0	3	1	0	1.39796E+01	2.12427E+10
12	0	0	3	1	1	1.38713E+01	3.13299E+09
12	0	0	4	1	0	2.62364E+01	1.56052E+10
12	0	0	4	1	1	2.60751E+01	2.42538E+09
12	0	0	5	1	0	4.41639E+01	1.15728E+10
12	0	0	5	1	1	4.39297E+01	1.87758E+09
12	0	0	6	1	0	6.98572E+01	8.80061E+09
12	0	0	6	1	1	6.96139E+01	1.45352E+09
12	0	0	7	1	0	1.07994E+02	6.97935E+09
12	0	0	7	1	1	1.07637E+02	1.12523E+09
12	0	0	8	1	0	1.67425E+02	5.72140E+09
12	0	0	8	1	1	1.66864E+02	8.71087E+08
12	0	0	9	1	0	2.69156E+02	4.84592E+09
12	0	0	9	1	1	2.68159E+02	6.74345E+08
12	0	0	10	1	0	4.76665E+02	4.24052E+09
12	0	0	10	1	1	4.74432E+02	5.22039E+08
12	0	0	11	1	0	1.11185E+03	3.78714E+09
12	0	0	11	1	1	1.10291E+03	4.04132E+08
12	0	1	2	1	1	5.92562E+00	2.65463E+10
12	0	1	3	1	1	1.38739E+01	2.19929E+10
12	0	1	4	1	1	2.60841E+01	1.61100E+10
12	0	1	5	1	1	4.39553E+01	1.18939E+10
12	0	1	6	1	1	6.96781E+01	9.04704E+09
12	0	1	7	1	1	1.07791E+02	7.16715E+09
12	0	1	8	1	1	1.67233E+02	5.87117E+09
12	0	1	9	1	1	2.69113E+02	4.97112E+09
12	0	1	10	1	1	4.77428E+02	4.35139E+09
12	0	1	11	1	1	1.11923E+03	3.89518E+09
12	1	0	1	0	0	1.41402E+00	1.75714E+12
12	1	0	2	0	0	5.90347E+00	1.48928E+11
12	1	0	2	1	0	5.99594E+00	1.11776E+08
12	1	0	3	0	0	1.38285E+01	4.64160E+10
12	1	0	3	2	0	1.39979E+01	2.10464E+09
12	1	0	4	0	0	2.60049E+01	2.16838E+10
12	1	0	4	2	0	2.62582E+01	2.82038E+09
12	1	0	5	0	0	4.38148E+01	1.21124E+10
12	1	0	5	2	0	4.41260E+01	2.83158E+09
12	1	0	6	0	0	6.93381E+01	7.54064E+09
12	1	0	6	2	0	6.98949E+01	2.61872E+09
12	1	0	7	0	0	1.07139E+02	5.13600E+09
12	1	0	7	2	0	1.07998E+02	2.36686E+09
12	1	0	8	0	0	1.65900E+02	3.71209E+09
12	1	0	8	2	0	1.67317E+02	2.14330E+09
12	1	0	9	0	0	2.66059E+02	2.80932E+09
12	1	0	9	2	0	2.68686E+02	1.96917E+09
12	1	0	10	0	0	4.68701E+02	2.20001E+09
12	1	0	10	2	0	4.74806E+02	1.84926E+09
12	1	0	11	0	0	1.07541E+03	1.72179E+09
12	1	0	11	2	0	1.10035E+03	1.75722E+09
12	1	0	12	0	0	7.45637E+04	2.75719E+04
12	1	1	1	0	0	1.41403E+00	3.45552E+11
12	1	1	2	0	0	5.90366E+00	2.27876E+10
12	1	1	2	0	1	5.81662E+00	1.54415E+11
12	1	1	2	1	1	5.92488E+00	1.14662E+08
12	1	1	3	0	0	1.38296E+01	6.83247E+09
12	1	1	3	0	1	1.37020E+01	5.88994E+10
12	1	1	3	2	1	1.39806E+01	2.42434E+09
12	1	1	4	0	0	2.60086E+01	3.33224E+09
12	1	1	4	0	1	2.58199E+01	2.52243E+10
12	1	1	4	2	1	2.62346E+01	3.19000E+09
12	1	1	5	0	0	4.38254E+01	2.04138E+09
12	1	1	5	0	1	4.35525E+01	1.20858E+10
12	1	1	5	2	1	4.40022E+01	3.15035E+09
12	1	1	6	0	0	6.93646E+01	1.42178E+09
12	1	1	6	0	1	6.88571E+01	7.53478E+09
12	1	1	6	2	1	6.97363E+01	2.88726E+09
12	1	1	7	0	0	1.07202E+02	1.07335E+09
12	1	1	7	0	1	1.06440E+02	5.11987E+09
12	1	1	7	2	1	1.07796E+02	2.59296E+09
12	1	1	8	0	0	1.66052E+02	8.55713E+08
12	1	1	8	0	1	1.64829E+02	3.69276E+09
12	1	1	8	2	1	1.67060E+02	2.33736E+09
12	1	1	9	0	0	2.66451E+02	7.09268E+08
12	1	1	9	0	1	2.64242E+02	2.78887E+09
12	1	1	9	2	1	2.68368E+02	2.14105E+09
12	1	1	10	0	0	4.69918E+02	6.05129E+08
12	1	1	10	0	1	4.64924E+02	2.17839E+09
12	1	1	10	2	1	4.74475E+02	2.00898E+09
12	1	1	11	0	0	1.08184E+03	5.27859E+08
12	1	1	11	0	1	1.06211E+03	1.69672E+09
12	1	1	11	2	1	1.10088E+03	1.91974E+09
12	1	1	12	0	1	4.73700E+04	4.72440E+04
12	2	0	1	0	0	1.41401E+00	7.36539E+09
12	2	0	2	0	0	5.90336E+00	1.15328E+07
12	2	0	2	1	0	5.99583E+00	8.50812E+10
12	2	0	3	1	0	1.39763E+01	6.99966E+10
12	2	0	4	1	0	2.62250E+01	3.77321E+10
12	2	0	4	3	0	2.63197E+01	6.33613E+08
12	2	0	5	1	0	4.41316E+01	2.16089E+10
12	2	0	5	3	0	4.41501E+01	9.53480E+08
12	2	0	6	1	0	6.97764E+01	1.33802E+10
12	2	0	6	3	0	6.99252E+01	1.08084E+09
12	2	0	7	1	0	1.07801E+02	8.96590E+09
12	2	0	7	3	0	1.08033E+02	1.12173E+09
12	2	0	8	1	0	1.66962E+02	6.35690E+09
12	2	0	8	3	0	1.67347E+02	1.13198E+09
12	2	0	9	1	0	2.67960E+02	4.71540E+09
12	2	0	9	3	0	2.68680E+02	1.14129E+09
12	2	0	10	1	0	4.72927E+02	3.62002E+09
12	2	0	10	3	0	4.74615E+02	1.16818E+09
12	2	0	11	1	0	1.09172E+03	2.78952E+09
12	2	0	11	3	0	1.09869E+03	1.21217E+09
12	2	1	2	0	1	5.81645E+00	1.70436E+07
12	2	1	2	1	1	5.92470E+00	9.43038E+10
12	2	1	3	1	1	1.38688E+01	7.28767E+10
12	2	1	4	1	1	2.60664E+01	3.83959E+10
12	2	1	4	3	1	2.62341E+01	6.33613E+08
12	2	1	5	1	1	4.39051E+01	2.16814E+10
12	2	1	5	3	1	4.40396E+01	9.53480E+08
12	2	1	6	1	1	6.95520E+01	1.33137E+10
12	2	1	6	3	1	6.97836E+01	1.08084E+09
12	2	1	7	1	1	1.07489E+02	8.84993E+09
12	2	1	7	3	1	1.07850E+02	1.12173E+09
12	2	1	8	1	1	1.66509E+02	6.22981E+09
12	2	1	8	3	1	1.67108E+02	1.13198E+09
12	2	1	9	1	1	2.67243E+02	4.58747E+09
12	2	1	9	3	1	2.68361E+02	1.14129E+09
12	2	1	10	1	1	4.71571E+02	3.49011E+09
12	2	1	10	3	1	4.74183E+02	1.16818E+09
12	2	1	11	1	1	1.08757E+03	2.64548E+09
12	2	1	11	3	1	1.09832E+03	1.21217E+09
12	2	1	12	1	1	2.04059E+05	3.46562E+03
12	3	0	3	2	0	1.39970E+01	7.71942E+10
12	3	0	4	2	0	2.62550E+01	4.75210E+10
12	3	0	5	2	0	4.41170E+01	2.86342E+10
12	3	0	5	4	0	4.41644E+01	1.77233E+08
12	3	0	6	2	0	6.98725E+01	1.82406E+10
12	3	0	6	4	0	6.99441E+01	3.39463E+08
12	3	0	7	2	0	1.07945E+02	1.22942E+10
12	3	0	7	4	0	1.08057E+02	4.62149E+08
12	3	0	8	2	0	1.67188E+02	8.69476E+09
12	3	0	8	4	0	1.67375E+02	5.57845E+08
12	3	0	9	2	0	2.68355E+02	6.39593E+09
12	3	0	9	4	0	2.68704E+02	6.43908E+08
12	3	0	10	2	0	4.73772E+02	4.84274E+09
12	3	0	10	4	0	4.74592E+02	7.38273E+08
12	3	0	11	2	0	1.09481E+03	3.65096E+09
12	3	0	11	4	0	1.09820E+03	8.52179E+08
12	3	1	3	2	1	1.39792E+01	7.71942E+10
12	3	1	4	2	1	2.62297E+01	4.75210E+10
12	3	1	5	2	1	4.39884E+01	2.86342E+10
12	3	1	5	4	1	4.40619E+01	1.77233E+08
12	3	1	6	2	1	6.97018E+01	1.82406E+10
12	3	1	6	4	1	6.98131E+01	3.39463E+08
12	3	1	7	2	1	1.07714E+02	1.22942E+10
12	3	1	7	4	1	1.07888E+02	4.62149E+08
12	3	1	8	2	1	1.66863E+02	8.69476E+09
12	3	1	8	4	1	1.67152E+02	5.57845E+08
12	3	1	9	2	1	2.67858E+02	6.39593E+09
12	3	1	9	4	1	2.68398E+02	6.43908E+08
12	3	1	10	2	1	4.72883E+02	4.84274E+09
12	3	1	10	4	1	4.74148E+02	7.38273E+08
12	3	1	11	2	1	1.09235E+03	3.65096E+09
12	3	1	11	4	1	1.09757E+03	8.52179E+08
12	4	0	4	3	0	2.63182E+01	3.16806E+10
12	4	0	5	3	0	4.41458E+01	2.75696E+10
12	4	0	6	3	0	6.99142E+01	2.03199E+10
12	4	0	6	5	0	6.99567E+01	6.39399E+07
12	4	0	7	3	0	1.08007E+02	1.47156E+10
12	4	0	7	5	0	1.08073E+02	1.49952E+08
12	4	0	8	3	0	1.67285E+02	1.08102E+10
12	4	0	8	5	0	1.67396E+02	2.40949E+08
12	4	0	9	3	0	2.68519E+02	8.10704E+09
12	4	0	9	5	0	2.68727E+02	3.37088E+08
12	4	0	10	3	0	4.74113E+02	6.18094E+09
12	4	0	10	5	0	4.74601E+02	4.48779E+08
12	4	0	11	3	0	1.09600E+03	4.64123E+09
12	4	0	11	5	0	1.09802E+03	5.91367E+08
12	4	1	4	3	1	2.62317E+01	3.16806E+10
12	4	1	5	3	1	4.40330E+01	2.75696E+10
12	4	1	6	3	1	6.97668E+01	2.03199E+10
12	4	1	6	5	1	6.98328E+01	6.39399E+07
12	4	1	7	3	1	1.07810E+02	1.47156E+10
12	4	1	7	5	1	1.07913E+02	1.49952E+08
12	4	1	8	3	1	1.67012E+02	1.08102E+10
12	4	1	8	5	1	1.67184E+02	2.40949E+08
12	4	1	9	3	1	2.68113E+02	8.10704E+09
12	4	1	9	5	1	2.68435E+02	3.37088E+08
12	4	1	10	3	1	4.73410E+02	6.18094E+09
12	4	1	10	5	1	4.74164E+02	4.48779E+08
12	4	1	11	3	1	1.09418E+03	4.64123E+09
12	4	1	11	5	1	1.09730E+03	5.91367E+08
12	5	0	5	4	0	4.41618E+01	1.51643E+10
12	5	0	6	4	0	6.99376E+01	1.71199E+10
12	5	0	7	4	0	1.08041E+02	1.49098E+10
12	5	0	7	6	0	1.08085E+02	2.89625E+07
12	5	0	8	4	0	1.67338E+02	1.20911E+10
12	5	0	8	6	0	1.67411E+02	8.16635E+07
12	5	0	9	4	0	2.68608E+02	9.60619E+09
12	5	0	9	6	0	2.68746E+02	1.54493E+08
12	5	0	10	4	0	4.74292E+02	7.57556E+09
12	5	0	10	6	0	4.74617E+02	2.53331E+08
12	5	0	11	4	0	1.09660E+03	5.78360E+09
12	5	0	11	6	0	1.09795E+03	3.95803E+08
12	5	1	5	4	1	4.40579E+01	1.51643E+10
12	5	1	6	4	1	6.98031E+01	1.71199E+10
12	5	1	7	4	1	1.07864E+02	1.49098E+10
12	5	1	7	6	1	1.07932E+02	2.89625E+07
12	5	1	8	4	1	1.67095E+02	1.20911E+10
12	5	1	8	6	1	1.67209E+02	8.16635E+07
12	5	1	9	4	1	2.68251E+02	9.60619E+09
12	5	1	9	6	1	2.68465E+02	1.54493E+08
12	5	1	10	4	1	4.73688E+02	7.57556E+09
12	5	1	10	6	1	4.74190E+02	2.53331E+08
12	5	1	11	4	1	1.09511E+03	5.78360E+09
12	5	1	11	6	1	1.09718E+03	3.95803E+08
12	6	0	6	5	0	6.99524E+01	8.42826E+09
12	6	0	7	5	0	1.08063E+02	1.17081E+10
12	6	0	8	5	0	1.67371E+02	1.17458E+10
12	6	0	8	7	0	1.67424E+02	1.65807E+07
12	6	0	9	5	0	2.68663E+02	1.05161E+10
12	6	0	9	7	0	2.68762E+02	5.60671E+07
12	6	0	10	5	0	4.74401E+02	8.92048E+09
12	6	0	10	7	0	4.74633E+02	1.26608E+08
12	6	0	11	5	0	1.09695E+03	7.11887E+09
12	6	0	11	7	0	1.09792E+03	2.49311E+08
12	6	1	6	5	1	6.98261E+01	8.42826E+09
12	6	1	7	5	1	1.07898E+02	1.17081E+10
12	6	1	8	5	1	1.67146E+02	1.17458E+10
12	6	1	8	7	1	1.67228E+02	1.65807E+07
12	6	1	9	5	1	2.68336E+02	1.05161E+10
12	6	1	9	7	1	2.68489E+02	5.60671E+07
12	6	1	10	5	1	4.73857E+02	8.92048E+09
12	6	1	10	7	1	4.74216E+02	1.26608E+08
12	6	1	11	5	1	1.09566E+03	7.11887E+09
12	6	1	11	7	1	1.09714E+03	2.49311E+08
12	7	0	7	6	0	1.08078E+02	5.52130E+09
12	7	0	8	6	0	1.67394E+02	9.10095E+09
12	7	0	9	6	0	2.68700E+02	1.03002E+10
12	7	0	9	8	0	2.68775E+02	1.24133E+07
12	7	0	10	6	0	4.74474E+02	1.00056E+10
12	7	0	10	8	0	4.74648E+02	5.11362E+07
12	7	0	11	6	0	1.09718E+03	8.68764E+09
12	7	0	11	8	0	1.09791E+03	1.42217E+08
12	7	1	7	6	1	1.07921E+02	5.52130E+09
12	7	1	8	6	1	1.67182E+02	9.10095E+09
12	7	1	9	6	1	2.68394E+02	1.03002E+10
12	7	1	9	8	1	2.68509E+02	1.24133E+07
12	7	1	10	6	1	4.73970E+02	1.00056E+10
12	7	1	10	8	1	4.74240E+02	5.11362E+07
12	7	1	11	6	1	1.09601E+03	8.68764E+09
12	7	1	11	8	1	1.09712E+03	1.42217E+08
12	8	0	8	7	0	1.67410E+02	4.40517E+09
12	8	0	9	7	0	2.68727E+02	8.37896E+09
12	8	0	10	7	0	4.74526E+02	1.04646E+10
12	8	0	10	9	0	4.74662E+02	1.30302E+07
12	8	0	11	7	0	1.09734E+03	1.05345E+10
12	8	0	11	9	0	1.09791E+03	6.79525E+07
12	8	1	8	7	1	1.67207E+02	4.40517E+09
12	8	1	9	7	1	2.68436E+02	8.37896E+09
12	8	1	10	7	1	4.74051E+02	1.04646E+10
12	8	1	10	9	1	4.74261E+02	1.30302E+07
12	8	1	11	7	1	1.09626E+03	1.05345E+10
12	8	1	11	9	1	1.09713E+03	6.79525E+07
12	9	0	9	8	0	2.68748E+02	4.53598E+09
12	9	0	10	8	0	4.74565E+02	9.69118E+09
12	9	0	11	8	0	1.09746E+03	1.27102E+10
12	9	0	11	10	0	1.09791E+03	2.17429E+07
12	9	1	9	8	1	2.68468E+02	4.53598E+09
12	9	1	10	8	1	4.74111E+02	9.69118E+09
12	9	1	11	8	1	1.09644E+03	1.27102E+10
12	9	1	11	10	1	1.09713E+03	2.17429E+07
12	10	0	10	9	0	4.74595E+02	6.71250E+09
12	10	0	11	9	0	1.09755E+03	1.52738E+10
12	10	1	10	9	1	4.74158E+02	6.71250E+09
12	10	1	11	9	1	1.09658E+03	1.52738E+10
12	11	0	11	10	0	1.09762E+03	1.82939E+10
12	11	1	11	10	1	1.09668E+03	1.82939E+10
13	0	0	2	1	0	5.97086E+00	1.88862E+10
13	0	0	2	1	1	5.90019E+00	9.46486E+09
13	0	0	3	1	0	1.38414E+01	1.60972E+10
13	0	0	3	1	1	1.37353E+01	2.44238E+09
13	0	0	4	1	0	2.57540E+01	1.19256E+10
13	0	0	4	1	1	2.55985E+01	1.89075E+09
13	0	0	5	1	0	4.28140E+01	8.87165E+09
13	0	0	5	1	1	4.25939E+01	1.46371E+09
13	0	0	6	1	0	6.65387E+01	6.74783E+09
13	0	0	6	1	1	6.63179E+01	1.13312E+09
13	0	0	7	1	0	1.00264E+02	5.33657E+09
13	0	0	7	1	1	9.99561E+01	8.77195E+08
13	0	0	8	1	0	1.49549E+02	4.35003E+09
13	0	0	8	1	1	1.49102E+02	6.79073E+08
13	0	0	9	1	0	2.25771E+02	3.65098E+09
13	0	0	9	1	1	2.25070E+02	5.25699E+08
13	0	0	10	1	0	3.55638E+02	3.15480E+09
13	0	0	10	1	1	3.54394E+02	4.06966E+08
13	0	0	11	1	0	6.19832E+02	2.80763E+09
13	0	0	11	1	1	6.17043E+02	3.15049E+08
13	0	0	12	1	0	1.42750E+03	2.54267E+09
13	0	0	12	1	1	1.41633E+03	2.43893E+08
13	0	1	2	1	1	5.90056E+00	1.96601E+10
13	0	1	3	1	1	1.37372E+01	1.66616E+10
13	0	1	4	1	1	2.56053E+01	1.23083E+10
13	0	1	5	1	1	4.26127E+01	9.11544E+09
13	0	1	6	1	1	6.63637E+01	6.93443E+09
13	0	1	7	1	1	1.00060E+02	5.47803E+09
13	0	1	8	1	1	1.49333E+02	4.46175E+09
13	0	1	9	1	1	2.25598E+02	3.74280E+09
13	0	1	10	1	1	3.55705E+02	3.23354E+09
13	0	1	11	1	1	6.21029E+02	2.87891E+09
13	0	1	12	1	1	1.43750E+03	2.61356E+09
13	1	0	1	0	0	1.41260E+00	1.37102E+12
13	1	0	2	0	0	5.87878E+00	1.18181E+11
13	1	0	2	1	0	5.97048E+00	8.86582E+07
13	1	0	3	0	0	1.36938E+01	3.62900E+10
13	1	0	3	2	0	1.38599E+01	1.52224E+09
13	1	0	4	0	0	2.55326E+01	1.69785E+10
13	1	0	4	2	0	2.57768E+01	2.09407E+09
13	1	0	5	0	0	4.24906E+01	9.48790E+09
13	1	0	5	2	0	4.27832E+01	2.12368E+09
13	1	0	6	0	0	6.60791E+01	5.90747E+09
13	1	0	6	2	0	6.65847E+01	1.96909E+09
13	1	0	7	0	0	9.95525E+01	4.02062E+09
13	1	0	7	2	0	1.00294E+02	1.77546E+09
13	1	0	8	0	0	1.48390E+02	2.90209E+09
13	1	0	8	2	0	1.49522E+02	1.59682E+09
13	1	0	9	0	0	2.23722E+02	2.19304E+09
13	1	0	9	2	0	2.25576E+02	1.45016E+09
13	1	0	10	0	0	3.51514E+02	1.71968E+09
13	1	0	10	2	0	3.54937E+02	1.33982E+09
13	1	0	11	0	0	6.09326E+02	1.38670E+09
13	1	0	11	2	0	6.17253E+02	1.26567E+09
13	1	0	12	0	0	1.37990E+03	1.11275E+09
13	1	0	12	2	0	1.41222E+03	1.20824E+09
13	1	0	13	0	0	9.30087E+04	1.83645E+04
13	1	1	1	0	0	1.41261E+00	2.74475E+11
13	1	1	2	0	0	5.87893E+00	1.81004E+10
13	1	1	2	0	1	5.79261E+00	1.22594E+11
13	1	1	2	1	1	5.89997E+00	9.09406E+07
13	1	1	3	0	0	1.36946E+01	5.42709E+09
13	1	1	3	0	1	1.35696E+01	4.75584E+10
13	1	1	3	2	1	1.38427E+01	1.75462E+09
13	1	1	4	0	0	2.55354E+01	2.64683E+09
13	1	1	4	0	1	2.53535E+01	2.04572E+10
13	1	1	4	2	1	2.57532E+01	2.37067E+09
13	1	1	5	0	0	4.24983E+01	1.62149E+09
13	1	1	5	0	1	4.22416E+01	9.46946E+09
13	1	1	5	2	1	4.26645E+01	2.36441E+09
13	1	1	6	0	0	6.60978E+01	1.12934E+09
13	1	1	6	0	1	6.56368E+01	5.90394E+09
13	1	1	6	2	1	6.64352E+01	2.17204E+09
13	1	1	7	0	0	9.95950E+01	8.52575E+08
13	1	1	7	0	1	9.89368E+01	4.00913E+09
13	1	1	7	2	1	1.00107E+02	1.94560E+09
13	1	1	8	0	0	1.48484E+02	6.79701E+08
13	1	1	8	0	1	1.47505E+02	2.88829E+09
13	1	1	8	2	1	1.49290E+02	1.74141E+09
13	1	1	9	0	0	2.23936E+02	5.63378E+08
13	1	1	9	0	1	2.22374E+02	2.17877E+09
13	1	1	9	2	1	2.25288E+02	1.57594E+09
13	1	1	10	0	0	3.52044E+02	4.80659E+08
13	1	1	10	0	1	3.49233E+02	1.70532E+09
13	1	1	10	2	1	3.54595E+02	1.45280E+09
13	1	1	11	0	0	6.10920E+02	4.19283E+08
13	1	1	11	0	1	6.04577E+02	1.37182E+09
13	1	1	11	2	1	6.16947E+02	1.37208E+09
13	1	1	12	0	0	1.38810E+03	3.72184E+08
13	1	1	12	0	1	1.36308E+03	1.09572E+09
13	1	1	12	2	1	1.41318E+03	1.31793E+09
13	1	1	13	0	1	5.92716E+04	3.08414E+04
13	2	0	1	0	0	1.41259E+00	5.80462E+09
13	2	0	2	0	0	5.87869E+00	9.14644E+06
13	2	0	2	1	0	5.97039E+00	6.00427E+10
13	2	0	3	1	0	1.38389E+01	5.32372E+10
13	2	0	4	1	0	2.57452E+01	2.91796E+10
13	2	0	4	3	0	2.58365E+01	4.86935E+08
13	2	0	5	1	0	4.27896E+01	1.68085E+10
13	2	0	5	3	0	4.28070E+01	7.26923E+08
13	2	0	6	1	0	6.64798E+01	1.04362E+10
13	2	0	6	3	0	6.66149E+01	8.15956E+08
13	2	0	7	1	0	1.00130E+02	6.99988E+09
13	2	0	7	3	0	1.00330E+02	8.36479E+08
13	2	0	8	1	0	1.49252E+02	4.96342E+09
13	2	0	8	3	0	1.49560E+02	8.30939E+08
13	2	0	9	1	0	2.25095E+02	3.68128E+09
13	2	0	9	3	0	2.25603E+02	8.20662E+08
13	2	0	10	1	0	3.53963E+02	2.83287E+09
13	2	0	10	3	0	3.54908E+02	8.17712E+08
13	2	0	11	1	0	6.14761E+02	2.24285E+09
13	2	0	11	3	0	6.16965E+02	8.30540E+08
13	2	0	12	1	0	1.40089E+03	1.77535E+09
13	2	0	12	3	0	1.40996E+03	8.55686E+08
13	2	1	2	0	1	5.79248E+00	1.35153E+07
13	2	1	2	1	1	5.89983E+00	6.69746E+10
13	2	1	3	1	1	1.37333E+01	5.55538E+10
13	2	1	4	1	1	2.55917E+01	2.97455E+10
13	2	1	4	3	1	2.57533E+01	4.86935E+08
13	2	1	5	1	1	4.25750E+01	1.68948E+10
13	2	1	5	3	1	4.27015E+01	7.26923E+08
13	2	1	6	1	1	6.62722E+01	1.04035E+10
13	2	1	6	3	1	6.64824E+01	8.15956E+08
13	2	1	7	1	1	9.98522E+01	6.92435E+09
13	2	1	7	3	1	1.00164E+02	8.36479E+08
13	2	1	8	1	1	1.48871E+02	4.87771E+09
13	2	1	8	3	1	1.49350E+02	8.30939E+08
13	2	1	9	1	1	2.24544E+02	3.59541E+09
13	2	1	9	3	1	2.25332E+02	8.20662E+08
13	2	1	10	1	1	3.53091E+02	2.74863E+09
13	2	1	10	3	1	3.54553E+02	8.17712E+08
13	2	1	11	1	1	6.13106E+02	2.15783E+09
13	2	1	11	3	1	6.16507E+02	8.30540E+08
13	2	1	12	1	1	1.39575E+03	1.68105E+09
13	2	1	12	3	1	1.40971E+03	8.55686E+08
13	2	1	13	1	1	2.53956E+05	2.34124E+03
13	3	0	3	2	0	1.38592E+01	5.98767E+10
13	3	0	4	2	0	2.57743E+01	3.68803E+10
13	3	0	5	2	0	4.27764E+01	2.22336E+10
13	3	0	5	4	0	4.28210E+01	1.32695E+08
13	3	0	6	2	0	6.65682E+01	1.41692E+10
13	3	0	6	4	0	6.66332E+01	2.50874E+08
13	3	0	7	2	0	1.00257E+02	9.55353E+09
13	3	0	7	4	0	1.00353E+02	3.36092E+08
13	3	0	8	2	0	1.49440E+02	6.75962E+09
13	3	0	8	4	0	1.49589E+02	3.97487E+08
13	3	0	9	2	0	2.25388E+02	4.97866E+09
13	3	0	9	4	0	2.25634E+02	4.46709E+08
13	3	0	10	2	0	3.54471E+02	3.78988E+09
13	3	0	10	4	0	3.54929E+02	4.94307E+08
13	3	0	11	2	0	6.15845E+02	2.95549E+09
13	3	0	11	4	0	6.16916E+02	5.50702E+08
13	3	0	12	2	0	1.40487E+03	2.28793E+09
13	3	0	12	4	0	1.40929E+03	6.20912E+08
13	3	1	3	2	1	1.38416E+01	5.98767E+10
13	3	1	4	2	1	2.57494E+01	3.68803E+10
13	3	1	5	2	1	4.26541E+01	2.22336E+10
13	3	1	5	4	1	4.27232E+01	1.32695E+08
13	3	1	6	2	1	6.64101E+01	1.41692E+10
13	3	1	6	4	1	6.65110E+01	2.50874E+08
13	3	1	7	2	1	1.00050E+02	9.55353E+09
13	3	1	7	4	1	1.00200E+02	3.36092E+08
13	3	1	8	2	1	1.49163E+02	6.75962E+09
13	3	1	8	4	1	1.49394E+02	3.97487E+08
13	3	1	9	2	1	2.24999E+02	4.97866E+09
13	3	1	9	4	1	2.25381E+02	4.46709E+08
13	3	1	10	2	1	3.53879E+02	3.78988E+09
13	3	1	10	4	1	3.54588E+02	4.94307E+08
13	3	1	11	2	1	6.14784E+02	2.95549E+09
13	3	1	11	4	1	6.16435E+02	5.50702E+08
13	3	1	12	2	1	1.40188E+03	2.28793E+09
13	3	1	12	4	1	1.40868E+03	6.20912E+08
13	4	0	4	3	0	2.58353E+01	2.41405E+10
13	4	0	5	3	0	4.28037E+01	2.10231E+10
13	4	0	6	3	0	6.66069E+01	1.55076E+10
13	4	0	6	5	0	6.66454E+01	4.59104E+07
13	4	0	7	3	0	1.00312E+02	1.12417E+10
13	4	0	7	5	0	1.00369E+02	1.05522E+08
13	4	0	8	3	0	1.49520E+02	8.27012E+09
13	4	0	8	5	0	1.49609E+02	1.65287E+08
13	4	0	9	3	0	2.25512E+02	6.21945E+09
13	4	0	9	5	0	2.25658E+02	2.23636E+08
13	4	0	10	3	0	3.54681E+02	4.77954E+09
13	4	0	10	5	0	3.54954E+02	2.84628E+08
13	4	0	11	3	0	6.16280E+02	3.73095E+09
13	4	0	11	5	0	6.16918E+02	3.56429E+08
13	4	0	12	3	0	1.40639E+03	2.86636E+09
13	4	0	12	5	0	1.40903E+03	4.48203E+08
13	4	1	4	3	1	2.57515E+01	2.41405E+10
13	4	1	5	3	1	4.26965E+01	2.10231E+10
13	4	1	6	3	1	6.64702E+01	1.55076E+10
13	4	1	6	5	1	6.65300E+01	4.59104E+07
13	4	1	7	3	1	1.00136E+02	1.12417E+10
13	4	1	7	5	1	1.00225E+02	1.05522E+08
13	4	1	8	3	1	1.49288E+02	8.27012E+09
13	4	1	8	5	1	1.49425E+02	1.65287E+08
13	4	1	9	3	1	2.25192E+02	6.21945E+09
13	4	1	9	5	1	2.25419E+02	2.23636E+08
13	4	1	10	3	1	3.54205E+02	4.77954E+09
13	4	1	10	5	1	3.54627E+02	2.84628E+08
13	4	1	11	3	1	6.15456E+02	3.73095E+09
13	4	1	11	5	1	6.16440E+02	3.56429E+08
13	4	1	12	3	1	1.40423E+03	2.86636E+09
13	4	1	12	5	1	1.40828E+03	4.48203E+08
13	5	0	5	4	0	4.28190E+01	1.12150E+10
13	5	0	6	4	0	6.66285E+01	1.26745E+10
13	5	0	7	4	0	1.00342E+02	1.10537E+10
13	5	0	7	6	0	1.00381E+02	1.95059E+07
13	5	0	8	4	0	1.49565E+02	8.98288E+09
13	5	0	8	6	0	1.49624E+02	5.33278E+07
13	5	0	9	4	0	2.25579E+02	7.16467E+09
13	5	0	9	6	0	2.25677E+02	9.68728E+07
13	5	0	10	4	0	3.54794E+02	5.70641E+09
13	5	0	10	6	0	3.54976E+02	1.50296E+08
13	5	0	11	4	0	6.16508E+02	4.54730E+09
13	5	0	11	6	0	6.16933E+02	2.19410E+08
13	5	0	12	4	0	1.40716E+03	3.52241E+09
13	5	0	12	6	0	1.40891E+03	3.15802E+08
13	5	1	5	4	1	4.27202E+01	1.12150E+10
13	5	1	6	4	1	6.65037E+01	1.26745E+10
13	5	1	7	4	1	1.00183E+02	1.10537E+10
13	5	1	7	6	1	1.00243E+02	1.95059E+07
13	5	1	8	4	1	1.49357E+02	8.98288E+09
13	5	1	8	6	1	1.49448E+02	5.33278E+07
13	5	1	9	4	1	2.25297E+02	7.16467E+09
13	5	1	9	6	1	2.25448E+02	9.68728E+07
13	5	1	10	4	1	3.54380E+02	5.70641E+09
13	5	1	10	6	1	3.54661E+02	1.50296E+08
13	5	1	11	4	1	6.15808E+02	4.54730E+09
13	5	1	11	6	1	6.16463E+02	2.19410E+08
13	5	1	12	4	1	1.40541E+03	3.52241E+09
13	5	1	12	6	1	1.40811E+03	3.15802E+08
13	6	0	6	5	0	6.66422E+01	5.94654E+09
13	6	0	7	5	0	1.00362E+02	8.27408E+09
13	6	0	8	5	0	1.49593E+02	8.32182E+09
13	6	0	8	7	0	1.49635E+02	1.01434E+07
13	6	0	9	5	0	2.25622E+02	7.48561E+09
13	6	0	9	7	0	2.25691E+02	3.26887E+07
13	6	0	10	5	0	3.54864E+02	6.42250E+09
13	6	0	10	7	0	3.54994E+02	6.90768E+07
13	6	0	11	5	0	6.16646E+02	5.36681E+09
13	6	0	11	7	0	6.16950E+02	1.24793E+08
13	6	0	12	5	0	1.40761E+03	4.27771E+09
13	6	0	12	7	0	1.40886E+03	2.13585E+08
13	6	1	6	5	1	6.65251E+01	5.94654E+09
13	6	1	7	5	1	1.00214E+02	8.27408E+09
13	6	1	8	5	1	1.49401E+02	8.32182E+09
13	6	1	8	7	1	1.49466E+02	1.01434E+07
13	6	1	9	5	1	2.25363E+02	7.48561E+09
13	6	1	9	7	1	2.25471E+02	3.26887E+07
13	6	1	10	5	1	3.54489E+02	6.42250E+09
13	6	1	10	7	1	3.54689E+02	6.90768E+07
13	6	1	11	5	1	6.16022E+02	5.36681E+09
13	6	1	11	7	1	6.16490E+02	1.24793E+08
13	6	1	12	5	1	1.40610E+03	4.27771E+09
13	6	1	12	7	1	1.40804E+03	2.13585E+08
13	7	0	7	6	0	1.00375E+02	3.62527E+09
13	7	0	8	6	0	1.49612E+02	5.99240E+09
13	7	0	9	6	0	2.25651E+02	6.81745E+09
13	7	0	9	8	0	2.25703E+02	6.57124E+06
13	7	0	10	6	0	3.54911E+02	6.70539E+09
13	7	0	10	8	0	3.55009E+02	2.50410E+07
13	7	0	11	6	0	6.16738E+02	6.11118E+09
13	7	0	11	8	0	6.16966E+02	6.26557E+07
13	7	0	12	6	0	1.40790E+03	5.15258E+09
13	7	0	12	8	0	1.40884E+03	1.35602E+08
13	7	1	7	6	1	1.00235E+02	3.62527E+09
13	7	1	8	6	1	1.49431E+02	5.99240E+09
13	7	1	9	6	1	2.25408E+02	6.81745E+09
13	7	1	9	8	1	2.25489E+02	6.57124E+06
13	7	1	10	6	1	3.54562E+02	6.70539E+09
13	7	1	10	8	1	3.54713E+02	2.50410E+07
13	7	1	11	6	1	6.16165E+02	6.11118E+09
13	7	1	11	8	1	6.16516E+02	6.26557E+07
13	7	1	12	6	1	1.40655E+03	5.15258E+09
13	7	1	12	8	1	1.40800E+03	1.35602E+08
13	8	0	8	7	0	1.49626E+02	2.59359E+09
13	8	0	9	7	0	2.25672E+02	4.96051E+09
13	8	0	10	7	0	3.54945E+02	6.27729E+09
13	8	0	10	9	0	3.55021E+02	5.52012E+06
13	8	0	11	7	0	6.16804E+02	6.64468E+09
13	8	0	11	9	0	6.16981E+02	2.53689E+07
13	8	0	12	7	0	1.40810E+03	6.16853E+09
13	8	0	12	9	0	1.40884E+03	7.78443E+07
13	8	1	8	7	1	1.49453E+02	2.59359E+09
13	8	1	9	7	1	2.25441E+02	4.96051E+09
13	8	1	10	7	1	3.54615E+02	6.27729E+09
13	8	1	10	9	1	3.54732E+02	5.52012E+06
13	8	1	11	7	1	6.16266E+02	6.64468E+09
13	8	1	11	9	1	6.16540E+02	2.53689E+07
13	8	1	12	7	1	1.40687E+03	6.16853E+09
13	8	1	12	9	1	1.40800E+03	7.78443E+07
13	9	0	9	8	0	2.25688E+02	2.25626E+09
13	9	0	10	8	0	3.54971E+02	4.88645E+09
13	9	0	11	8	0	6.16852E+02	6.74690E+09
13	9	0	11	10	0	6.16995E+02	6.46897E+06
13	9	0	12	8	0	1.40825E+03	7.34956E+09
13	9	0	12	10	0	1.40884E+03	3.73891E+07
13	9	1	9	8	1	2.25465E+02	2.25626E+09
13	9	1	10	8	1	3.54655E+02	4.88645E+09
13	9	1	11	8	1	6.16342E+02	6.74690E+09
13	9	1	11	10	1	6.16561E+02	6.46897E+06
13	9	1	12	8	1	1.40709E+03	7.34956E+09
13	9	1	12	10	1	1.40800E+03	3.73891E+07
13	10	0	10	9	0	3.54991E+02	2.53296E+09
13	10	0	11	9	0	6.16890E+02	6.07206E+09
13	10	0	12	9	0	1.40836E+03	8.72293E+09
13	10	0	12	11	0	1.40884E+03	1.20155E+07
13	10	1	10	9	1	3.54686E+02	2.53296E+09
13	10	1	11	9	1	6.16400E+02	6.07206E+09
13	10	1	12	9	1	1.40727E+03	8.72293E+09
13	10	1	12	11	1	1.40801E+03	1.20155E+07
13	11	0	11	10	0	6.16920E+02	4.08984E+09
13	11	0	12	10	0	1.40845E+03	1.03200E+10
13	11	1	11	10	1	6.16446E+02	4.08984E+09
13	11	1	12	10	1	1.40740E+03	1.03200E+10
13	12	0	12	11	0	1.40852E+03	1.21768E+10
13	12	1	12	11	1	1.40751E+03	1.21768E+10
14	0	0	2	1	0	5.95072E+00	1.42677E+10
14	0	0	2	1	1	5.88052E+00	7.51601E+09
14	0	0	3	1	0	1.37336E+01	1.24312E+10
14	0	0	3	1	1	1.36291E+01	1.93949E+09
14	0	0	4	1	0	2.53834E+01	9.28789E+09
14	0	0	4	1	1	2.52323E+01	1.50144E+09
14	0	0	5	1	0	4.17993E+01	6.93396E+09
14	0	0	5	1	1	4.15894E+01	1.16233E+09
14	0	0	6	1	0	6.41196E+01	5.27905E+09
14	0	0	6	1	1	6.39145E+01	8.99806E+08
14	0	0	7	1	0	9.48701E+01	4.16893E+09
14	0	0	7	1	1	9.45948E+01	6.96578E+08
14	0	0	8	1	0	1.37859E+02	3.38588E+09
14	0	0	8	1	1	1.37479E+02	5.39250E+08
14	0	0	9	1	0	2.00149E+02	2.82421E+09
14	0	0	9	1	1	1.99598E+02	4.17456E+08
14	0	0	10	1	0	2.95958E+02	2.41758E+09
14	0	0	10	1	1	2.95096E+02	3.23170E+08
14	0	0	11	1	0	4.58641E+02	2.12453E+09
14	0	0	11	1	1	4.57113E+02	2.50180E+08
14	0	0	12	1	0	7.88931E+02	1.91803E+09
14	0	0	12	1	1	7.85506E+02	1.93674E+08
14	0	0	13	1	0	1.79772E+03	1.75792E+09
14	0	0	13	1	1	1.78399E+03	1.49932E+08
14	0	1	2	1	1	5.88081E+00	1.48474E+10
14	0	1	3	1	1	1.36307E+01	1.28645E+10
14	0	1	4	1	1	2.52376E+01	9.58402E+09
14	0	1	5	1	1	4.16038E+01	7.12300E+09
14	0	1	6	1	1	6.39486E+01	5.42355E+09
14	0	1	7	1	1	9.46694E+01	4.27813E+09
14	0	1	8	1	1	1.37637E+02	3.47159E+09
14	0	1	9	1	1	1.99930E+02	2.89392E+09
14	0	1	10	1	1	2.95822E+02	2.47631E+09
14	0	1	11	1	1	4.58859E+02	2.17598E+09
14	0	1	12	1	1	7.90678E+02	1.96549E+09
14	0	1	13	1	1	1.81089E+03	1.80594E+09
14	1	0	1	0	0	1.41147E+00	1.08961E+12
14	1	0	2	0	0	5.85932E+00	9.54039E+10
14	1	0	2	1	0	5.95041E+00	7.14590E+07
14	1	0	3	0	0	1.35887E+01	2.88825E+10
14	1	0	3	2	0	1.37522E+01	1.12316E+09
14	1	0	4	0	0	2.51695E+01	1.35316E+10
14	1	0	4	2	0	2.54067E+01	1.58636E+09
14	1	0	5	0	0	4.14944E+01	7.56446E+09
14	1	0	5	2	0	4.17734E+01	1.62624E+09
14	1	0	6	0	0	6.37008E+01	4.71030E+09
14	1	0	6	2	0	6.41704E+01	1.51367E+09
14	1	0	7	0	0	9.42510E+01	3.20382E+09
14	1	0	7	2	0	9.49153E+01	1.36422E+09
14	1	0	8	0	0	1.36911E+02	2.30976E+09
14	1	0	8	2	0	1.37874E+02	1.22209E+09
14	1	0	9	0	0	1.98615E+02	1.74230E+09
14	1	0	9	2	0	2.00075E+02	1.10146E+09
14	1	0	10	0	0	2.93267E+02	1.36349E+09
14	1	0	10	2	0	2.95646E+02	1.00574E+09
14	1	0	11	0	0	4.53271E+02	1.10024E+09
14	1	0	11	2	0	4.57643E+02	9.35107E+08
14	1	0	12	0	0	7.75365E+02	9.08855E+08
14	1	0	12	2	0	7.85463E+02	8.88628E+08
14	1	0	13	0	0	1.73678E+03	7.44768E+08
14	1	0	13	2	0	1.77787E+03	8.52193E+08
14	1	0	14	0	0	1.14082E+05	1.26060E+04
14	1	1	1	0	0	1.41148E+00	2.21773E+11
14	1	1	2	0	0	5.85943E+00	1.46249E+10
14	1	1	2	0	1	5.77368E+00	9.90105E+10
14	1	1	2	1	1	5.88033E+00	7.32942E+07
14	1	1	3	0	0	1.35893E+01	4.38502E+09
14	1	1	3	0	1	1.34662E+01	3.90148E+10
14	1	1	3	2	1	1.37351E+01	1.29531E+09
14	1	1	4	0	0	2.51716E+01	2.13860E+09
14	1	1	4	0	1	2.49948E+01	1.68507E+10
14	1	1	4	2	1	2.53833E+01	1.79754E+09
14	1	1	5	0	0	4.15002E+01	1.31014E+09
14	1	1	5	0	1	4.12554E+01	7.55128E+09
14	1	1	5	2	1	4.16587E+01	1.81186E+09
14	1	1	6	0	0	6.37145E+01	9.12490E+08
14	1	1	6	0	1	6.32860E+01	4.70812E+09
14	1	1	6	2	1	6.40279E+01	1.67052E+09
14	1	1	7	0	0	9.42810E+01	6.88870E+08
14	1	1	7	0	1	9.36909E+01	3.19530E+09
14	1	1	7	2	1	9.47399E+01	1.49545E+09
14	1	1	8	0	0	1.36974E+02	5.49190E+08
14	1	1	8	0	1	1.36141E+02	2.29948E+09
14	1	1	8	2	1	1.37659E+02	1.33297E+09
14	1	1	9	0	0	1.98748E+02	4.55202E+08
14	1	1	9	0	1	1.97517E+02	1.73178E+09
14	1	1	9	2	1	1.99813E+02	1.19689E+09
14	1	1	10	0	0	2.93558E+02	3.88367E+08
14	1	1	10	0	1	2.91601E+02	1.35317E+09
14	1	1	10	2	1	2.95330E+02	1.08988E+09
14	1	1	11	0	0	4.53967E+02	3.38776E+08
14	1	1	11	0	1	4.50455E+02	1.09008E+09
14	1	1	11	2	1	4.57287E+02	1.01168E+09
14	1	1	12	0	0	7.77402E+02	3.00720E+08
14	1	1	12	0	1	7.69491E+02	8.98424E+08
14	1	1	12	2	1	7.85207E+02	9.61636E+08
14	1	1	13	0	0	1.74703E+03	2.70710E+08
14	1	1	13	0	1	1.71586E+03	7.32896E+08
14	1	1	13	2	1	1.77939E+03	9.28332E+08
14	1	1	14	0	1	7.29210E+04	2.07804E+04
14	2	0	1	0	0	1.41147E+00	4.65485E+09
14	2	0	2	0	0	5.85925E+00	7.37135E+06
14	2	0	2	1	0	5.95033E+00	4.31905E+10
14	2	0	3	1	0	1.37316E+01	4.12592E+10
14	2	0	4	1	0	2.53764E+01	2.29883E+10
14	2	0	4	3	0	2.54650E+01	3.82803E+08
14	2	0	5	1	0	4.17803E+01	1.33173E+10
14	2	0	5	3	0	4.17969E+01	5.67936E+08
14	2	0	6	1	0	6.40749E+01	8.28974E+09
14	2	0	6	3	0	6.42004E+01	6.32716E+08
14	2	0	7	1	0	9.47725E+01	5.56518E+09
14	2	0	7	3	0	9.49516E+01	6.42666E+08
14	2	0	8	1	0	1.37653E+02	3.94609E+09
14	2	0	8	3	0	1.37915E+02	6.31079E+08
14	2	0	9	1	0	1.99715E+02	2.92479E+09
14	2	0	9	3	0	2.00115E+02	6.14131E+08
14	2	0	10	1	0	2.95010E+02	2.24877E+09
14	2	0	10	3	0	2.95666E+02	6.00188E+08
14	2	0	11	1	0	4.56369E+02	1.78310E+09
14	2	0	11	3	0	4.57582E+02	5.94512E+08
14	2	0	12	1	0	7.82230E+02	1.44829E+09
14	2	0	12	3	0	7.85051E+02	6.01338E+08
14	2	0	13	1	0	1.76330E+03	1.17268E+09
14	2	0	13	3	0	1.77489E+03	6.16748E+08
14	2	1	2	0	1	5.77358E+00	1.08913E+07
14	2	1	2	1	1	5.88022E+00	4.84927E+10
14	2	1	3	1	1	1.36275E+01	4.31473E+10
14	2	1	4	1	1	2.52268E+01	2.34717E+10
14	2	1	4	3	1	2.53839E+01	3.82803E+08
14	2	1	5	1	1	4.15746E+01	1.34062E+10
14	2	1	5	3	1	4.16952E+01	5.67936E+08
14	2	1	6	1	1	6.38794E+01	8.27648E+09
14	2	1	6	3	1	6.40747E+01	6.32716E+08
14	2	1	7	1	1	9.45179E+01	5.51466E+09
14	2	1	7	3	1	9.47968E+01	6.42666E+08
14	2	1	8	1	1	1.37317E+02	3.88603E+09
14	2	1	8	3	1	1.37724E+02	6.31079E+08
14	2	1	9	1	1	1.99256E+02	2.86426E+09
14	2	1	9	3	1	1.99876E+02	6.14131E+08
14	2	1	10	1	1	2.94348E+02	2.19023E+09
14	2	1	10	3	1	2.95363E+02	6.00188E+08
14	2	1	11	1	1	4.55322E+02	1.72624E+09
14	2	1	11	3	1	4.57195E+02	5.94512E+08
14	2	1	12	1	1	7.80234E+02	1.39093E+09
14	2	1	12	3	1	7.84577E+02	6.01338E+08
14	2	1	13	1	1	1.75702E+03	1.10891E+09
14	2	1	13	3	1	1.77481E+03	6.16748E+08
14	2	1	14	1	1	3.10909E+05	1.62833E+03
14	3	0	3	2	0	1.37516E+01	4.74175E+10
14	3	0	4	2	0	2.54048E+01	2.92180E+10
14	3	0	5	2	0	4.17681E+01	1.76203E+10
14	3	0	5	4	0	4.18106E+01	1.02215E+08
14	3	0	6	2	0	6.41579E+01	1.12319E+10
14	3	0	6	4	0	6.42183E+01	1.91340E+08
14	3	0	7	2	0	9.48879E+01	7.57389E+09
14	3	0	7	4	0	9.49744E+01	2.53272E+08
14	3	0	8	2	0	1.37817E+02	5.35886E+09
14	3	0	8	4	0	1.37943E+02	2.95115E+08
14	3	0	9	2	0	1.99954E+02	3.94696E+09
14	3	0	9	4	0	2.00148E+02	3.25451E+08
14	3	0	10	2	0	2.95381E+02	3.00648E+09
14	3	0	10	4	0	2.95699E+02	3.51325E+08
14	3	0	11	2	0	4.57009E+02	2.35510E+09
14	3	0	11	4	0	4.57598E+02	3.78806E+08
14	3	0	12	2	0	7.83596E+02	1.88308E+09
14	3	0	12	4	0	7.84969E+02	4.14077E+08
14	3	0	13	2	0	1.76833E+03	1.49121E+09
14	3	0	13	4	0	1.77398E+03	4.59108E+08
14	3	1	3	2	1	1.37342E+01	4.74175E+10
14	3	1	4	2	1	2.53802E+01	2.92180E+10
14	3	1	5	2	1	4.16506E+01	1.76203E+10
14	3	1	5	4	1	4.17164E+01	1.02215E+08
14	3	1	6	2	1	6.40088E+01	1.12319E+10
14	3	1	6	4	1	6.41026E+01	1.91340E+08
14	3	1	7	2	1	9.46980E+01	7.57389E+09
14	3	1	7	4	1	9.48323E+01	2.53272E+08
14	3	1	8	2	1	1.37571E+02	5.35886E+09
14	3	1	8	4	1	1.37768E+02	2.95115E+08
14	3	1	9	2	1	1.99627E+02	3.94696E+09
14	3	1	9	4	1	1.99927E+02	3.25451E+08
14	3	1	10	2	1	2.94924E+02	3.00648E+09
14	3	1	10	4	1	2.95416E+02	3.51325E+08
14	3	1	11	2	1	4.56314E+02	2.35510E+09
14	3	1	11	4	1	4.57223E+02	3.78806E+08
14	3	1	12	2	1	7.82343E+02	1.88308E+09
14	3	1	12	4	1	7.84455E+02	4.14077E+08
14	3	1	13	2	1	1.76475E+03	1.49121E+09
14	3	1	13	4	1	1.77342E+03	4.59108E+08
14	4	0	4	3	0	2.54641E+01	1.88534E+10
14	4	0	5	3	0	4.17943E+01	1.64274E+10
14	4	0	6	3	0	6.41943E+01	1.21241E+10
14	4	0	6	5	0	6.42301E+01	3.42421E+07
14	4	0	7	3	0	9.49383E+01	8.79397E+09
14	4	0	7	5	0	9.49896E+01	7.75323E+07
14	4	0	8	3	0	1.37887E+02	6.47373E+09
14	4	0	8	5	0	1.37963E+02	1.19222E+08
14	4	0	9	3	0	2.00056E+02	4.87340E+09
14	4	0	9	5	0	2.00171E+02	1.57578E+08
14	4	0	10	3	0	2.95537E+02	3.75333E+09
14	4	0	10	5	0	2.95726E+02	1.94498E+08
14	4	0	11	3	0	4.57272E+02	2.95054E+09
14	4	0	11	5	0	4.57624E+02	2.33744E+08
14	4	0	12	3	0	7.84141E+02	2.35272E+09
14	4	0	12	5	0	7.84960E+02	2.81062E+08
14	4	0	13	3	0	1.77024E+03	1.84483E+09
14	4	0	13	5	0	1.77362E+03	3.41804E+08
14	4	1	4	3	1	2.53824E+01	1.88534E+10
14	4	1	5	3	1	4.16912E+01	1.64274E+10
14	4	1	6	3	1	6.40654E+01	1.21241E+10
14	4	1	6	5	1	6.41210E+01	3.42421E+07
14	4	1	7	3	1	9.47764E+01	8.79397E+09
14	4	1	7	5	1	9.48561E+01	7.75323E+07
14	4	1	8	3	1	1.37681E+02	6.47373E+09
14	4	1	8	5	1	1.37798E+02	1.19222E+08
14	4	1	9	3	1	1.99786E+02	4.87340E+09
14	4	1	9	5	1	1.99964E+02	1.57578E+08
14	4	1	10	3	1	2.95166E+02	3.75333E+09
14	4	1	10	5	1	2.95459E+02	1.94498E+08
14	4	1	11	3	1	4.56722E+02	2.95054E+09
14	4	1	11	5	1	4.57264E+02	2.33744E+08
14	4	1	12	3	1	7.83185E+02	2.35272E+09
14	4	1	12	5	1	7.84444E+02	2.81062E+08
14	4	1	13	3	1	1.76770E+03	1.84483E+09
14	4	1	13	5	1	1.77287E+03	3.41804E+08
14	5	0	5	4	0	4.18090E+01	8.55865E+09
14	5	0	6	4	0	6.42147E+01	9.67933E+09
14	5	0	7	4	0	9.49664E+01	8.44879E+09
14	5	0	7	6	0	9.50005E+01	1.38589E+07
14	5	0	8	4	0	1.37927E+02	6.87377E+09
14	5	0	8	6	0	1.37977E+02	3.70568E+07
14	5	0	9	4	0	2.00112E+02	5.49200E+09
14	5	0	9	6	0	2.00189E+02	6.54455E+07
14	5	0	10	4	0	2.95622E+02	4.38892E+09
14	5	0	10	6	0	2.95748E+02	9.78459E+07
14	5	0	11	4	0	4.57414E+02	3.52920E+09
14	5	0	11	6	0	4.57648E+02	1.35835E+08
14	5	0	12	4	0	7.84426E+02	2.84884E+09
14	5	0	12	6	0	7.84972E+02	1.84168E+08
14	5	0	13	4	0	1.77121E+03	2.23992E+09
14	5	0	13	6	0	1.77346E+03	2.50348E+08
14	5	1	5	4	1	4.17141E+01	8.55865E+09
14	5	1	6	4	1	6.40971E+01	9.67933E+09
14	5	1	7	4	1	9.48202E+01	8.44879E+09
14	5	1	7	6	1	9.48731E+01	1.38589E+07
14	5	1	8	4	1	1.37742E+02	6.87377E+09
14	5	1	8	6	1	1.37820E+02	3.70568E+07
14	5	1	9	4	1	1.99873E+02	5.49200E+09
14	5	1	9	6	1	1.99992E+02	6.54455E+07
14	5	1	10	4	1	2.95298E+02	4.38892E+09
14	5	1	10	6	1	2.95493E+02	9.78459E+07
14	5	1	11	4	1	4.56941E+02	3.52920E+09
14	5	1	11	6	1	4.57301E+02	1.35835E+08
14	5	1	12	4	1	7.83624E+02	2.84884E+09
14	5	1	12	6	1	7.84463E+02	1.84168E+08
14	5	1	13	4	1	1.76918E+03	2.23992E+09
14	5	1	13	6	1	1.77263E+03	2.50348E+08
14	6	0	6	5	0	6.42277E+01	4.37804E+09
14	6	0	7	5	0	9.49843E+01	6.09792E+09
14	6	0	8	5	0	1.37951E+02	6.14190E+09
14	6	0	8	7	0	1.37987E+02	6.71139E+06
14	6	0	9	5	0	2.00148E+02	5.53716E+09
14	6	0	9	7	0	2.00203E+02	2.09242E+07
14	6	0	10	5	0	2.95675E+02	4.77090E+09
14	6	0	10	7	0	2.95765E+02	4.23243E+07
14	6	0	11	5	0	4.57501E+02	4.02923E+09
14	6	0	11	7	0	4.57668E+02	7.20049E+07
14	6	0	12	5	0	7.84598E+02	3.35771E+09
14	6	0	12	7	0	7.84988E+02	1.14224E+08
14	6	0	13	5	0	1.77177E+03	2.68880E+09
14	6	0	13	7	0	1.77338E+03	1.78142E+08
14	6	1	6	5	1	6.41173E+01	4.37804E+09
14	6	1	7	5	1	9.48480E+01	6.09792E+09
14	6	1	8	5	1	1.37781E+02	6.14190E+09
14	6	1	8	7	1	1.37836E+02	6.71139E+06
14	6	1	9	5	1	1.99928E+02	5.53716E+09
14	6	1	9	7	1	2.00013E+02	2.09242E+07
14	6	1	10	5	1	2.95380E+02	4.77090E+09
14	6	1	10	7	1	2.95519E+02	4.23243E+07
14	6	1	11	5	1	4.57075E+02	4.02923E+09
14	6	1	11	7	1	4.57333E+02	7.20049E+07
14	6	1	12	5	1	7.83890E+02	3.35771E+09
14	6	1	12	7	1	7.84490E+02	1.14224E+08
14	6	1	13	5	1	1.77005E+03	2.68880E+09
14	6	1	13	7	1	1.77251E+03	1.78142E+08
14	7	0	7	6	0	9.49967E+01	2.52951E+09
14	7	0	8	6	0	1.37969E+02	4.18791E+09
14	7	0	9	6	0	2.00172E+02	4.77682E+09
14	7	0	9	8	0	2.00213E+02	3.91943E+06
14	7	0	10	6	0	2.95711E+02	4.72112E+09
14	7	0	10	8	0	2.95779E+02	1.41979E+07
14	7	0	11	6	0	4.57560E+02	4.35378E+09
14	7	0	11	8	0	4.57685E+02	3.31111E+07
14	7	0	12	6	0	7.84712E+02	3.84784E+09
14	7	0	12	8	0	7.85006E+02	6.52798E+07
14	7	0	13	6	0	1.77213E+03	3.20237E+09
14	7	0	13	8	0	1.77334E+03	1.21380E+08
14	7	1	7	6	1	9.48673E+01	2.52951E+09
14	7	1	8	6	1	1.37807E+02	4.18791E+09
14	7	1	9	6	1	1.99966E+02	4.77682E+09
14	7	1	9	8	1	2.00030E+02	3.91943E+06
14	7	1	10	6	1	2.95436E+02	4.72112E+09
14	7	1	10	8	1	2.95541E+02	1.41979E+07
14	7	1	11	6	1	4.57167E+02	4.35378E+09
14	7	1	11	8	1	4.57360E+02	3.31111E+07
14	7	1	12	6	1	7.84067E+02	3.84784E+09
14	7	1	12	8	1	7.84517E+02	6.52798E+07
14	7	1	13	6	1	1.77061E+03	3.20237E+09
14	7	1	13	8	1	1.77246E+03	1.21380E+08
14	8	0	8	7	0	1.37981E+02	1.67218E+09
14	8	0	9	7	0	2.00190E+02	3.20713E+09
14	8	0	10	7	0	2.95737E+02	4.07987E+09
14	8	0	10	9	0	2.95790E+02	2.82645E+06
14	8	0	11	7	0	4.57602E+02	4.37359E+09
14	8	0	11	9	0	4.57700E+02	1.19779E+07
14	8	0	12	7	0	7.84793E+02	4.26444E+09
14	8	0	12	9	0	7.85022E+02	3.28729E+07
14	8	0	13	7	0	1.77239E+03	3.79178E+09
14	8	0	13	9	0	1.77333E+03	7.75220E+07
14	8	1	8	7	1	1.37827E+02	1.67218E+09
14	8	1	9	7	1	1.99994E+02	3.20713E+09
14	8	1	10	7	1	2.95477E+02	4.07987E+09
14	8	1	10	9	1	2.95559E+02	2.82645E+06
14	8	1	11	7	1	4.57232E+02	4.37359E+09
14	8	1	11	9	1	4.57383E+02	1.19779E+07
14	8	1	12	7	1	7.84192E+02	4.26444E+09
14	8	1	12	9	1	7.84543E+02	3.28729E+07
14	8	1	13	7	1	1.77100E+03	3.79178E+09
14	8	1	13	9	1	1.77244E+03	7.75220E+07
14	9	0	9	8	0	2.00203E+02	1.29460E+09
14	9	0	10	8	0	2.95757E+02	2.81924E+09
14	9	0	11	8	0	4.57634E+02	3.94443E+09
14	9	0	11	10	0	4.57712E+02	2.62883E+06
14	9	0	12	8	0	7.84854E+02	4.51950E+09
14	9	0	12	10	0	7.85037E+02	1.33301E+07
14	9	0	13	8	0	1.77257E+03	4.46913E+09
14	9	0	13	10	0	1.77333E+03	4.47223E+07
14	9	1	9	8	1	2.00015E+02	1.29460E+09
14	9	1	10	8	1	2.95508E+02	2.81924E+09
14	9	1	11	8	1	4.57281E+02	3.94443E+09
14	9	1	11	10	1	4.57402E+02	2.62883E+06
14	9	1	12	8	1	7.84285E+02	4.51950E+09
14	9	1	12	10	1	7.84567E+02	1.33301E+07
14	9	1	13	8	1	1.77128E+03	4.46913E+09
14	9	1	13	10	1	1.77243E+03	4.47223E+07
14	10	0	10	9	0	2.95773E+02	1.21819E+09
14	10	0	11	9	0	4.57658E+02	2.96017E+09
14	10	0	12	9	0	7.84900E+02	4.47740E+09
14	10	0	12	11	0	7.85050E+02	3.39989E+06
14	10	0	13	9	0	1.77271E+03	5.24796E+09
14	10	0	13	11	0	1.77333E+03	2.15698E+07
14	10	1	10	9	1	2.95532E+02	1.21819E+09
14	10	1	11	9	1	4.57320E+02	2.96017E+09
14	10	1	12	9	1	7.84357E+02	4.47740E+09
14	10	1	12	11	1	7.84588E+02	3.39989E+06
14	10	1	13	9	1	1.77149E+03	5.24796E+09
14	10	1	13	11	1	1.77244E+03	2.15698E+07
14	11	0	11	10	0	4.57678E+02	1.47992E+09
14	11	0	12	10	0	7.84937E+02	3.93415E+09
14	11	0	13	10	0	1.77282E+03	6.14361E+09
14	11	0	13	12	0	1.77333E+03	6.95618E+06
14	11	1	11	10	1	4.57350E+02	1.47992E+09
14	11	1	12	10	1	7.84414E+02	3.93415E+09
14	11	1	13	10	1	1.77166E+03	6.14361E+09
14	11	1	13	12	1	1.77245E+03	6.95618E+06
14	12	0	12	11	0	7.84967E+02	2.58829E+09
14	12	0	13	11	0	1.77290E+03	7.17352E+09
14	12	1	12	11	1	7.84461E+02	2.58829E+09
14	12	1	13	11	1	1.77179E+03	7.17352E+09
14	13	0	13	12	0	1.77297E+03	8.35763E+09
14	13	1	13	12	1	1.77190E+03	8.35763E+09
15	0	0	2	1	0	5.93455E+00	1.09627E+10
15	0	0	2	1	1	5.86473E+00	6.06418E+09
15	0	0	3	1	0	1.36478E+01	9.75860E+09
15	0	0	3	1	1	1.35446E+01	1.56484E+09
15	0	0	4	1	0	2.50918E+01	7.35260E+09
15	0	0	4	1	1	2.49441E+01	1.21141E+09
15	0	0	5	1	0	4.10144E+01	5.51001E+09
15	0	0	5	1	1	4.08123E+01	9.37805E+08
15	0	0	6	1	0	6.22910E+01	4.20103E+09
15	0	0	6	1	1	6.20974E+01	7.25994E+08
15	0	0	7	1	0	9.09210E+01	3.31573E+09
15	0	0	7	1	1	9.06681E+01	5.62023E+08
15	0	0	8	1	0	1.29675E+02	2.68674E+09
15	0	0	8	1	1	1.29338E+02	4.35085E+08
15	0	0	9	1	0	1.83348E+02	2.23165E+09
15	0	0	9	1	1	1.82885E+02	3.36818E+08
15	0	0	10	1	0	2.60641E+02	1.89786E+09
15	0	0	10	1	1	2.59972E+02	2.60745E+08
15	0	0	11	1	0	3.79049E+02	1.65195E+09
15	0	0	11	1	1	3.78004E+02	2.01854E+08
15	0	0	12	1	0	5.79586E+02	1.47270E+09
15	0	0	12	1	1	5.77736E+02	1.56263E+08
15	0	0	13	1	0	9.86104E+02	1.34603E+09
15	0	0	13	1	1	9.81959E+02	1.20970E+08
15	0	0	14	1	0	2.22685E+03	1.24651E+09
15	0	0	14	1	1	2.21022E+03	9.36479E+07
15	0	1	2	1	1	5.86496E+00	1.14047E+10
15	0	1	3	1	1	1.35459E+01	1.00971E+10
15	0	1	4	1	1	2.49483E+01	7.58574E+09
15	0	1	5	1	1	4.08236E+01	5.65921E+09
15	0	1	6	1	1	6.21236E+01	4.31504E+09
15	0	1	7	1	1	9.07238E+01	3.40173E+09
15	0	1	8	1	1	1.29452E+02	2.75398E+09
15	0	1	9	1	1	1.83112E+02	2.28596E+09
15	0	1	10	1	1	2.60431E+02	1.94313E+09
15	0	1	11	1	1	3.78974E+02	1.69089E+09
15	0	1	12	1	1	5.80004E+02	1.50744E+09
15	0	1	13	1	1	9.88531E+02	1.37859E+09
15	0	1	14	1	1	2.24379E+03	1.27996E+09
15	1	0	1	0	0	1.41056E+00	8.79804E+11
15	1	0	2	0	0	5.84369E+00	7.81632E+10
15	1	0	2	1	0	5.93429E+00	5.84108E+07
15	1	0	3	0	0	1.35049E+01	2.33432E+10
15	1	0	3	2	0	1.36664E+01	8.43121E+08
15	1	0	4	0	0	2.48837E+01	1.09508E+10
15	1	0	4	2	0	2.51156E+01	1.22264E+09
15	1	0	5	0	0	4.07233E+01	6.12380E+09
15	1	0	5	2	0	4.09920E+01	1.26748E+09
15	1	0	6	0	0	6.19014E+01	3.81352E+09
15	1	0	6	2	0	6.23449E+01	1.18528E+09
15	1	0	7	0	0	9.03645E+01	2.59258E+09
15	1	0	7	2	0	9.09750E+01	1.06916E+09
15	1	0	8	0	0	1.28860E+02	1.86728E+09
15	1	0	8	2	0	1.29713E+02	9.55782E+08
15	1	0	9	0	0	1.82110E+02	1.40634E+09
15	1	0	9	2	0	1.83337E+02	8.57250E+08
15	1	0	10	0	0	2.58654E+02	1.09818E+09
15	1	0	10	2	0	2.60502E+02	7.76513E+08
15	1	0	11	0	0	3.75587E+02	8.83997E+08
15	1	0	11	2	0	3.78584E+02	7.13518E+08
15	1	0	12	0	0	5.72728E+02	7.30352E+08
15	1	0	12	2	0	5.78219E+02	6.67657E+08
15	1	0	13	0	0	9.68905E+02	6.15626E+08
15	1	0	13	2	0	9.81559E+02	6.38117E+08
15	1	0	14	0	0	2.15016E+03	5.13560E+08
15	1	0	14	2	0	2.20156E+03	6.14632E+08
15	1	0	15	0	0	1.37925E+05	8.88086E+03
15	1	1	1	0	0	1.41057E+00	1.81846E+11
15	1	1	2	0	0	5.84379E+00	1.19919E+10
15	1	1	2	0	1	5.75849E+00	8.11516E+10
15	1	1	2	1	1	5.86457E+00	5.99079E+07
15	1	1	3	0	0	1.35054E+01	3.59557E+09
15	1	1	3	0	1	1.33838E+01	3.24465E+10
15	1	1	3	2	1	1.36494E+01	9.72761E+08
15	1	1	4	0	0	2.48854E+01	1.75358E+09
15	1	1	4	0	1	2.47126E+01	1.40671E+10
15	1	1	4	2	1	2.50922E+01	1.38664E+09
15	1	1	5	0	0	4.07278E+01	1.07427E+09
15	1	1	5	0	1	4.04920E+01	6.11415E+09
15	1	1	5	2	1	4.08804E+01	1.41315E+09
15	1	1	6	0	0	6.19118E+01	7.48210E+08
15	1	1	6	0	1	6.15072E+01	3.81218E+09
15	1	1	6	2	1	6.22078E+01	1.30877E+09
15	1	1	7	0	0	9.03867E+01	5.64850E+08
15	1	1	7	0	1	8.98442E+01	2.58607E+09
15	1	1	7	2	1	9.08083E+01	1.17243E+09
15	1	1	8	0	0	1.28905E+02	4.50317E+08
15	1	1	8	0	1	1.28167E+02	1.85936E+09
15	1	1	8	2	1	1.29512E+02	1.04274E+09
15	1	1	9	0	0	1.82200E+02	3.73250E+08
15	1	1	9	0	1	1.81164E+02	1.39830E+09
15	1	1	9	2	1	1.83094E+02	9.31590E+08
15	1	1	10	0	0	2.58835E+02	3.18448E+08
15	1	1	10	0	1	2.57312E+02	1.09041E+09
15	1	1	10	2	1	2.60211E+02	8.41324E+08
15	1	1	11	0	0	3.75970E+02	2.77784E+08
15	1	1	11	0	1	3.73558E+02	8.76534E+08
15	1	1	11	2	1	3.78244E+02	7.71393E+08
15	1	1	12	0	0	5.73618E+02	2.46580E+08
15	1	1	12	0	1	5.69300E+02	7.23057E+08
15	1	1	12	2	1	5.77856E+02	7.20956E+08
15	1	1	13	0	0	9.71456E+02	2.21973E+08
15	1	1	13	0	1	9.61739E+02	6.08166E+08
15	1	1	13	2	1	9.81379E+02	6.89500E+08
15	1	1	14	0	0	2.16277E+03	2.02128E+08
15	1	1	14	0	1	2.12451E+03	5.05094E+08
15	1	1	14	2	1	2.20377E+03	6.68786E+08
15	1	1	15	0	1	8.84209E+04	1.43883E+04
15	2	0	1	0	0	1.41056E+00	3.78938E+09
15	2	0	2	0	0	5.84363E+00	6.02488E+06
15	2	0	2	1	0	5.93423E+00	3.15797E+10
15	2	0	3	1	0	1.36462E+01	3.24960E+10
15	2	0	4	1	0	2.50861E+01	1.84016E+10
15	2	0	4	3	0	2.51728E+01	3.06696E+08
15	2	0	5	1	0	4.09993E+01	1.07195E+10
15	2	0	5	3	0	4.10152E+01	4.52791E+08
15	2	0	6	1	0	6.22561E+01	6.68910E+09
15	2	0	6	3	0	6.23745E+01	5.01470E+08
15	2	0	7	1	0	9.08467E+01	4.49467E+09
15	2	0	7	3	0	9.10114E+01	5.05735E+08
15	2	0	8	1	0	1.29524E+02	3.18719E+09
15	2	0	8	3	0	1.29756E+02	4.92292E+08
15	2	0	9	1	0	1.83047E+02	2.36082E+09
15	2	0	9	3	0	1.83383E+02	4.73864E+08
15	2	0	10	1	0	2.60032E+02	1.81293E+09
15	2	0	10	3	0	2.60542E+02	4.56672E+08
15	2	0	11	1	0	3.77762E+02	1.43542E+09
15	2	0	11	3	0	3.78592E+02	4.44146E+08
15	2	0	12	1	0	5.76582E+02	1.16681E+09
15	2	0	12	3	0	5.78114E+02	4.38785E+08
15	2	0	13	1	0	9.77441E+02	9.68369E+08
15	2	0	13	3	0	9.80992E+02	4.42920E+08
15	2	0	14	1	0	2.18315E+03	7.99419E+08
15	2	0	14	3	0	2.19771E+03	4.52976E+08
15	2	1	2	0	1	5.75840E+00	8.90119E+06
15	2	1	2	1	1	5.86448E+00	3.56973E+10
15	2	1	3	1	1	1.35433E+01	3.40529E+10
15	2	1	4	1	1	2.49397E+01	1.88164E+10
15	2	1	4	3	1	2.50931E+01	3.06696E+08
15	2	1	5	1	1	4.08003E+01	1.08059E+10
15	2	1	5	3	1	4.09165E+01	4.52791E+08
15	2	1	6	1	1	6.20697E+01	6.68728E+09
15	2	1	6	3	1	6.22540E+01	5.01470E+08
15	2	1	7	1	1	9.06089E+01	4.46025E+09
15	2	1	7	3	1	9.08652E+01	5.05735E+08
15	2	1	8	1	1	1.29218E+02	3.14386E+09
15	2	1	8	3	1	1.29578E+02	4.92292E+08
15	2	1	9	1	1	1.82645E+02	2.31662E+09
15	2	1	9	3	1	1.83166E+02	4.73864E+08
15	2	1	10	1	1	2.59486E+02	1.77037E+09
15	2	1	10	3	1	2.60275E+02	4.56672E+08
15	2	1	11	1	1	3.76977E+02	1.39482E+09
15	2	1	11	3	1	3.78260E+02	4.44146E+08
15	2	1	12	1	1	5.75341E+02	1.12747E+09
15	2	1	12	3	1	5.77700E+02	4.38785E+08
15	2	1	13	1	1	9.75062E+02	9.28613E+08
15	2	1	13	3	1	9.80515E+02	4.42920E+08
15	2	1	14	1	1	2.17558E+03	7.55077E+08
15	2	1	14	3	1	2.19786E+03	4.52976E+08
15	2	1	15	1	1	3.75301E+05	1.16124E+03
15	3	0	3	2	0	1.36660E+01	3.82141E+10
15	3	0	4	2	0	2.51140E+01	2.35543E+10
15	3	0	5	2	0	4.09878E+01	1.42082E+10
15	3	0	5	4	0	4.10287E+01	8.05758E+07
15	3	0	6	2	0	6.23351E+01	9.05817E+09
15	3	0	6	4	0	6.23920E+01	1.49669E+08
15	3	0	7	2	0	9.09542E+01	6.10809E+09
15	3	0	7	4	0	9.10336E+01	1.96287E+08
15	3	0	8	2	0	1.29671E+02	4.32101E+09
15	3	0	8	4	0	1.29783E+02	2.26165E+08
15	3	0	9	2	0	1.83252E+02	3.18146E+09
15	3	0	9	4	0	1.83415E+02	2.45974E+08
15	3	0	10	2	0	2.60331E+02	2.42240E+09
15	3	0	10	4	0	2.60578E+02	2.60882E+08
15	3	0	11	2	0	3.78223E+02	1.89779E+09
15	3	0	11	4	0	3.78627E+02	2.74858E+08
15	3	0	12	2	0	5.77377E+02	1.52308E+09
15	3	0	12	4	0	5.78122E+02	2.91445E+08
15	3	0	13	2	0	9.79136E+02	1.24415E+09
15	3	0	13	4	0	9.80867E+02	3.14450E+08
15	3	0	14	2	0	2.18941E+03	1.00479E+09
15	3	0	14	4	0	2.19652E+03	3.44374E+08
15	3	1	3	2	1	1.36487E+01	3.82141E+10
15	3	1	4	2	1	2.50898E+01	2.35543E+10
15	3	1	5	2	1	4.08740E+01	1.42082E+10
15	3	1	5	4	1	4.09373E+01	8.05758E+07
15	3	1	6	2	1	6.21928E+01	9.05817E+09
15	3	1	6	4	1	6.22814E+01	1.49669E+08
15	3	1	7	2	1	9.07765E+01	6.10809E+09
15	3	1	7	4	1	9.08999E+01	1.96287E+08
15	3	1	8	2	1	1.29447E+02	4.32101E+09
15	3	1	8	4	1	1.29621E+02	2.26165E+08
15	3	1	9	2	1	1.82965E+02	3.18146E+09
15	3	1	9	4	1	1.83217E+02	2.45974E+08
15	3	1	10	2	1	2.59950E+02	2.42240E+09
15	3	1	10	4	1	2.60332E+02	2.60882E+08
15	3	1	11	2	1	3.77692E+02	1.89779E+09
15	3	1	11	4	1	3.78315E+02	2.74858E+08
15	3	1	12	2	1	5.76569E+02	1.52308E+09
15	3	1	12	4	1	5.77716E+02	2.91445E+08
15	3	1	13	2	1	9.77673E+02	1.24415E+09
15	3	1	13	4	1	9.80328E+02	3.14450E+08
15	3	1	14	2	1	2.18517E+03	1.00479E+09
15	3	1	14	4	1	2.19605E+03	3.44374E+08
15	4	0	4	3	0	2.51720E+01	1.50266E+10
15	4	0	5	3	0	4.10132E+01	1.30980E+10
15	4	0	6	3	0	6.23697E+01	9.67055E+09
15	4	0	6	5	0	6.24035E+01	2.63150E+07
15	4	0	7	3	0	9.10012E+01	7.01677E+09
15	4	0	7	5	0	9.10483E+01	5.89022E+07
15	4	0	8	3	0	1.29735E+02	5.16713E+09
15	4	0	8	5	0	1.29802E+02	8.93265E+07
15	4	0	9	3	0	1.83341E+02	3.89122E+09
15	4	0	9	5	0	1.83438E+02	1.16064E+08
15	4	0	10	3	0	2.60458E+02	2.99873E+09
15	4	0	10	5	0	2.60605E+02	1.40187E+08
15	4	0	11	3	0	3.78416E+02	2.36122E+09
15	4	0	11	5	0	3.78657E+02	1.63755E+08
15	4	0	12	3	0	5.77703E+02	1.89454E+09
15	4	0	12	5	0	5.78148E+02	1.89568E+08
15	4	0	13	3	0	9.79810E+02	1.53964E+09
15	4	0	13	5	0	9.80843E+02	2.21575E+08
15	4	0	14	3	0	2.19179E+03	1.22947E+09
15	4	0	14	5	0	2.19604E+03	2.62854E+08
15	4	1	4	3	1	2.50919E+01	1.50266E+10
15	4	1	5	3	1	4.09134E+01	1.30980E+10
15	4	1	6	3	1	6.22468E+01	9.67055E+09
15	4	1	6	5	1	6.22992E+01	2.63150E+07
15	4	1	7	3	1	9.08497E+01	7.01677E+09
15	4	1	7	5	1	9.09229E+01	5.89022E+07
15	4	1	8	3	1	1.29547E+02	5.16713E+09
15	4	1	8	5	1	1.29650E+02	8.93265E+07
15	4	1	9	3	1	1.83103E+02	3.89122E+09
15	4	1	9	5	1	1.83253E+02	1.16064E+08
15	4	1	10	3	1	2.60148E+02	2.99873E+09
15	4	1	10	5	1	2.60375E+02	1.40187E+08
15	4	1	11	3	1	3.77992E+02	2.36122E+09
15	4	1	11	5	1	3.78363E+02	1.63755E+08
15	4	1	12	3	1	5.77073E+02	1.89454E+09
15	4	1	12	5	1	5.77756E+02	1.89568E+08
15	4	1	13	3	1	9.78711E+02	1.53964E+09
15	4	1	13	5	1	9.80294E+02	2.21575E+08
15	4	1	14	3	1	2.18882E+03	1.22947E+09
15	4	1	14	5	1	2.19531E+03	2.62854E+08
15	5	0	5	4	0	4.10274E+01	6.69786E+09
15	5	0	6	4	0	6.23892E+01	7.57871E+09
15	5	0	7	4	0	9.10275E+01	6.61898E+09
15	5	0	7	6	0	9.10588E+01	1.02553E+07
15	5	0	8	4	0	1.29771E+02	5.38867E+09
15	5	0	8	6	0	1.29815E+02	2.69695E+07
15	5	0	9	4	0	1.83390E+02	4.30921E+09
15	5	0	9	6	0	1.83455E+02	4.66653E+07
15	5	0	10	4	0	2.60528E+02	3.44845E+09
15	5	0	10	6	0	2.60626E+02	6.79810E+07
15	5	0	11	4	0	3.78521E+02	2.78088E+09
15	5	0	11	6	0	3.78682E+02	9.12118E+07
15	5	0	12	4	0	5.77877E+02	2.26336E+09
15	5	0	12	6	0	5.78173E+02	1.18090E+08
15	5	0	13	4	0	9.80160E+02	1.85173E+09
15	5	0	13	6	0	9.80849E+02	1.52224E+08
15	5	0	14	4	0	2.19298E+03	1.47715E+09
15	5	0	14	6	0	2.19581E+03	1.98453E+08
15	5	1	5	4	1	4.09355E+01	6.69786E+09
15	5	1	6	4	1	6.22770E+01	7.57871E+09
15	5	1	7	4	1	9.08906E+01	6.61898E+09
15	5	1	7	6	1	9.09393E+01	1.02553E+07
15	5	1	8	4	1	1.29602E+02	5.38867E+09
15	5	1	8	6	1	1.29671E+02	2.69695E+07
15	5	1	9	4	1	1.83179E+02	4.30921E+09
15	5	1	9	6	1	1.83279E+02	4.66653E+07
15	5	1	10	4	1	2.60256E+02	3.44845E+09
15	5	1	10	6	1	2.60407E+02	6.79810E+07
15	5	1	11	4	1	3.78154E+02	2.78088E+09
15	5	1	11	6	1	3.78401E+02	9.12118E+07
15	5	1	12	4	1	5.77341E+02	2.26336E+09
15	5	1	12	6	1	5.77796E+02	1.18090E+08
15	5	1	13	4	1	9.79250E+02	1.85173E+09
15	5	1	13	6	1	9.80306E+02	1.52224E+08
15	5	1	14	4	1	2.19065E+03	1.47715E+09
15	5	1	14	6	1	2.19498E+03	1.98453E+08
15	6	0	6	5	0	6.24016E+01	3.33130E+09
15	6	0	7	5	0	9.10443E+01	4.64321E+09
15	6	0	8	5	0	1.29794E+02	4.68085E+09
15	6	0	8	7	0	1.29825E+02	4.70277E+06
15	6	0	9	5	0	1.83422E+02	4.22516E+09
15	6	0	9	7	0	1.83468E+02	1.43152E+07
15	6	0	10	5	0	2.60572E+02	3.64755E+09
15	6	0	10	7	0	2.60642E+02	2.80887E+07
15	6	0	11	5	0	3.78587E+02	3.09216E+09
15	6	0	11	7	0	3.78701E+02	4.59072E+07
15	6	0	12	5	0	5.77984E+02	2.60236E+09
15	6	0	12	7	0	5.78196E+02	6.89349E+07
15	6	0	13	5	0	9.80372E+02	2.17561E+09
15	6	0	13	7	0	9.80865E+02	1.00486E+08
15	6	0	14	5	0	2.19368E+03	1.75527E+09
15	6	0	14	7	0	2.19570E+03	1.46722E+08
15	6	1	6	5	1	6.22963E+01	3.33130E+09
15	6	1	7	5	1	9.09167E+01	4.64321E+09
15	6	1	8	5	1	1.29638E+02	4.68085E+09
15	6	1	8	7	1	1.29687E+02	4.70277E+06
15	6	1	9	5	1	1.83228E+02	4.22516E+09
15	6	1	9	7	1	1.83299E+02	1.43152E+07
15	6	1	10	5	1	2.60324E+02	3.64755E+09
15	6	1	10	7	1	2.60433E+02	2.80887E+07
15	6	1	11	5	1	3.78255E+02	3.09216E+09
15	6	1	11	7	1	3.78432E+02	4.59072E+07
15	6	1	12	5	1	5.77507E+02	2.60236E+09
15	6	1	12	7	1	5.77832E+02	6.89349E+07
15	6	1	13	5	1	9.79576E+02	2.17561E+09
15	6	1	13	7	1	9.80331E+02	1.00486E+08
15	6	1	14	5	1	2.19172E+03	1.75527E+09
15	6	1	14	7	1	2.19481E+03	1.46722E+08
15	7	0	7	6	0	9.10559E+01	1.84673E+09
15	7	0	8	6	0	1.29809E+02	3.06061E+09
15	7	0	9	6	0	1.83443E+02	3.49610E+09
15	7	0	9	8	0	1.83478E+02	2.54144E+06
15	7	0	10	6	0	2.60602E+02	3.46344E+09
15	7	0	10	8	0	2.60655E+02	8.88984E+06
15	7	0	11	6	0	3.78631E+02	3.20825E+09
15	7	0	11	8	0	3.78717E+02	1.97923E+07
15	7	0	12	6	0	5.78056E+02	2.86718E+09
15	7	0	12	8	0	5.78215E+02	3.65974E+07
15	7	0	13	6	0	9.80512E+02	2.49792E+09
15	7	0	13	8	0	9.80882E+02	6.26272E+07
15	7	0	14	6	0	2.19412E+03	2.07005E+09
15	7	0	14	8	0	2.19565E+03	1.05137E+08
15	7	1	7	6	1	9.09349E+01	1.84673E+09
15	7	1	8	6	1	1.29662E+02	3.06061E+09
15	7	1	9	6	1	1.83261E+02	3.49610E+09
15	7	1	9	8	1	1.83315E+02	2.54144E+06
15	7	1	10	6	1	2.60371E+02	3.46344E+09
15	7	1	10	8	1	2.60452E+02	8.88984E+06
15	7	1	11	6	1	3.78325E+02	3.20825E+09
15	7	1	11	8	1	3.78457E+02	1.97923E+07
15	7	1	12	6	1	5.77618E+02	2.86718E+09
15	7	1	12	8	1	5.77862E+02	3.65974E+07
15	7	1	13	6	1	9.79792E+02	2.49792E+09
15	7	1	13	8	1	9.80359E+02	6.26272E+07
15	7	1	14	6	1	2.19240E+03	2.07005E+09
15	7	1	14	8	1	2.19473E+03	1.05137E+08
15	8	0	8	7	0	1.29821E+02	1.15018E+09
15	8	0	9	7	0	1.83459E+02	2.20953E+09
15	8	0	10	7	0	2.60624E+02	2.81814E+09
15	8	0	10	9	0	2.60665E+02	1.64117E+06
15	8	0	11	7	0	3.78664E+02	3.03604E+09
15	8	0	11	9	0	3.78731E+02	6.59719E+06
15	8	0	12	7	0	5.78108E+02	2.99629E+09
15	8	0	12	9	0	5.78232E+02	1.68178E+07
15	8	0	13	7	0	9.80611E+02	2.79491E+09
15	8	0	13	9	0	9.80900E+02	3.59072E+07
15	8	0	14	7	0	2.19443E+03	2.42760E+09
15	8	0	14	9	0	2.19562E+03	7.20386E+07
15	8	1	8	7	1	1.29680E+02	1.15018E+09
15	8	1	9	7	1	1.83286E+02	2.20953E+09
15	8	1	10	7	1	2.60405E+02	2.81814E+09
15	8	1	10	9	1	2.60468E+02	1.64117E+06
15	8	1	11	7	1	3.78374E+02	3.03604E+09
15	8	1	11	9	1	3.78478E+02	6.59719E+06
15	8	1	12	7	1	5.77698E+02	2.99629E+09
15	8	1	12	9	1	5.77888E+02	1.68178E+07
15	8	1	13	7	1	9.79945E+02	2.79491E+09
15	8	1	13	9	1	9.80387E+02	3.59072E+07
15	8	1	14	7	1	2.19288E+03	2.42760E+09
15	8	1	14	9	1	2.19469E+03	7.20386E+07
15	9	0	9	8	0	1.83471E+02	8.17670E+08
15	9	0	10	8	0	2.60641E+02	1.78559E+09
15	9	0	11	8	0	3.78688E+02	2.51151E+09
15	9	0	11	10	0	3.78742E+02	1.30131E+06
15	9	0	12	8	0	5.78146E+02	2.91472E+09
15	9	0	12	10	0	5.78246E+02	6.06837E+06
15	9	0	13	8	0	9.80685E+02	3.02866E+09
15	9	0	13	10	0	9.80916E+02	1.81173E+07
15	9	0	14	8	0	2.19466E+03	2.83442E+09
15	9	0	14	10	0	2.19561E+03	4.62232E+07
15	9	1	9	8	1	1.83304E+02	8.17670E+08
15	9	1	10	8	1	2.60431E+02	1.78559E+09
15	9	1	11	8	1	3.78412E+02	2.51151E+09
15	9	1	11	10	1	3.78495E+02	1.30131E+06
15	9	1	12	8	1	5.77758E+02	2.91472E+09
15	9	1	12	10	1	5.77910E+02	6.06837E+06
15	9	1	13	8	1	9.80058E+02	3.02866E+09
15	9	1	13	10	1	9.80412E+02	1.81173E+07
15	9	1	14	8	1	2.19322E+03	2.83442E+09
15	9	1	14	10	1	2.19468E+03	4.62232E+07
15	10	0	10	9	0	2.60654E+02	6.80226E+08
15	10	0	11	9	0	3.78707E+02	1.66206E+09
15	10	0	12	9	0	5.78177E+02	2.54753E+09
15	10	0	12	11	0	5.78258E+02	1.32616E+06
15	10	0	13	9	0	9.80741E+02	3.14151E+09
15	10	0	13	11	0	9.80931E+02	7.35327E+06
15	10	0	14	9	0	2.19483E+03	3.29764E+09
15	10	0	14	11	0	2.19561E+03	2.67715E+07
15	10	1	10	9	1	2.60451E+02	6.80226E+08
15	10	1	11	9	1	3.78442E+02	1.66206E+09
15	10	1	12	9	1	5.77804E+02	2.54753E+09
15	10	1	12	11	1	5.77929E+02	1.32616E+06
15	10	1	13	9	1	9.80146E+02	3.14151E+09
15	10	1	13	11	1	9.80436E+02	7.35327E+06
15	10	1	14	9	1	2.19348E+03	3.29764E+09
15	10	1	14	11	1	2.19468E+03	2.67715E+07
15	11	0	11	10	0	3.78722E+02	6.87892E+08
15	11	0	12	10	0	5.78201E+02	1.85365E+09
15	11	0	13	10	0	9.80786E+02	3.04804E+09
15	11	0	13	12	0	9.80944E+02	1.87533E+06
15	11	0	14	10	0	2.19496E+03	3.82520E+09
15	11	0	14	12	0	2.19561E+03	1.29558E+07
15	11	1	11	10	1	3.78465E+02	6.87892E+08
15	11	1	12	10	1	5.77842E+02	1.85365E+09
15	11	1	13	10	1	9.80215E+02	3.04804E+09
15	11	1	13	12	1	9.80457E+02	1.87533E+06
15	11	1	14	10	1	2.19369E+03	3.82520E+09
15	11	1	14	12	1	2.19468E+03	1.29558E+07
15	12	0	12	11	0	5.78220E+02	8.98740E+08
15	12	0	13	11	0	9.80823E+02	2.62419E+09
15	12	0	14	11	0	2.19507E+03	4.42609E+09
15	12	0	14	13	0	2.19562E+03	4.19038E+06
15	12	1	12	11	1	5.77872E+02	8.98740E+08
15	12	1	13	11	1	9.80271E+02	2.62419E+09
15	12	1	14	11	1	2.19385E+03	4.42609E+09
15	12	1	14	13	1	2.19469E+03	4.19038E+06
15	13	0	13	12	0	9.80853E+02	1.69218E+09
15	13	0	14	12	0	2.19515E+03	5.11040E+09
15	13	1	13	12	1	9.80317E+02	1.69218E+09
15	13	1	14	12	1	2.19398E+03	5.11040E+09
15	14	0	14	13	0	2.19522E+03	5.88960E+09
15	14	1	14	13	1	2.19409E+03	5.88960E+09
100 0 0 0 0 0   1.         1. 
#n,l,i,np,lp,ip,Energy,Einstein A coefficients
# Energy in Angstrom,Einstein A in cm-1