 2	0	0	3	1	1	0	0	1	1	1.8681896458409186	212000000.0
 2	1	1	3	1	1	0	0	1	1	1.857289875627484	14737022222222.22
 2	1	1	1	1	1	0	0	1	1	1.8503958605514956	457000000000000.0
 3	1	1	3	1	1	0	0	1	1	1.57455617784679	5000000000000.0
 3	1	1	1	1	1	0	0	1	1	1.5731734955649852	124000000000000.0
 4	1	1	3	1	1	0	0	1	1	1.495125241799684	2000000000000.0
 4	1	1	1	1	1	0	0	1	1	1.4945982906543633	50500000000000.0
 5	1	1	3	1	1	0	0	1	1	1.4610753138641064	1033333333333.3333
 5	1	1	1	1	1	0	0	1	1	1.460818010727694	25400000000000.0
 2	1	1	3	1	 2	0	0	3	1	318.3342076969423	1002777777.7777778
 2	1	1	1	1	 2	0	0	3	1	194.27515456444496	346000000.0
 3	1	1	3	1	 2	0	0	3	1	10.017827900690957	2693333333333.333
 4	1	1	3	1	 2	0	0	3	1	7.48711875404988	1200000000000.0
 5	1	1	3	1	 2	0	0	3	1	6.704666376889332	600000000000.0
 2	1	1	1	1	 2	0	0	1	1	382.75665322579374	496000000.0
 3	1	1	1	1	 2	0	0	1	1	10.220191693004077	7750000000000.0
 4	1	1	1	1	 2	0	0	1	1	7.618244989817449	3400000000000.0
 5	1	1	1	1	 2	0	0	1	1	6.814974490597191	1700000000000.0
 3	0	0	3	1	 2	1	1	3	1	10.438627820063239	870000000000.0
 4	0	0	3	1	 2	1	1	3	1	7.689330114242952	350000000000.0
 5	0	0	3	1	 2	1	1	3	1	6.857788994011579	170000000000.0
 3	0	0	1	1	 2	1	1	1	1	10.585960925901414	2500000000000.0
 3	2	2	1	1	 2	1	1	1	1	10.488728669000915	25000000000000.0
 4	0	0	1	1	 2	1	1	1	1	7.79269668013813	1000000000000.0
 4	2	2	1	1	 2	1	1	1	1	7.7702375409928335	8000000000000.0
 5	0	0	1	1	 2	1	1	1	1	6.94655419240052	500000000000.0
 3	1	1	3	1	 3	0	0	3	1	1132.9470037297383	17000000.0
 4	1	1	3	1	 3	0	0	3	1	28.882248767432003	356666666666.6666
 5	1	1	3	1	 3	0	0	3	1	19.916165735340453	190000000000.0
 3	1	1	1	1	 3	0	0	1	1	1301.8100571427724	74000000.0
 4	1	1	1	1	 3	0	0	1	1	29.251341443841664	1040000000000.0
 5	1	1	1	1	 3	0	0	1	1	20.137608061522112	565000000000.0
 4	0	0	3	1	 3	1	1	3	1	29.967346151316583	250000000000.0
 5	0	0	3	1	 3	1	1	3	1	20.35047284421156	120000000000.0
 4	0	0	1	1	 3	1	1	1	1	30.218432152805462	740000000000.0
 4	2	2	1	1	 3	1	1	1	1	29.883486587525386	2800000000000.0
 5	0	0	1	1	 3	1	1	1	1	20.524032432432442	370000000000.0
 4	1	1	1	1	 3	2	2	1	1	30.020327458408808	140000000000.0
 4	1	1	3	1	 4	0	0	3	1	2695.1703450537134	4333333.333333333
 5	1	1	3	1	 4	0	0	3	1	62.6638693819413	84333333333.33333
 4	1	1	1	1	 4	0	0	1	1	3068.2391919189286	19000000.0
 5	1	1	1	1	 4	0	0	1	1	63.300016671297264	248000000000.0
 5	0	0	3	1	 4	1	1	3	1	64.94257809592463	85000000000.0
 5	0	0	1	1	 4	1	1	1	1	65.33785330178532	260000000000.0
 5	1	1	3	1	 5	0	0	3	1	5293.618640671716	1400000.0
 5	1	1	1	1	 5	0	0	1	1	5995.1778947351195	6100000.0
 2	0	0	1	1	 2	0	0	3	1	428.76517336872865	87.15
 6	1	1	1	1	1	0	0	1	1	1.4550793057143598	18410000000000.0
 7	1	1	1	1	1	0	0	1	1	1.4444665053744428	12010000000000.0
 8	1	1	1	1	1	0	0	1	1	1.437659708006668	8436000000000.0
 9	1	1	1	1	1	0	0	1	1	1.4330295408974318	6256000000000.0
10	1	1	1	1	1	0	0	1	1	1.429735584132961	4880000000000.0
11	1	1	1	1	1	0	0	1	1	1.4273079950393697	3997000000000.0
12	1	1	1	1	1	0	0	1	1	1.4254670249768453	3457000000000.0
13	1	1	1	1	1	0	0	1	1	1.4240375334915267	3217000000000.0
14	1	1	1	1	1	0	0	1	1	1.4229052675396392	3413000000000.0
15	1	1	1	1	1	0	0	1	1	1.4219930855201193	5305000000000.0
 6	1	1	3	1	 2	0	0	3	1	6.421472878347951	1088000000000.0
 7	1	1	3	1	 2	0	0	3	1	6.218983123322447	674000000000.0
 8	1	1	3	1	 2	0	0	3	1	6.09431143229406	443700000000.0
 9	1	1	3	1	 2	0	0	3	1	6.011711183830416	304300000000.0
10	1	1	3	1	 2	0	0	3	1	5.954002875897651	215400000000.0
11	1	1	3	1	 2	0	0	3	1	5.912021998972428	155600000000.0
12	1	1	3	1	 2	0	0	3	1	5.880491696509733	113300000000.0
13	1	1	3	1	 2	0	0	3	1	5.856188901710742	81560000000.0
14	1	1	3	1	 2	0	0	3	1	5.837050127850373	54800000000.0
15	1	1	3	1	 2	0	0	3	1	5.821702386951648	24300000000.0
 3	2	2	3	1	 2	1	1	3	1	10.363256923662927	25590000000000.0
 4	2	2	3	1	 2	1	1	3	1	7.701651308221437	8235000000000.0
 5	2	2	3	1	 2	1	1	3	1	6.883360878397667	3766000000000.0
 6	0	0	3	1	 2	1	1	3	1	6.5124317419367985	273200000000.0
 6	2	2	3	1	 2	1	1	3	1	6.507769104994388	2050000000000.0
 7	0	0	3	1	 2	1	1	3	1	6.303219515525637	160300000000.0
 7	2	2	3	1	 2	1	1	3	1	6.300481102774928	1241000000000.0
 8	0	0	3	1	 2	1	1	3	1	6.174625008701774	98890000000.0
 8	2	2	3	1	 2	1	1	3	1	6.172869409368603	807300000000.0
 9	0	0	3	1	 2	1	1	3	1	6.0895233423185875	63180000000.0
 9	2	2	3	1	 2	1	1	3	1	6.088326785515708	553100000000.0
10	0	0	3	1	 2	1	1	3	1	6.030115514006273	40870000000.0
10	2	2	3	1	 2	1	1	3	1	6.029261703129946	393600000000.0
11	0	0	3	1	 2	1	1	3	1	5.986924525728432	26130000000.0
11	2	2	3	1	 2	1	1	3	1	5.986293165267355	287900000000.0
12	0	0	3	1	 2	1	1	3	1	5.9545006603264	15830000000.0
12	2	2	3	1	 2	1	1	3	1	5.954020263788735	214300000000.0
13	0	0	3	1	 2	1	1	3	1	5.929518548146286	8161000000.0
13	2	2	3	1	 2	1	1	3	1	5.929144365141736	160300000000.0
14	0	0	3	1	 2	1	1	3	1	5.909850846012027	2201000000.0
14	2	2	3	1	 2	1	1	3	1	5.909553673648829	116800000000.0
15	0	0	3	1	 2	1	1	3	1	5.894082924267964	1631000000.0
15	2	2	3	1	 2	1	1	3	1	5.893843114999511	70440000000.0
 6	1	1	1	1	 2	0	0	1	1	6.5187566779259605	1160000000000.0
 7	1	1	1	1	 2	0	0	1	1	6.3110260205924975	741700000000.0
 8	1	1	1	1	 2	0	0	1	1	6.1831211819453245	507300000000.0
 9	1	1	1	1	 2	0	0	1	1	6.0983774702709495	364500000000.0
10	1	1	1	1	 2	0	0	1	1	6.03916701942544	273300000000.0
11	1	1	1	1	 2	0	0	1	1	5.996089872925491	212900000000.0
12	1	1	1	1	 2	0	0	1	1	5.9637336199132776	172400000000.0
13	1	1	1	1	 2	0	0	1	1	5.938792305610316	146000000000.0
14	1	1	1	1	 2	0	0	1	1	5.919149276759347	133300000000.0
15	1	1	1	1	 2	0	0	1	1	5.903396059976421	152000000000.0
 5	2	2	1	1	 2	1	1	1	1	6.968107921166542	3659000000000.0
 6	0	0	1	1	 2	1	1	1	1	6.58535661290941	354700000000.0
 6	2	2	1	1	 2	1	1	1	1	6.583590037765039	2005000000000.0
 7	0	0	1	1	 2	1	1	1	1	6.3726273303067655	232100000000.0
 7	2	2	1	1	 2	1	1	1	1	6.371583680782692	1227000000000.0
 8	0	0	1	1	 2	1	1	1	1	6.241809763467073	163700000000.0
 8	2	2	1	1	 2	1	1	1	1	6.241139434687068	810700000000.0
 9	0	0	1	1	 2	1	1	1	1	6.155207632034968	122000000000.0
 9	2	2	1	1	 2	1	1	1	1	6.154750065162951	566500000000.0
10	0	0	1	1	 2	1	1	1	1	6.094735346892079	95640000000.0
10	2	2	1	1	 2	1	1	1	1	6.094408618196046	414000000000.0
11	0	0	1	1	 2	1	1	1	1	6.050760222506394	78660000000.0
11	2	2	1	1	 2	1	1	1	1	6.050518594481186	314200000000.0
12	0	0	1	1	 2	1	1	1	1	6.0177411933380816	68200000000.0
12	2	2	1	1	 2	1	1	1	1	6.017557417221679	246800000000.0
13	0	0	1	1	 2	1	1	1	1	5.99229620838012	63380000000.0
13	2	2	1	1	 2	1	1	1	1	5.992153205511858	201100000000.0
14	0	0	1	1	 2	1	1	1	1	5.972261138308557	66500000000.0
14	2	2	1	1	 2	1	1	1	1	5.972147778996928	172800000000.0
15	0	0	1	1	 2	1	1	1	1	5.956196551275201	98370000000.0
15	2	2	1	1	 2	1	1	1	1	5.956105461012601	171800000000.0
 6	1	1	3	1	 3	0	0	3	1	17.226947787741533	363900000000.0
 7	1	1	3	1	 3	0	0	3	1	15.843073036100737	227800000000.0
 8	1	1	3	1	 3	0	0	3	1	15.05830837306577	151300000000.0
 9	1	1	3	1	 3	0	0	3	1	14.563870645763384	104900000000.0
10	1	1	3	1	 3	0	0	3	1	14.229748524083254	75160000000.0
11	1	1	3	1	 3	0	0	3	1	13.99228748207738	55200000000.0
12	1	1	3	1	 3	0	0	3	1	13.81694816841266	41170000000.0
13	1	1	3	1	 3	0	0	3	1	13.683523061782862	30800000000.0
14	1	1	3	1	 3	0	0	3	1	13.579486287050718	22400000000.0
15	1	1	3	1	 3	0	0	3	1	13.496708796870951	13470000000.0
 4	2	2	3	1	 3	1	1	3	1	29.68654186600001	2739000000000.0
 5	2	2	3	1	 3	1	1	3	1	20.357940547582096	1330000000000.0
 6	0	0	3	1	 3	1	1	3	1	17.42297284570289	207200000000.0
 6	2	2	3	1	 3	1	1	3	1	17.38964024979168	737600000000.0
 7	0	0	3	1	 3	1	1	3	1	16.00202346412019	124500000000.0
 7	2	2	3	1	 3	1	1	3	1	15.984386102183558	451000000000.0
 8	0	0	3	1	 3	1	1	3	1	15.198453492604363	79730000000.0
 8	2	2	3	1	 3	1	1	3	1	15.187821305567036	295500000000.0
 9	0	0	3	1	 3	1	1	3	1	14.693030543749042	53510000000.0
 9	2	2	3	1	 3	1	1	3	1	14.686066380640643	203800000000.0
10	0	0	3	1	 3	1	1	3	1	14.351873206638096	37060000000.0
10	2	2	3	1	 3	1	1	3	1	14.347037691533226	146200000000.0
11	0	0	3	1	 3	1	1	3	1	14.109610074645504	26150000000.0
11	2	2	3	1	 3	1	1	3	1	14.106103866412395	108000000000.0
12	0	0	3	1	 3	1	1	3	1	13.930834654851907	18510000000.0
12	2	2	3	1	 3	1	1	3	1	13.928205497881187	81460000000.0
13	0	0	3	1	 3	1	1	3	1	13.794859738226782	12790000000.0
13	2	2	3	1	 3	1	1	3	1	13.792834652465194	62240000000.0
14	0	0	3	1	 3	1	1	3	1	13.688875148804216	7975000000.0
14	2	2	3	1	 3	1	1	3	1	13.687280877760443	47290000000.0
15	0	0	3	1	 3	1	1	3	1	13.604573824298893	2693000000.0
15	2	2	3	1	 3	1	1	3	1	13.603296267405922	32910000000.0
 6	1	1	1	1	 3	0	0	1	1	17.39829163217579	375300000000.0
 7	1	1	1	1	 3	0	0	1	1	15.993279759037652	239600000000.0
 8	1	1	1	1	 3	0	0	1	1	15.196635856836586	162900000000.0
 9	1	1	1	1	 3	0	0	1	1	14.69476103762746	116200000000.0
10	1	1	1	1	 3	0	0	1	1	14.355611484407005	86270000000.0
11	1	1	1	1	 3	0	0	1	1	14.11457037772087	66350000000.0
12	1	1	1	1	 3	0	0	1	1	13.93658032239964	52750000000.0
13	1	1	1	1	 3	0	0	1	1	13.801131918850913	43510000000.0
14	1	1	1	1	 3	0	0	1	1	13.695512440426967	37920000000.0
15	1	1	1	1	 3	0	0	1	1	13.611471404416283	38620000000.0
 4	1	1	3	1	 3	2	2	3	1	30.11190500863392	145800000000.0
 4	3	3	3	1	 3	2	2	3	1	29.979592186745833	5391000000000.0
 5	1	1	3	1	 3	2	2	3	1	20.528203373784436	62280000000.0
 5	3	3	3	1	 3	2	2	3	1	20.496903662937797	1777000000000.0
 6	1	1	3	1	 3	2	2	3	1	17.504622147008014	32390000000.0
 6	3	3	3	1	 3	2	2	3	1	17.491508570679866	839900000000.0
 7	1	1	3	1	 3	2	2	3	1	16.077623326126375	19070000000.0
 7	3	3	3	1	 3	2	2	3	1	16.070677942030244	472400000000.0
 8	1	1	3	1	 3	2	2	3	1	15.270042633662078	12220000000.0
 8	3	3	3	1	 3	2	2	3	1	15.265843978337516	295000000000.0
 9	1	1	3	1	 3	2	2	3	1	14.761837246598644	8289000000.0
 9	3	3	3	1	 3	2	2	3	1	14.759086303757838	197700000000.0
10	1	1	3	1	 3	2	2	3	1	14.418676963597518	5875000000.0
10	3	3	3	1	 3	2	2	3	1	14.416766541033406	139400000000.0
11	1	1	3	1	 3	2	2	3	1	14.174922526157872	4305000000.0
11	3	3	3	1	 3	2	2	3	1	14.173537179092644	102200000000.0
12	1	1	3	1	 3	2	2	3	1	13.995005517301665	3234000000.0
12	3	3	3	1	 3	2	2	3	1	13.993966704304988	77260000000.0
13	1	1	3	1	 3	2	2	3	1	13.85813641845361	2470000000.0
13	3	3	3	1	 3	2	2	3	1	13.857336349575398	59840000000.0
14	1	1	3	1	 3	2	2	3	1	13.751437859599427	1895000000.0
14	3	3	3	1	 3	2	2	3	1	13.750808126889405	47250000000.0
15	1	1	3	1	 3	2	2	3	1	13.66655729243059	1391000000.0
15	3	3	3	1	 3	2	2	3	1	13.666052924528753	37740000000.0
 4	3	3	1	1	 3	2	2	1	1	30.000514204630264	5388000000000.0
 5	3	3	1	1	 3	2	2	1	1	20.5066958711561	1774000000000.0
 5	1	1	1	1	 3	2	2	1	1	20.496579104474662	57520000000.0
 6	3	3	1	1	 3	2	2	1	1	17.498652415810945	838200000000.0
 6	1	1	1	1	 3	2	2	1	1	17.494463652323873	30270000000.0
 7	3	3	1	1	 3	2	2	1	1	16.07671607820726	471500000000.0
 7	1	1	1	1	 3	2	2	1	1	16.07450981875602	18050000000.0
 8	3	3	1	1	 3	2	2	1	1	15.271297133711453	294500000000.0
 8	1	1	1	1	 3	2	2	1	1	15.269956583306266	11720000000.0
 9	3	3	1	1	 3	2	2	1	1	14.764186346123363	197400000000.0
 9	1	1	1	1	 3	2	2	1	1	14.76330791984903	8077000000.0
10	3	3	1	1	 3	2	2	1	1	14.421634650445954	139300000000.0
10	1	1	1	1	 3	2	2	1	1	14.42102376467373	5829000000.0
11	3	3	1	1	 3	2	2	1	1	14.178243699008517	102300000000.0
12	3	3	1	1	 3	2	2	1	1	13.998555621875296	77430000000.0
13	3	3	1	1	 3	2	2	1	1	13.861836743626252	60140000000.0
14	3	3	1	1	 3	2	2	1	1	13.755240069912208	47750000000.0
15	3	3	1	1	 3	2	2	1	1	13.670430760506436	38790000000.0
 5	2	2	1	1	 3	1	1	1	1	20.555126126864376	1325000000000.0
 6	0	0	1	1	 3	1	1	1	1	17.54670731692409	221000000000.0
 6	2	2	1	1	 3	1	1	1	1	17.53417097273795	734400000000.0
 7	0	0	1	1	 3	1	1	1	1	16.113481954833205	139300000000.0
 7	2	2	1	1	 3	1	1	1	1	16.106811004209554	450700000000.0
 8	0	0	1	1	 3	1	1	1	1	15.302539702114942	94540000000.0
 8	2	2	1	1	 3	1	1	1	1	15.29851136191205	297600000000.0
 9	0	0	1	1	 3	1	1	1	1	14.792299638929201	67810000000.0
 9	2	2	1	1	 3	1	1	1	1	14.789657259073023	207400000000.0
10	0	0	1	1	 3	1	1	1	1	14.447794215295614	50950000000.0
10	2	2	1	1	 3	1	1	1	1	14.445958316390898	150900000000.0
11	0	0	1	1	 3	1	1	1	1	14.203098188250175	39900000000.0
11	2	2	1	1	 3	1	1	1	1	14.201766905726071	113700000000.0
12	0	0	1	1	 3	1	1	1	1	14.022493431153418	32560000000.0
12	2	2	1	1	 3	1	1	1	1	14.021495604946	88440000000.0
13	0	0	1	1	 3	1	1	1	1	13.885105103812137	27910000000.0
13	2	2	1	1	 3	1	1	1	1	13.884337313029379	70910000000.0
14	0	0	1	1	 3	1	1	1	1	13.778003918085107	25930000000.0
14	2	2	1	1	 3	1	1	1	1	13.777400606790563	59140000000.0
15	0	0	1	1	 3	1	1	1	1	13.692803751559634	30260000000.0
15	2	2	1	1	 3	1	1	1	1	13.6923223471623	54350000000.0
 6	1	1	3	1	 4	0	0	3	1	41.3928019168279	169200000000.0
 7	1	1	3	1	 4	0	0	3	1	34.21228198302171	107200000000.0
 8	1	1	3	1	 4	0	0	3	1	30.75151479384138	71560000000.0
 9	1	1	3	1	 4	0	0	3	1	28.75772382614778	49850000000.0
10	1	1	3	1	 4	0	0	3	1	27.48346629930105	35920000000.0
11	1	1	3	1	 4	0	0	3	1	26.611213036236638	26570000000.0
12	1	1	3	1	 4	0	0	3	1	25.984092983773042	20020000000.0
13	1	1	3	1	 4	0	0	3	1	25.516195209452256	15220000000.0
14	1	1	3	1	 4	0	0	3	1	25.156796214337326	11430000000.0
15	1	1	3	1	 4	0	0	3	1	24.874174810232315	7666000000.0
 5	2	2	3	1	 4	1	1	3	1	64.21101695883921	573800000000.0
 6	0	0	3	1	 4	1	1	3	1	41.93178807212096	150000000000.0
 6	2	2	3	1	 4	1	1	3	1	41.739237782492104	335500000000.0
 7	0	0	3	1	 4	1	1	3	1	34.54844103523661	89530000000.0
 7	2	2	3	1	 4	1	1	3	1	34.466332879742026	208000000000.0
 8	0	0	3	1	 4	1	1	3	1	31.00877372896081	57400000000.0
 8	2	2	3	1	 4	1	1	3	1	30.96454778979354	137200000000.0
 9	0	0	3	1	 4	1	1	3	1	28.97522061419351	38780000000.0
 9	2	2	3	1	 4	1	1	3	1	28.948149905206694	95080000000.0
10	0	0	3	1	 4	1	1	3	1	27.67776498602307	27210000000.0
10	2	2	3	1	 4	1	1	3	1	27.659786556252797	68460000000.0
11	0	0	3	1	 4	1	1	3	1	26.790653798497488	19600000000.0
11	2	2	3	1	 4	1	1	3	1	26.778015828440584	50780000000.0
12	0	0	3	1	 4	1	1	3	1	26.15337895383897	14330000000.0
12	2	2	3	1	 4	1	1	3	1	26.14411394267863	38530000000.0
13	0	0	3	1	 4	1	1	3	1	25.67820047136115	10470000000.0
13	2	2	3	1	 4	1	1	3	1	25.6711845761224	29690000000.0
14	0	0	3	1	 4	1	1	3	1	25.313385636070965	7345000000.0
14	2	2	3	1	 4	1	1	3	1	25.30793453601021	22930000000.0
15	0	0	3	1	 4	1	1	3	1	25.026615416212074	4035000000.0
15	2	2	3	1	 4	1	1	3	1	25.022292464674422	16800000000.0
 6	1	1	1	1	 4	0	0	1	1	41.73561776677974	171700000000.0
 7	1	1	1	1	 4	0	0	1	1	34.47122361817622	110100000000.0
 8	1	1	1	1	 4	0	0	1	1	30.971757485120545	74760000000.0
 9	1	1	1	1	 4	0	0	1	1	28.956210197942397	53130000000.0
10	1	1	1	1	 4	0	0	1	1	27.668170668707464	39260000000.0
11	1	1	1	1	 4	0	0	1	1	26.7865161616151	30000000000.0
12	1	1	1	1	 4	0	0	1	1	26.1526411375204	23650000000.0
13	1	1	1	1	 4	0	0	1	1	25.679698534964363	19260000000.0
14	1	1	1	1	 4	0	0	1	1	25.316417113527987	16410000000.0
15	1	1	1	1	 4	0	0	1	1	25.0307344599615	15790000000.0
 5	1	1	3	1	 4	2	2	3	1	65.07897568732717	78360000000.0
 5	3	3	3	1	 4	2	2	3	1	64.76544131286393	1010000000000.0
 6	1	1	3	1	 4	2	2	3	1	42.05171152166695	38930000000.0
 6	3	3	3	1	 4	2	2	3	1	41.976110613470276	503300000000.0
 7	1	1	3	1	 4	2	2	3	1	34.66117480209205	22190000000.0
 7	3	3	3	1	 4	2	2	3	1	34.628910496146226	287100000000.0
 8	1	1	3	1	 4	2	2	3	1	31.11370405272867	13930000000.0
 8	3	3	3	1	 4	2	2	3	1	31.09627758862776	180400000000.0
 9	1	1	3	1	 4	2	2	3	1	29.074228438787824	9337000000.0
 9	3	3	3	1	 4	2	2	3	1	29.063559071244747	121200000000.0
10	1	1	3	1	 4	2	2	3	1	27.772402725854143	6572000000.0
10	3	3	3	1	 4	2	2	3	1	27.765315892272696	85670000000.0
11	1	1	3	1	 4	2	2	3	1	26.8820099722948	4800000000.0
11	3	3	3	1	 4	2	2	3	1	26.877027984844354	62890000000.0
12	1	1	3	1	 4	2	2	3	1	26.24221520336966	3605000000.0
12	3	3	3	1	 4	2	2	3	1	26.23856292389943	47590000000.0
13	1	1	3	1	 4	2	2	3	1	25.765060551958456	2766000000.0
13	3	3	3	1	 4	2	2	3	1	25.76229514847555	36890000000.0
14	1	1	3	1	 4	2	2	3	1	25.398667099593066	2147000000.0
14	3	3	3	1	 4	2	2	3	1	25.396518947444857	29170000000.0
15	1	1	3	1	 4	2	2	3	1	25.110616137075525	1641000000.0
15	3	3	3	1	 4	2	2	3	1	25.10891346699523	23370000000.0
 5	2	2	3	1	 4	3	3	3	1	64.82106450761033	19830000000.0
 5	4	4	3	1	 4	3	3	3	1	64.8007140965663	1663000000000.0
 6	2	2	3	1	 4	3	3	3	1	41.99615429375104	8429000000.0
 6	4	4	3	1	 4	3	3	3	1	41.99097597979356	536500000000.0
 7	2	2	3	1	 4	3	3	3	1	34.64132866888856	4417000000.0
 7	4	4	3	1	 4	3	3	3	1	34.63905107581099	252400000000.0
 8	2	2	3	1	 4	3	3	3	1	31.105717964176957	2636000000.0
 8	4	4	3	1	 4	3	3	3	1	31.10446693143981	142400000000.0
 9	2	2	3	1	 4	3	3	3	1	29.07149621936276	1713000000.0
 9	4	4	3	1	 4	3	3	3	1	29.07072023245616	89460000000.0
10	2	2	3	1	 4	3	3	3	1	27.772376563995117	1182000000.0
10	4	4	3	1	 4	3	3	3	1	27.771856291614284	60390000000.0
11	2	2	3	1	 4	3	3	3	1	26.883528017972523	853500000.0
11	4	4	3	1	 4	3	3	3	1	26.883159679116062	42930000000.0
12	2	2	3	1	 4	3	3	3	1	26.244680410228547	637800000.0
12	4	4	3	1	 4	3	3	3	1	26.24440887402139	31730000000.0
13	2	2	3	1	 4	3	3	3	1	25.76813884608115	490000000.0
13	4	4	3	1	 4	3	3	3	1	25.76793229450802	24180000000.0
14	2	2	3	1	 4	3	3	3	1	25.402159356325225	385100000.0
14	4	4	3	1	 4	3	3	3	1	25.401998243614685	18880000000.0
15	2	2	3	1	 4	3	3	3	1	25.1143984505517	308300000.0
15	4	4	3	1	 4	3	3	3	1	25.114270174382106	15050000000.0
 5	4	4	1	1	 4	3	3	1	1	64.8014667836121	1663000000000.0
 5	2	2	1	1	 4	3	3	1	1	64.79225147891498	19690000000.0
 6	4	4	1	1	 4	3	3	1	1	41.9912919184745	536500000000.0
 6	2	2	1	1	 4	3	3	1	1	41.98897543774554	8362000000.0
 7	4	4	1	1	 4	3	3	1	1	34.63926624673432	252400000000.0
 7	2	2	1	1	 4	3	3	1	1	34.63825375059049	4382000000.0
 8	4	4	1	1	 4	3	3	1	1	31.10464059283534	142400000000.0
 8	2	2	1	1	 4	3	3	1	1	31.104086552988786	2615000000.0
 9	4	4	1	1	 4	3	3	1	1	29.070872045344807	89450000000.0
 9	2	2	1	1	 4	3	3	1	1	29.070529368070122	1700000000.0
10	4	4	1	1	 4	3	3	1	1	27.771994925485544	60390000000.0
10	2	2	1	1	 4	3	3	1	1	27.771765611607773	1174000000.0
11	4	4	1	1	 4	3	3	1	1	26.883289641947485	42930000000.0
11	2	2	1	1	 4	3	3	1	1	26.883127511980625	847600000.0
12	4	4	1	1	 4	3	3	1	1	26.244532777391388	31730000000.0
12	2	2	1	1	 4	3	3	1	1	26.244413367848765	633700000.0
13	4	4	1	1	 4	3	3	1	1	25.768051771385075	24180000000.0
13	2	2	1	1	 4	3	3	1	1	25.767960993296136	487200000.0
14	4	4	1	1	 4	3	3	1	1	25.40211437488454	18880000000.0
14	2	2	1	1	 4	3	3	1	1	25.402043584568865	383200000.0
15	4	4	1	1	 4	3	3	1	1	25.11438370784567	15050000000.0
15	2	2	1	1	 4	3	3	1	1	25.11432732671824	307200000.0
 5	3	3	1	1	 4	2	2	1	1	64.81773658396405	1010000000000.0
 5	1	1	1	1	 4	2	2	1	1	64.71677053554174	72270000000.0
 6	3	3	1	1	 4	2	2	1	1	41.998147942081125	502900000000.0
 6	1	1	1	1	 4	2	2	1	1	41.974027160255474	36270000000.0
 7	3	3	1	1	 4	2	2	1	1	34.64394394660842	286800000000.0
 7	1	1	1	1	 4	2	2	1	1	34.63370046182427	20840000000.0
 8	3	3	1	1	 4	2	2	1	1	31.10841949431088	180200000000.0
 8	1	1	1	1	 4	2	2	1	1	31.102857280833806	13200000000.0
 9	3	3	1	1	 4	2	2	1	1	29.074176744119097	121100000000.0
 9	1	1	1	1	 4	2	2	1	1	29.0707704974876	8938000000.0
10	3	3	1	1	 4	2	2	1	1	27.775013230302637	85620000000.0
10	1	1	1	1	 4	2	2	1	1	27.772747425214767	6364000000.0
11	3	3	1	1	 4	2	2	1	1	26.88611938413723	62900000000.0
11	1	1	1	1	 4	2	2	1	1	26.88452256207927	4712000000.0
12	3	3	1	1	 4	2	2	1	1	26.24723068230245	47640000000.0
13	3	3	1	1	 4	2	2	1	1	25.77065333395083	37010000000.0
14	3	3	1	1	 4	2	2	1	1	25.404643102566048	29370000000.0
15	3	3	1	1	 4	2	2	1	1	25.116855869126024	23810000000.0
 5	2	2	1	1	 4	1	1	1	1	64.99725075457994	583000000000.0
 6	0	0	1	1	 4	1	1	1	1	42.14723194281076	151000000000.0
 6	2	2	1	1	 4	1	1	1	1	42.074974438703286	337800000000.0
 7	0	0	1	1	 4	1	1	1	1	34.72772779943163	92680000000.0
 7	2	2	1	1	 4	1	1	1	1	34.696756885719566	209300000000.0
 8	0	0	1	1	 4	1	1	1	1	31.167959311846936	61470000000.0
 8	2	2	1	1	 4	1	1	1	1	31.151252355740972	138500000000.0
 9	0	0	1	1	 4	1	1	1	1	29.12196514480066	43210000000.0
 9	2	2	1	1	 4	1	1	1	1	29.1117253779504	96540000000.0
10	0	0	1	1	 4	1	1	1	1	27.816164885281335	31820000000.0
10	2	2	1	1	 4	1	1	1	1	27.809360496620982	70140000000.0
11	0	0	1	1	 4	1	1	1	1	26.92313665277816	24380000000.0
11	2	2	1	1	 4	1	1	1	1	26.918353448727913	52720000000.0
12	0	0	1	1	 4	1	1	1	1	26.281489197203054	19380000000.0
12	2	2	1	1	 4	1	1	1	1	26.277984283417567	40820000000.0
13	0	0	1	1	 4	1	1	1	1	25.80297462824222	16050000000.0
13	2	2	1	1	 4	1	1	1	1	25.800323300048913	32510000000.0
14	0	0	1	1	 4	1	1	1	1	25.43554879205786	14110000000.0
14	2	2	1	1	 4	1	1	1	1	25.43349273585179	26760000000.0
15	0	0	1	1	 4	1	1	1	1	25.146691245824613	14620000000.0
15	2	2	1	1	 4	1	1	1	1	25.145067663882	23730000000.0
 6	1	1	3	1	 5	0	0	3	1	117.14943928374488	91160000000.0
 7	1	1	3	1	 5	0	0	3	1	73.49382590482494	60130000000.0
 8	1	1	3	1	 5	0	0	3	1	59.18546864861195	40460000000.0
 9	1	1	3	1	 5	0	0	3	1	52.217732425480385	28270000000.0
10	1	1	3	1	 5	0	0	3	1	48.16299542267022	20430000000.0
11	1	1	3	1	 5	0	0	3	1	45.5467566896288	15160000000.0
12	1	1	3	1	 5	0	0	3	1	43.739939996698816	11480000000.0
13	1	1	3	1	 5	0	0	3	1	42.430212657626775	8801000000.0
14	1	1	3	1	 5	0	0	3	1	41.44561365066874	6719000000.0
15	1	1	3	1	 5	0	0	3	1	40.68405416145296	4752000000.0
 6	0	0	3	1	 5	1	1	3	1	119.84310535983276	114000000000.0
 6	2	2	3	1	 5	1	1	3	1	118.28357520408687	172800000000.0
 7	0	0	3	1	 5	1	1	3	1	74.40003684174864	67620000000.0
 7	2	2	3	1	 5	1	1	3	1	74.0202965026112	112400000000.0
 8	0	0	3	1	 5	1	1	3	1	59.719587536558244	42900000000.0
 8	2	2	3	1	 5	1	1	3	1	59.55576699699964	74970000000.0
 9	0	0	3	1	 5	1	1	3	1	52.608775916743724	28840000000.0
 9	2	2	3	1	 5	1	1	3	1	52.519603261297874	52190000000.0
10	0	0	3	1	 5	1	1	3	1	48.482327649900654	20240000000.0
10	2	2	3	1	 5	1	1	3	1	48.42719045696219	37690000000.0
11	0	0	3	1	 5	1	1	3	1	45.82439525044206	14650000000.0
11	2	2	3	1	 5	1	1	3	1	45.78743297882756	28030000000.0
12	0	0	3	1	 5	1	1	3	1	43.99091841183067	10820000000.0
12	2	2	3	1	 5	1	1	3	1	43.96471176405265	21340000000.0
13	0	0	3	1	 5	1	1	3	1	42.6629780500049	8067000000.0
13	2	2	3	1	 5	1	1	3	1	42.643614821046775	16520000000.0
14	0	0	3	1	 5	1	1	3	1	41.665315853233864	5909000000.0
14	2	2	3	1	 5	1	1	3	1	41.650549521177616	12870000000.0
15	0	0	3	1	 5	1	1	3	1	40.89402839987026	3773000000.0
15	2	2	3	1	 5	1	1	3	1	40.8824872692691	9689000000.0
 6	1	1	1	1	 5	0	0	1	1	118.14131433041936	91860000000.0
 7	1	1	1	1	 5	0	0	1	1	73.99846497269805	61010000000.0
 8	1	1	1	1	 5	0	0	1	1	59.55369398114955	41510000000.0
 9	1	1	1	1	 5	0	0	1	1	52.52377873401134	29440000000.0
10	1	1	1	1	 5	0	0	1	1	48.43388265267259	21680000000.0
11	1	1	1	1	 5	0	0	1	1	45.79529285586747	16490000000.0
12	1	1	1	1	 5	0	0	1	1	43.97315867135927	12920000000.0
13	1	1	1	1	 5	0	0	1	1	42.6523686520559	10440000000.0
14	1	1	1	1	 5	0	0	1	1	41.659463304890885	8766000000.0
15	1	1	1	1	 5	0	0	1	1	40.89147521508401	8126000000.0
 6	1	1	3	1	 5	2	2	3	1	119.83711170103645	39680000000.0
 6	3	3	3	1	 5	2	2	3	1	119.22518349298808	282500000000.0
 7	1	1	3	1	 5	2	2	3	1	74.54264464786586	21830000000.0
 7	3	3	3	1	 5	2	2	3	1	74.39357800720597	169300000000.0
 8	1	1	3	1	 5	2	2	3	1	59.86377198896003	13310000000.0
 8	3	3	3	1	 5	2	2	3	1	59.7992943253545	107700000000.0
 9	1	1	3	1	 5	2	2	3	1	52.74501597670545	8758000000.0
 9	3	3	3	1	 5	2	2	3	1	52.70991207404944	72710000000.0
10	1	1	3	1	 5	2	2	3	1	48.61121909438456	6090000000.0
10	3	3	3	1	 5	2	2	3	1	48.58951132469903	51500000000.0
11	1	1	3	1	 5	2	2	3	1	45.94740492259435	4412000000.0
11	3	3	3	1	 5	2	2	3	1	45.932852206749	37860000000.0
12	1	1	3	1	 5	2	2	3	1	44.10930280466596	3298000000.0
12	3	3	3	1	 5	2	2	3	1	44.09898511995754	28670000000.0
13	1	1	3	1	 5	2	2	3	1	42.77769873854007	2525000000.0
13	3	3	3	1	 5	2	2	3	1	42.77007618948259	22250000000.0
14	1	1	3	1	 5	2	2	3	1	41.77709692407033	1965000000.0
14	3	3	3	1	 5	2	2	3	1	41.77128532004205	17610000000.0
15	1	1	3	1	 5	2	2	3	1	41.00342046920921	1524000000.0
15	3	3	3	1	 5	2	2	3	1	40.998880663129526	14130000000.0
 6	2	2	3	1	 5	3	3	3	1	119.33357256964366	15350000000.0
 6	4	4	3	1	 5	3	3	3	1	119.2917706704263	432200000000.0
 7	2	2	3	1	 5	3	3	3	1	74.43012361363711	7510000000.0
 7	4	4	3	1	 5	3	3	3	1	74.4196100066853	214300000000.0
 8	2	2	3	1	 5	3	3	3	1	59.82078602774904	4275000000.0
 8	4	4	3	1	 5	3	3	3	1	59.81615927468693	122500000000.0
 9	2	2	3	1	 5	3	3	3	1	52.72559226044712	2696000000.0
 9	4	4	3	1	 5	3	3	3	1	52.72303983464198	77420000000.0
10	2	2	3	1	 5	3	3	3	1	48.60227467192841	1823000000.0
10	4	4	3	1	 5	3	3	3	1	48.6006813197806	52420000000.0
11	2	2	3	1	 5	3	3	3	1	45.94391896718318	1297000000.0
11	4	4	3	1	 5	3	3	3	1	45.94284317875836	37330000000.0
12	2	2	3	1	 5	3	3	3	1	44.10896721853217	959400000.0
12	4	4	3	1	 5	3	3	3	1	44.10820021760296	27620000000.0
13	2	2	3	1	 5	3	3	3	1	42.77931767745907	731200000.0
13	4	4	3	1	 5	3	3	3	1	42.778748394987765	21060000000.0
14	2	2	3	1	 5	3	3	3	1	41.77999600369338	571100000.0
14	4	4	3	1	 5	3	3	3	1	41.77956016724772	16460000000.0
15	2	2	3	1	 5	3	3	3	1	41.007196474979075	454900000.0
15	4	4	3	1	 5	3	3	3	1	41.006854480435535	13120000000.0
 6	3	3	3	1	 5	4	4	3	1	119.29409062356613	4444000000.0
 6	5	5	3	1	 5	4	4	3	1	119.29313135182723	642900000000.0
 7	3	3	3	1	 5	4	4	3	1	74.4204008427471	1817000000.0
 7	5	5	3	1	 5	4	4	3	1	74.420136684302	198800000000.0
 8	3	3	3	1	 5	4	4	3	1	59.81662419091603	933200000.0
 8	5	5	3	1	 5	4	4	3	1	59.81650107709281	91390000000.0
 9	3	3	3	1	 5	4	4	3	1	52.72337603174617	551100000.0
 9	5	5	3	1	 5	4	4	3	1	52.72330571764711	50900000000.0
10	5	5	3	1	 5	4	4	3	1	48.600907425955114	31770000000.0
11	5	5	3	1	 5	4	4	3	1	45.943045376073385	21380000000.0
12	5	5	3	1	 5	4	4	3	1	44.10838668784188	15190000000.0
13	5	5	3	1	 5	4	4	3	1	42.778923866216594	11230000000.0
14	5	5	3	1	 5	4	4	3	1	41.77972759216078	8573000000.0
15	5	5	3	1	 5	4	4	3	1	41.00701581113636	6709000000.0
 6	5	5	1	1	 5	4	4	1	1	119.29314405901899	642900000000.0
 6	3	3	1	1	 5	4	4	1	1	119.29264767006134	4444000000.0
 7	5	5	1	1	 5	4	4	1	1	74.42014162360381	198800000000.0
 7	3	3	1	1	 5	4	4	1	1	74.42000940345832	1817000000.0
 8	5	5	1	1	 5	4	4	1	1	59.81650426848445	91390000000.0
 8	3	3	1	1	 5	4	4	1	1	59.81644445743768	933300000.0
 9	5	5	1	1	 5	4	4	1	1	52.72330819824861	50900000000.0
 9	3	3	1	1	 5	4	4	1	1	52.723274387109576	551100000.0
10	5	5	1	1	 5	4	4	1	1	48.60090953510496	31770000000.0
11	5	5	1	1	 5	4	4	1	1	45.943047261769514	21380000000.0
12	5	5	1	1	 5	4	4	1	1	44.10838842679472	15190000000.0
13	5	5	1	1	 5	4	4	1	1	42.77892550252481	11230000000.0
14	5	5	1	1	 5	4	4	1	1	41.7797291534972	8573000000.0
15	5	5	1	1	 5	4	4	1	1	41.00701731562215	6709000000.0
 6	4	4	1	1	 5	3	3	1	1	119.29382657832703	432100000000.0
 6	2	2	1	1	 5	3	3	1	1	119.2751325862156	15240000000.0
 7	4	4	1	1	 5	3	3	1	1	74.42041095176529	214200000000.0
 7	2	2	1	1	 5	3	3	1	1	74.41573763133992	7457000000.0
 8	4	4	1	1	 5	3	3	1	1	59.81667732030682	122500000000.0
 8	2	2	1	1	 5	3	3	1	1	59.81462838590083	4245000000.0
 9	4	4	1	1	 5	3	3	1	1	52.72344269283052	77420000000.0
 9	2	2	1	1	 5	3	3	1	1	52.72231556663998	2677000000.0
10	4	4	1	1	 5	3	3	1	1	48.601023899147975	52420000000.0
10	2	2	1	1	 5	3	3	1	1	48.60032162879899	1811000000.0
11	4	4	1	1	 5	3	3	1	1	45.9431494870588	37330000000.0
11	2	2	1	1	 5	3	3	1	1	45.94267596726075	1289000000.0
12	4	4	1	1	 5	3	3	1	1	44.10848267226269	27620000000.0
12	2	2	1	1	 5	3	3	1	1	44.108145381664656	953800000.0
13	4	4	1	1	 5	3	3	1	1	42.77901416679422	21060000000.0
13	2	2	1	1	 5	3	3	1	1	42.77876397192389	727400000.0
14	4	4	1	1	 5	3	3	1	1	41.77981373285417	16460000000.0
14	2	2	1	1	 5	3	3	1	1	41.77962223393231	568500000.0
15	4	4	1	1	 5	3	3	1	1	41.00709880179297	13120000000.0
15	2	2	1	1	 5	3	3	1	1	41.00694848545819	453600000.0
 6	3	3	1	1	 5	2	2	1	1	119.32388996099047	282800000000.0
 6	1	1	1	1	 5	2	2	1	1	119.12938668922438	36860000000.0
 7	3	3	1	1	 5	2	2	1	1	74.43216712454694	169300000000.0
 7	1	1	1	1	 5	2	2	1	1	74.38489915519028	20460000000.0
 8	3	3	1	1	 5	2	2	1	1	59.82429862209713	107600000000.0
 8	1	1	1	1	 5	2	2	1	1	59.80373141520784	12560000000.0
 9	3	3	1	1	 5	2	2	1	1	52.729376170680474	72680000000.0
 9	1	1	1	1	 5	2	2	1	1	52.71817340869555	8326000000.0
10	3	3	1	1	 5	2	2	1	1	48.60607287197989	51490000000.0
10	1	1	1	1	 5	2	2	1	1	48.59913432559819	5839000000.0
11	3	3	1	1	 5	2	2	1	1	45.94766576524068	37870000000.0
12	3	3	1	1	 5	2	2	1	1	44.11264838237177	28700000000.0
13	3	3	1	1	 5	2	2	1	1	42.78293456374255	22300000000.0
14	3	3	1	1	 5	2	2	1	1	41.783554567655166	17700000000.0
15	3	3	1	1	 5	2	2	1	1	41.01070359811263	14330000000.0
 6	0	0	1	1	 5	1	1	1	1	120.20442312856409	112000000000.0
 6	2	2	1	1	 5	1	1	1	1	119.61854269547116	176600000000.0
 7	0	0	1	1	 5	1	1	1	1	74.69238846628363	67640000000.0
 7	2	2	1	1	 5	1	1	1	1	74.5492657782916	113900000000.0
 8	0	0	1	1	 5	1	1	1	1	59.96267323883031	43880000000.0
 8	2	2	1	1	 5	1	1	1	1	59.900867677973636	75930000000.0
 9	0	0	1	1	 5	1	1	1	1	52.822984674713894	30290000000.0
 9	2	2	1	1	 5	1	1	1	1	52.78930481109557	52990000000.0
10	0	0	1	1	 5	1	1	1	1	48.678074278455846	21960000000.0
10	2	2	1	1	 5	1	1	1	1	48.657239843984655	38480000000.0
11	0	0	1	1	 5	1	1	1	1	46.007502071825385	16570000000.0
11	2	2	1	1	 5	1	1	1	1	45.9935361303917	28880000000.0
12	0	0	1	1	 5	1	1	1	1	44.164919543948834	12970000000.0
12	2	2	1	1	 5	1	1	1	1	44.155022787615195	22300000000.0
13	0	0	1	1	 5	1	1	1	1	42.83016141591596	10520000000.0
13	2	2	1	1	 5	1	1	1	1	42.822856858369235	17690000000.0
14	0	0	1	1	 5	1	1	1	1	41.82723815553679	8971000000.0
14	2	2	1	1	 5	1	1	1	1	41.821678491949406	14450000000.0
15	0	0	1	1	 5	1	1	1	1	41.05178951573269	8669000000.0
15	2	2	1	1	 5	1	1	1	1	41.047462793993105	12540000000.0
 7	1	1	3	1	 6	0	0	3	1	194.5322547849883	36590000000.0
 8	1	1	3	1	 6	0	0	3	1	118.62410588901314	25540000000.0
 9	1	1	3	1	 6	0	0	3	1	93.59323261068627	17950000000.0
10	1	1	3	1	 6	0	0	3	1	81.3221104170379	12990000000.0
11	1	1	3	1	 6	0	0	3	1	74.13222301864951	9659000000.0
12	1	1	3	1	 6	0	0	3	1	69.46204895394159	7333000000.0
13	1	1	3	1	 6	0	0	3	1	66.21612134818236	5646000000.0
14	1	1	3	1	 6	0	0	3	1	63.84898461990096	4352000000.0
15	1	1	3	1	 6	0	0	3	1	62.05935848689238	3178000000.0
 7	0	0	3	1	 6	1	1	3	1	198.94344238467696	53580000000.0
 7	2	2	3	1	 6	1	1	3	1	196.25125775708904	65300000000.0
 8	0	0	3	1	 6	1	1	3	1	120.03900660714069	33820000000.0
 8	2	2	3	1	 6	1	1	3	1	119.37895499528977	45510000000.0
 9	0	0	3	1	 6	1	1	3	1	94.39362181756769	22470000000.0
 9	2	2	3	1	 6	1	1	3	1	94.10692932618534	31970000000.0
10	0	0	3	1	 6	1	1	3	1	81.88819063044308	15660000000.0
10	2	2	3	1	 6	1	1	3	1	81.73101685206059	23160000000.0
11	0	0	3	1	 6	1	1	3	1	74.58157054523956	11310000000.0
11	2	2	3	1	 6	1	1	3	1	74.48370981776877	17260000000.0
12	0	0	3	1	 6	1	1	3	1	69.84378960116231	8375000000.0
12	2	2	3	1	 6	1	1	3	1	69.77775235049376	13170000000.0
13	0	0	3	1	 6	1	1	3	1	66.55473467345094	6292000000.0
13	2	2	3	1	 6	1	1	3	1	66.5076236013232	10220000000.0
14	0	0	3	1	 6	1	1	3	1	64.15817297230038	4704000000.0
14	2	2	3	1	 6	1	1	3	1	64.1231668370092	8010000000.0
15	0	0	3	1	 6	1	1	3	1	62.34744851609964	3223000000.0
15	2	2	3	1	 6	1	1	3	1	62.3206258685737	6132000000.0
 7	1	1	1	1	 6	0	0	1	1	195.98219243061718	36920000000.0
 8	1	1	1	1	 6	0	0	1	1	119.32775218297017	25930000000.0
 9	1	1	1	1	 6	0	0	1	1	94.09368027865527	18420000000.0
10	1	1	1	1	 6	0	0	1	1	81.72996999305597	13520000000.0
11	1	1	1	1	 6	0	0	1	1	74.48780721512217	10250000000.0
12	1	1	1	1	 6	0	0	1	1	69.78437149180752	7990000000.0
13	1	1	1	1	 6	0	0	1	1	66.51559939700716	6411000000.0
14	1	1	1	1	 6	0	0	1	1	64.1319150622417	5329000000.0
 7	1	1	3	1	 6	2	2	3	1	198.78662281336977	21040000000.0
 7	3	3	3	1	 6	2	2	3	1	197.73004849766895	101300000000.0
 8	1	1	3	1	 6	2	2	3	1	120.19268808135433	12470000000.0
 8	3	3	3	1	 6	2	2	3	1	119.93305137782643	67430000000.0
 9	1	1	3	1	 6	2	2	3	1	94.56696627462671	7994000000.0
 9	3	3	3	1	 6	2	2	3	1	94.45418361358463	46020000000.0
10	1	1	3	1	 6	2	2	3	1	82.0562464958916	5461000000.0
10	3	3	3	1	 6	2	2	3	1	81.99441182363734	32720000000.0
11	1	1	3	1	 6	2	2	3	1	74.74179759064147	3910000000.0
11	3	3	3	1	 6	2	2	3	1	74.70329739304198	24090000000.0
12	1	1	3	1	 6	2	2	3	1	69.9969618398552	2900000000.0
12	3	3	3	1	 6	2	2	3	1	69.97098294756434	18260000000.0
13	1	1	3	1	 6	2	2	3	1	66.70203500145668	2209000000.0
13	3	3	3	1	 6	2	2	3	1	66.6835039405862	14180000000.0
14	1	1	3	1	 6	2	2	3	1	64.30065925341754	1715000000.0
14	3	3	3	1	 6	2	2	3	1	64.28689293592649	11230000000.0
15	1	1	3	1	 6	2	2	3	1	62.48598335874653	1337000000.0
15	3	3	3	1	 6	2	2	3	1	62.47544101543708	9022000000.0
 7	2	2	3	1	 6	3	3	3	1	197.91479238121096	9911000000.0
 7	4	4	3	1	 6	3	3	3	1	197.84047181646275	147100000000.0
 8	2	2	3	1	 6	3	3	3	1	119.99246675979629	5348000000.0
 8	4	4	3	1	 6	3	3	3	1	119.97385247869967	88420000000.0
 9	2	2	3	1	 6	3	3	3	1	94.48776561346114	3238000000.0
 9	4	4	3	1	 6	3	3	3	1	94.47956880665119	56570000000.0
10	2	2	3	1	 6	3	3	3	1	82.01811993285334	2132000000.0
10	4	4	3	1	 6	3	3	3	1	82.01358251881729	38490000000.0
11	2	2	3	1	 6	3	3	3	1	74.72207970499923	1490000000.0
11	4	4	3	1	 6	3	3	3	1	74.71923418052917	27470000000.0
12	2	2	3	1	 6	3	3	3	1	69.98691057164639	1087000000.0
12	4	4	3	1	 6	3	3	3	1	69.98497962031836	20350000000.0
13	2	2	3	1	 6	3	3	3	1	66.69761014581695	820500000.0
13	4	4	3	1	 6	3	3	3	1	66.69622633277446	15530000000.0
14	2	2	3	1	 6	3	3	3	1	64.29975656271218	636000000.0
14	4	4	3	1	 6	3	3	3	1	64.29872426973829	12140000000.0
15	2	2	3	1	 6	3	3	3	1	62.48741413696946	503700000.0
15	4	4	3	1	 6	3	3	3	1	62.48662002411203	9686000000.0
 7	3	3	3	1	 6	4	4	3	1	197.84492216006694	4339000000.0
 7	5	5	3	1	 6	4	4	3	1	197.84305523129134	208000000000.0
 8	3	3	3	1	 6	4	4	3	1	119.97530399634715	2047000000.0
 8	5	5	3	1	 6	4	4	3	1	119.97480872199536	100800000000.0
 9	3	3	3	1	 6	4	4	3	1	94.48038870966532	1142000000.0
 9	5	5	3	1	 6	4	4	3	1	94.4801629122963	56880000000.0
10	3	3	3	1	 6	4	4	3	1	82.01415858941326	712400000.0
10	5	5	3	1	 6	4	4	3	1	82.01403069112614	35700000000.0
11	3	3	3	1	 6	4	4	3	1	74.71968810086125	479100000.0
11	5	5	3	1	 6	4	4	3	1	74.71960656049572	24100000000.0
12	3	3	3	1	 6	4	4	3	1	69.98536258970869	340000000.0
12	5	5	3	1	 6	4	4	3	1	69.98530655662952	17150000000.0
13	3	3	3	1	 6	4	4	3	1	66.69656398817236	251300000.0
13	5	5	3	1	 6	4	4	3	1	66.69652343976172	12700000000.0
14	3	3	3	1	 6	4	4	3	1	64.2990310090848	191600000.0
14	5	5	3	1	 6	4	4	3	1	64.29900053083247	9695000000.0
15	3	3	3	1	 6	4	4	3	1	62.486904620843646	149900000.0
15	5	5	3	1	 6	4	4	3	1	62.4868810295026	7591000000.0
 7	4	4	3	1	 6	5	5	3	1	197.84311023293847	1311000000.0
 7	6	6	3	1	 6	5	5	3	1	197.8430837350707	289500000000.0
 8	4	4	3	1	 6	5	5	3	1	119.9748227294829	510200000.0
 8	6	6	3	1	 6	5	5	3	1	119.97480425501888	85030000000.0
 9	6	6	3	1	 6	5	5	3	1	94.48015946812761	37810000000.0
10	6	6	3	1	 6	5	5	3	1	82.0140325069177	20600000000.0
11	6	6	3	1	 6	5	5	3	1	74.71960892967421	12670000000.0
12	6	6	3	1	 6	5	5	3	1	69.98530864745504	8442000000.0
13	6	6	3	1	 6	5	5	3	1	66.69652535090208	5956000000.0
14	6	6	3	1	 6	5	5	3	1	64.29900231702537	4385000000.0
15	6	6	3	1	 6	5	5	3	1	62.48688272457559	3337000000.0
 7	6	6	1	1	 6	5	5	1	1	197.84308385533953	289500000000.0
 7	4	4	1	1	 6	5	5	1	1	197.84307849906776	1311000000.0
 8	4	4	1	1	 6	5	5	1	1	119.9748134764548	510200000.0
 8	6	6	1	1	 6	5	5	1	1	119.97480429924629	85030000000.0
 9	6	6	1	1	 6	5	5	1	1	94.48015949555551	37810000000.0
10	6	6	1	1	 6	5	5	1	1	82.01403252758519	20600000000.0
11	6	6	1	1	 6	5	5	1	1	74.71960894682881	12670000000.0
12	6	6	1	1	 6	5	5	1	1	69.98530866250465	8442000000.0
13	6	6	1	1	 6	5	5	1	1	66.69652536457049	5956000000.0
14	6	6	1	1	 6	5	5	1	1	64.29900232972876	4385000000.0
15	6	6	1	1	 6	5	5	1	1	62.48688273657304	3337000000.0
 7	5	5	1	1	 6	4	4	1	1	197.84309275954934	208000000000.0
 7	3	3	1	1	 6	4	4	1	1	197.84215830721843	4339000000.0
 8	5	5	1	1	 6	4	4	1	1	119.9748225241412	100800000000.0
 8	3	3	1	1	 6	4	4	1	1	119.97458191111183	2047000000.0
 9	5	5	1	1	 6	4	4	1	1	94.48017147570107	56880000000.0
 9	3	3	1	1	 6	4	4	1	1	94.48006289925532	1142000000.0
10	5	5	1	1	 6	4	4	1	1	82.01403714751733	35700000000.0
10	3	3	1	1	 6	4	4	1	1	82.01397587421752	712400000.0
11	5	5	1	1	 6	4	4	1	1	74.71961192193339	24100000000.0
11	3	3	1	1	 6	4	4	1	1	74.71957294048681	479100000.0
12	5	5	1	1	 6	4	4	1	1	69.98531126233007	17150000000.0
12	3	3	1	1	 6	4	4	1	1	69.98528453632619	340000000.0
13	5	5	1	1	 6	4	4	1	1	66.69652771505332	12700000000.0
13	3	3	1	1	 6	4	4	1	1	66.69650841034563	251300000.0
14	5	5	1	1	 6	4	4	1	1	64.29900450564399	9695000000.0
14	3	3	1	1	 6	4	4	1	1	64.29899000967686	191600000.0
15	5	5	1	1	 6	4	4	1	1	62.48688478428569	7591000000.0
15	3	3	1	1	 6	4	4	1	1	62.48687357178366	149900000.0
 7	4	4	1	1	 6	3	3	1	1	197.84444382918	147100000000.0
 7	2	2	1	1	 6	3	3	1	1	197.81141874596668	9843000000.0
 8	4	4	1	1	 6	3	3	1	1	119.97531555878042	88410000000.0
 8	2	2	1	1	 6	3	3	1	1	119.9670731846167	5312000000.0
 9	4	4	1	1	 6	3	3	1	1	94.48047739850738	56570000000.0
 9	2	2	1	1	 6	3	3	1	1	94.47685795481351	3218000000.0
10	4	4	1	1	 6	3	3	1	1	82.01426789237384	38490000000.0
10	2	2	1	1	 6	3	3	1	1	82.01226808573803	2119000000.0
11	4	4	1	1	 6	3	3	1	1	74.71980352013752	27470000000.0
11	2	2	1	1	 6	3	3	1	1	74.71855105613234	1481000000.0
12	4	4	1	1	 6	3	3	1	1	69.98547940432094	20350000000.0
12	2	2	1	1	 6	3	3	1	1	69.98463027481112	1081000000.0
13	4	4	1	1	 6	3	3	1	1	66.69668046066161	15530000000.0
13	2	2	1	1	 6	3	3	1	1	66.69607229222692	816400000.0
14	4	4	1	1	 6	3	3	1	1	64.2991464876148	12140000000.0
14	2	2	1	1	 6	3	3	1	1	64.29869291933188	633300000.0
15	4	4	1	1	 6	3	3	1	1	62.487018891145354	9686000000.0
15	2	2	1	1	 6	3	3	1	1	62.486669857842834	502400000.0
 7	3	3	1	1	 6	2	2	1	1	197.89359638843405	101400000000.0
 7	1	1	1	1	 6	2	2	1	1	197.55982287357492	19630000000.0
 8	3	3	1	1	 6	2	2	1	1	119.99349581285658	67460000000.0
 8	1	1	1	1	 6	2	2	1	1	119.91078060700774	11730000000.0
 9	3	3	1	1	 6	2	2	1	1	94.49179210047724	46030000000.0
 9	1	1	1	1	 6	2	2	1	1	94.45582255570196	7570000000.0
10	3	3	1	1	 6	2	2	1	1	82.02281392938262	32720000000.0
11	3	3	1	1	 6	2	2	1	1	74.7269087082729	24100000000.0
12	3	3	1	1	 6	2	2	1	1	69.99172011460138	18280000000.0
13	3	3	1	1	 6	2	2	1	1	66.70235332848456	14210000000.0
14	3	3	1	1	 6	2	2	1	1	64.30442225243091	11270000000.0
15	3	3	1	1	 6	2	2	1	1	62.49200392686934	9121000000.0
 7	0	0	1	1	 6	1	1	1	1	199.36467972621494	52640000000.0
 7	2	2	1	1	 6	1	1	1	1	198.34827793904896	67020000000.0
 8	0	0	1	1	 6	1	1	1	1	120.41330316025973	33750000000.0
 8	2	2	1	1	 6	1	1	1	1	120.16432372988345	46330000000.0
 9	0	0	1	1	 6	1	1	1	1	94.70735985708856	22840000000.0
 9	2	2	1	1	 6	1	1	1	1	94.59914860988039	32520000000.0
10	0	0	1	1	 6	1	1	1	1	82.16374334521855	16300000000.0
10	2	2	1	1	 6	1	1	1	1	82.10440334755401	23620000000.0
11	0	0	1	1	 6	1	1	1	1	74.83196005917492	12130000000.0
11	2	2	1	1	 6	1	1	1	1	74.79501940676198	17710000000.0
12	0	0	1	1	 6	1	1	1	1	70.0766247306393	9368000000.0
12	2	2	1	1	 6	1	1	1	1	70.05171166065796	13650000000.0
13	0	0	1	1	 6	1	1	1	1	66.77474802045002	7491000000.0
13	2	2	1	1	 6	1	1	1	1	66.7569947813532	10790000000.0
14	0	0	1	1	 6	1	1	1	1	64.36847831265747	6256000000.0
14	2	2	1	1	 6	1	1	1	1	64.35531256546247	8771000000.0
15	0	0	1	1	 6	1	1	1	1	62.55018640222799	5781000000.0
15	2	2	1	1	 6	1	1	1	1	62.54014190912348	7505000000.0
 8	1	1	3	1	 7	0	0	3	1	299.99586517134753	16900000000.0
 9	1	1	3	1	 7	0	0	3	1	178.95737933399954	12300000000.0
10	1	1	3	1	 7	0	0	3	1	138.88564324861952	8937000000.0
11	1	1	3	1	 7	0	0	3	1	119.14974503626719	6648000000.0
12	1	1	3	1	 7	0	0	3	1	107.52988847376795	5050000000.0
13	1	1	3	1	 7	0	0	3	1	99.94551018606418	3897000000.0
14	1	1	3	1	 7	0	0	3	1	94.64905638384485	3021000000.0
15	1	1	3	1	 7	0	0	3	1	90.76885572585262	2249000000.0
 8	0	0	3	1	 7	1	1	3	1	306.73472865423065	27750000000.0
 8	2	2	3	1	 7	1	1	3	1	302.46145488517794	28830000000.0
 9	0	0	3	1	 7	1	1	3	1	181.04604655326565	18360000000.0
 9	2	2	3	1	 7	1	1	3	1	179.99432704636232	21090000000.0
10	0	0	3	1	 7	1	1	3	1	140.03065137375864	12640000000.0
10	2	2	3	1	 7	1	1	3	1	139.571672908839	15390000000.0
11	0	0	3	1	 7	1	1	3	1	119.93774681228034	9062000000.0
11	2	2	3	1	 7	1	1	3	1	119.68486898559264	11500000000.0
12	0	0	3	1	 7	1	1	3	1	108.14100819294573	6691000000.0
12	2	2	3	1	 7	1	1	3	1	107.98277808545092	8783000000.0
13	0	0	3	1	 7	1	1	3	1	100.45458071422316	5037000000.0
13	2	2	3	1	 7	1	1	3	1	100.34729348983633	6831000000.0
14	0	0	3	1	 7	1	1	3	1	95.0931973135922	3803000000.0
14	2	2	3	1	 7	1	1	3	1	95.01631528205372	5372000000.0
15	0	0	3	1	 7	1	1	3	1	91.16876177169715	2711000000.0
15	2	2	3	1	 7	1	1	3	1	91.11142014309318	4161000000.0
 8	1	1	1	1	 7	0	0	1	1	302.0056266735162	17080000000.0
 9	1	1	1	1	 7	0	0	1	1	179.90067964497257	12490000000.0
10	1	1	1	1	 7	0	0	1	1	139.54143612557212	9173000000.0
11	1	1	1	1	 7	0	0	1	1	119.67545460753881	6925000000.0
12	1	1	1	1	 7	0	0	1	1	107.98235296349232	5376000000.0
13	1	1	1	1	 7	0	0	1	1	100.3513933531194	4288000000.0
 8	1	1	3	1	 7	2	2	3	1	306.3326851500611	11810000000.0
 8	3	3	3	1	 7	2	2	3	1	304.65176843365913	42980000000.0
 9	1	1	3	1	 7	2	2	3	1	181.19329019413573	7402000000.0
 9	3	3	3	1	 7	2	2	3	1	180.77969693984028	30620000000.0
10	1	1	3	1	 7	2	2	3	1	140.2285834176934	4939000000.0
10	3	3	3	1	 7	2	2	3	1	140.04809476084267	21960000000.0
11	1	1	3	1	 7	2	2	3	1	120.13677846642159	3478000000.0
11	3	3	3	1	 7	2	2	3	1	120.03734055479475	16220000000.0
12	1	1	3	1	 7	2	2	3	1	108.33314322376417	2551000000.0
12	3	3	3	1	 7	2	2	3	1	108.27092799999156	12310000000.0
13	1	1	3	1	 7	2	2	3	1	100.63908406355102	1928000000.0
13	3	3	3	1	 7	2	2	3	1	100.59690527687823	9561000000.0
14	1	1	3	1	 7	2	2	3	1	95.27083967078798	1490000000.0
14	3	3	3	1	 7	2	2	3	1	95.24062192000551	7573000000.0
15	1	1	3	1	 7	2	2	3	1	91.34054920956103	1162000000.0
15	3	3	3	1	 7	2	2	3	1	91.31802418151855	6090000000.0
 8	2	2	3	1	 7	3	3	3	1	304.94073559415045	6254000000.0
 8	4	4	3	1	 7	3	3	3	1	304.82054641679457	60030000000.0
 9	2	2	3	1	 7	3	3	3	1	180.86944024253495	3628000000.0
 9	4	4	3	1	 7	3	3	3	1	180.83940788064893	40270000000.0
10	2	2	3	1	 7	3	3	3	1	140.09728727975727	2306000000.0
10	4	4	3	1	 7	3	3	3	1	140.08404900991403	27710000000.0
11	2	2	3	1	 7	3	3	3	1	120.07116318547824	1572000000.0
11	4	4	3	1	 7	3	3	3	1	120.06381581698842	19860000000.0
12	2	2	3	1	 7	3	3	3	1	108.29712677320195	1128000000.0
12	4	4	3	1	 7	3	3	3	1	108.29250333570039	14740000000.0
13	2	2	3	1	 7	3	3	3	1	100.61870271039959	841000000.0
13	4	4	3	1	 7	3	3	3	1	100.61555344168845	11260000000.0
14	2	2	3	1	 7	3	3	3	1	95.25961815751624	645900000.0
14	4	4	3	1	 7	3	3	3	1	95.2573524772107	8809000000.0
15	2	2	3	1	 7	3	3	3	1	91.33511232412462	507900000.0
15	4	4	3	1	 7	3	3	3	1	91.3334157606682	7029000000.0
 8	3	3	3	1	 7	4	4	3	1	304.82803673502553	3311000000.0
 8	5	5	3	1	 7	4	4	3	1	304.824839539652	81760000000.0
 9	3	3	3	1	 7	4	4	3	1	180.84175010838624	1725000000.0
 9	5	5	3	1	 7	4	4	3	1	180.84092286750536	48550000000.0
10	3	3	3	1	 7	4	4	3	1	140.08533268626255	1024000000.0
10	5	5	3	1	 7	4	4	3	1	140.08495954617166	30860000000.0
11	3	3	3	1	 7	4	4	3	1	120.06469622115885	667000000.0
11	5	5	3	1	 7	4	4	3	1	120.0644856819831	20940000000.0
12	3	3	3	1	 7	4	4	3	1	108.29318305054812	462900000.0
12	5	5	3	1	 7	4	4	3	1	108.29304888775151	14930000000.0
13	3	3	3	1	 7	4	4	3	1	100.61611706465783	336600000.0
13	5	5	3	1	 7	4	4	3	1	100.61602478586889	11070000000.0
14	3	3	3	1	 7	4	4	3	1	95.2578421349832	253700000.0
14	5	5	3	1	 7	4	4	3	1	95.25777524168903	8463000000.0
15	3	3	3	1	 7	4	4	3	1	91.33385501941724	196600000.0
15	5	5	3	1	 7	4	4	3	1	91.33380461853865	6630000000.0
 8	5	5	3	1	 7	6	6	3	1	304.824902442444	465100000.0
 8	7	7	3	1	 7	6	6	3	1	304.82489984231626	145600000000.0
 9	7	7	3	1	 7	6	6	3	1	180.84094406288577	40460000000.0
10	7	7	3	1	 7	6	6	3	1	140.08497242172632	17310000000.0
11	7	7	3	1	 7	6	6	3	1	120.06449438410503	9175000000.0
12	7	7	3	1	 7	6	6	3	1	108.29305656430041	5530000000.0
13	7	7	3	1	 7	6	6	3	1	100.61603145481256	3631000000.0
14	7	7	3	1	 7	6	6	3	1	95.25778124712564	2534000000.0
15	7	7	3	1	 7	6	6	3	1	91.33381015679194	1850000000.0
 8	5	5	1	1	 7	6	6	1	1	304.8249020651762	465100000.0
 8	7	7	1	1	 7	6	6	1	1	304.82489984231626	145600000000.0
 9	7	7	1	1	 7	6	6	1	1	180.84094406288577	40460000000.0
10	7	7	1	1	 7	6	6	1	1	140.08497242172632	17310000000.0
11	7	7	1	1	 7	6	6	1	1	120.06449438410503	9175000000.0
12	7	7	1	1	 7	6	6	1	1	108.29305656430041	5530000000.0
13	7	7	1	1	 7	6	6	1	1	100.61603145481256	3631000000.0
14	7	7	1	1	 7	6	6	1	1	95.25778124712564	2534000000.0
15	7	7	1	1	 7	6	6	1	1	91.33381015679194	1850000000.0
 8	5	5	1	1	 7	4	4	1	1	304.8249147803346	81760000000.0
 8	3	3	1	1	 7	4	4	1	1	304.8233615406114	3310000000.0
 9	5	5	1	1	 7	4	4	1	1	180.8409493635309	48550000000.0
 9	3	3	1	1	 7	4	4	1	1	180.84055157947128	1725000000.0
10	5	5	1	1	 7	4	4	1	1	140.0849754559571	30860000000.0
10	3	3	1	1	 7	4	4	1	1	140.08479669289915	1024000000.0
11	5	5	1	1	 7	4	4	1	1	120.06449737551048	20940000000.0
11	3	3	1	1	 7	4	4	1	1	120.0643967245756	667000000.0
12	5	5	1	1	 7	4	4	1	1	108.2930584059001	14930000000.0
12	3	3	1	1	 7	4	4	1	1	108.29299441453458	462900000.0
13	5	5	1	1	 7	4	4	1	1	100.61603300567856	11070000000.0
13	3	3	1	1	 7	4	4	1	1	100.61598907265459	336600000.0
14	5	5	1	1	 7	4	4	1	1	95.25778261231518	8463000000.0
14	3	3	1	1	 7	4	4	1	1	95.25775079675412	253700000.0
15	5	5	1	1	 7	4	4	1	1	91.33381139626233	6630000000.0
15	3	3	1	1	 7	4	4	1	1	91.33378744171804	196600000.0
 8	4	4	3	1	 7	5	5	3	1	304.8249781827812	1507000000.0
 8	6	6	3	1	 7	5	5	3	1	304.82485892338303	109700000000.0
 9	4	4	3	1	 7	5	5	3	1	180.84096769147402	680300000.0
 9	6	6	3	1	 7	5	5	3	1	180.8409272207046	51380000000.0
10	4	4	3	1	 7	5	5	3	1	140.08498498072564	369300000.0
10	6	6	3	1	 7	5	5	3	1	140.08497502741855	28380000000.0
11	4	4	3	1	 7	5	5	3	1	120.06450337413725	226100000.0
11	6	6	3	1	 7	5	5	3	1	120.06449928013689	17550000000.0
12	4	4	3	1	 7	5	5	3	1	108.29306268237549	150200000.0
12	6	6	3	1	 7	5	5	3	1	108.29305997981761	11730000000.0
13	4	4	3	1	 7	5	5	3	1	100.61603629404611	105700000.0
13	6	6	3	1	 7	5	5	3	1	100.61603438879214	8288000000.0
14	6	6	3	1	 7	5	5	3	1	95.2577838709574	6108000000.0
15	6	6	3	1	 7	5	5	3	1	91.33381256890806	4651000000.0
 8	4	4	1	1	 7	5	5	1	1	304.82491855307046	1507000000.0
 8	6	6	1	1	 7	5	5	1	1	304.8248593108518	109700000000.0
 9	4	4	1	1	 7	5	5	1	1	180.840951294296	680300000.0
 9	6	6	1	1	 7	5	5	1	1	180.8409273570779	51380000000.0
10	4	4	1	1	 7	5	5	1	1	140.08497727347947	369300000.0
10	6	6	1	1	 7	5	5	1	1	140.08497510924977	28380000000.0
11	6	6	1	1	 7	5	5	1	1	120.06449934024943	17550000000.0
11	4	4	1	1	 7	5	5	1	1	120.06449890047733	226100000.0
12	6	6	1	1	 7	5	5	1	1	108.2930600287208	11730000000.0
12	4	4	1	1	 7	5	5	1	1	108.29305977648276	150200000.0
13	6	6	1	1	 7	5	5	1	1	100.61603443100749	8288000000.0
13	4	4	1	1	 7	5	5	1	1	100.61603426881089	105700000.0
14	6	6	1	1	 7	5	5	1	1	95.25778390879616	6108000000.0
15	6	6	1	1	 7	5	5	1	1	91.33381260369363	4651000000.0
 8	4	4	1	1	 7	3	3	1	1	304.82713685936415	60030000000.0
 8	2	2	1	1	 7	3	3	1	1	304.7739346326214	6214000000.0
 9	4	4	1	1	 7	3	3	1	1	180.84173204585278	40260000000.0
 9	2	2	1	1	 7	3	3	1	1	180.82847216031126	3606000000.0
10	4	4	1	1	 7	3	3	1	1	140.08544576528442	27700000000.0
10	2	2	1	1	 7	3	3	1	1	140.07961147928077	2292000000.0
11	4	4	1	1	 7	3	3	1	1	120.06484305056787	19860000000.0
11	2	2	1	1	 7	3	3	1	1	120.06160919135982	1563000000.0
12	4	4	1	1	 7	3	3	1	1	108.29333975182888	14740000000.0
12	2	2	1	1	 7	3	3	1	1	108.29130665219948	1122000000.0
13	4	4	1	1	 7	3	3	1	1	100.61627595556709	11260000000.0
13	2	2	1	1	 7	3	3	1	1	100.61489191155421	836900000.0
14	4	4	1	1	 7	3	3	1	1	95.25800041968026	8808000000.0
14	2	2	1	1	 7	3	3	1	1	95.25700493700045	643300000.0
15	4	4	1	1	 7	3	3	1	1	91.33401166088441	7028000000.0
15	2	2	1	1	 7	3	3	1	1	91.33326598310475	506600000.0
 8	3	3	1	1	 7	2	2	1	1	304.9017905857281	43060000000.0
 8	1	1	1	1	 7	2	2	1	1	304.36829748352744	11060000000.0
 9	3	3	1	1	 7	2	2	1	1	180.86815269471654	30640000000.0
 9	1	1	1	1	 7	2	2	1	1	180.73641202080876	6989000000.0
10	3	3	1	1	 7	2	2	1	1	140.10135828387007	21980000000.0
11	3	3	1	1	 7	2	2	1	1	120.07656253919102	16230000000.0
12	3	3	1	1	 7	2	2	1	1	108.3028915409826	12320000000.0
13	3	3	1	1	 7	2	2	1	1	100.62453264657844	9577000000.0
14	3	3	1	1	 7	2	2	1	1	95.26540860102578	7599000000.0
15	3	3	1	1	 7	2	2	1	1	91.34082731939189	6144000000.0
 8	0	0	1	1	 7	1	1	1	1	307.1841932018019	27280000000.0
 8	2	2	1	1	 7	1	1	1	1	305.5690106117433	29680000000.0
 9	0	0	1	1	 7	1	1	1	1	181.50509937526357	18300000000.0
 9	2	2	1	1	 7	1	1	1	1	181.10806503950806	21540000000.0
10	0	0	1	1	 7	1	1	1	1	140.4205651002803	12820000000.0
10	2	2	1	1	 7	1	1	1	1	140.2473338704586	15710000000.0
11	0	0	1	1	 7	1	1	1	1	120.28020792906838	9401000000.0
11	2	2	1	1	 7	1	1	1	1	120.18479912030784	11770000000.0
12	0	0	1	1	 7	1	1	1	1	108.45117397238285	7165000000.0
12	2	2	1	1	 7	1	1	1	1	108.3915164969684	9059000000.0
13	0	0	1	1	 7	1	1	1	1	100.74179554710776	5656000000.0
13	2	2	1	1	 7	1	1	1	1	100.70139253628209	7144000000.0
14	0	0	1	1	 7	1	1	1	1	95.36342955829434	4649000000.0
14	2	2	1	1	 7	1	1	1	1	95.33453473932386	5781000000.0
15	0	0	1	1	 7	1	1	1	1	91.42599531359568	4160000000.0
15	2	2	1	1	 7	1	1	1	1	91.40453786856631	4894000000.0
 9	1	1	3	1	 8	0	0	3	1	437.85684225102233	8654000000.0
10	1	1	3	1	 8	0	0	3	1	256.667117196887	6498000000.0
11	1	1	3	1	 8	0	0	3	1	196.51272580704793	4850000000.0
12	1	1	3	1	 8	0	0	3	1	166.7870660107883	3685000000.0
13	1	1	3	1	 8	0	0	3	1	149.22297912731844	2847000000.0
14	1	1	3	1	 8	0	0	3	1	137.7168706907528	2215000000.0
15	1	1	3	1	 8	0	0	3	1	129.6525245710502	1676000000.0
 9	0	0	3	1	 8	1	1	3	1	447.627047630814	15500000000.0
 9	2	2	3	1	 8	1	1	3	1	441.25241036365117	14250000000.0
10	0	0	3	1	 8	1	1	3	1	259.61621312735537	10640000000.0
10	2	2	3	1	 8	1	1	3	1	258.04297030405036	10810000000.0
11	0	0	3	1	 8	1	1	3	1	198.0902265796469	7544000000.0
11	2	2	3	1	 8	1	1	3	1	197.40136997455835	8123000000.0
12	0	0	3	1	 8	1	1	3	1	167.8491143633106	5534000000.0
12	2	2	3	1	 8	1	1	3	1	167.46822776589102	6217000000.0
13	0	0	3	1	 8	1	1	3	1	150.030901332595	4161000000.0
13	2	2	3	1	 8	1	1	3	1	149.79171238660692	4844000000.0
14	0	0	3	1	 8	1	1	3	1	138.37870854066617	3162000000.0
14	2	2	3	1	 8	1	1	3	1	138.21596464844208	3822000000.0
15	0	0	3	1	 8	1	1	3	1	130.22163971570302	2329000000.0
15	2	2	3	1	 8	1	1	3	1	130.10468244159804	2997000000.0
 9	1	1	1	1	 8	0	0	1	1	440.56239016488416	8750000000.0
10	1	1	1	1	 8	0	0	1	1	257.895900412536	6607000000.0
11	1	1	1	1	 8	0	0	1	1	197.3501514977488	4985000000.0
12	1	1	1	1	 8	0	0	1	1	167.44876858323178	3853000000.0
 9	1	1	3	1	 8	2	2	3	1	446.8692396153471	6991000000.0
 9	3	3	3	1	 8	2	2	3	1	444.3619815486675	20600000000.0
10	1	1	3	1	 8	2	2	3	1	259.73778686326085	4578000000.0
10	3	3	3	1	 8	2	2	3	1	259.1192423454053	15380000000.0
11	1	1	3	1	 8	2	2	3	1	198.3076990769169	3155000000.0
11	3	3	3	1	 8	2	2	3	1	198.0369011437579	11450000000.0
12	1	1	3	1	 8	2	2	3	1	168.07829040212658	2278000000.0
12	3	3	3	1	 8	2	2	3	1	167.9285773393965	8704000000.0
13	1	1	3	1	 8	2	2	3	1	150.25572738670158	1704000000.0
13	3	3	3	1	 8	2	2	3	1	150.16172625675492	6765000000.0
14	1	1	3	1	 8	2	2	3	1	138.59602610336927	1307000000.0
14	3	3	3	1	 8	2	2	3	1	138.53208486135253	5360000000.0
15	1	1	3	1	 8	2	2	3	1	130.43144124589003	1017000000.0
15	3	3	3	1	 8	2	2	3	1	130.3855154324956	4313000000.0
 9	2	2	3	1	 8	3	3	3	1	444.787404733093	4003000000.0
 9	4	4	3	1	 8	3	3	3	1	444.60582856361054	27900000000.0
10	2	2	3	1	 8	3	3	3	1	259.24788530111806	2456000000.0
10	4	4	3	1	 8	3	3	3	1	259.20255722135084	20080000000.0
11	2	2	3	1	 8	3	3	3	1	198.10573269234652	1622000000.0
11	4	4	3	1	 8	3	3	3	1	198.0857326368411	14540000000.0
12	2	2	3	1	 8	3	3	3	1	167.97489867214426	1138000000.0
12	4	4	3	1	 8	3	3	3	1	167.96377598604602	10830000000.0
13	2	2	3	1	 8	3	3	3	1	150.1969390583761	835300000.0
13	4	4	3	1	 8	3	3	3	1	150.18992179531477	8284000000.0
14	2	2	3	1	 8	3	3	3	1	138.56090824369565	634200000.0
14	4	4	3	1	 8	3	3	3	1	138.55611468880946	6485000000.0
15	2	2	3	1	 8	3	3	3	1	130.41028284195974	494400000.0
15	4	4	3	1	 8	3	3	3	1	130.40682412681022	5176000000.0
 9	3	3	3	1	 8	4	4	3	1	444.6174451765475	2370000000.0
 9	5	5	3	1	 8	4	4	3	1	444.61244477724665	36900000000.0
10	3	3	3	1	 8	4	4	3	1	259.20608849040474	1329000000.0
10	5	5	3	1	 8	4	4	3	1	259.2048109460286	24620000000.0
11	3	3	3	1	 8	4	4	3	1	198.08762463616551	828900000.0
11	5	5	3	1	 8	4	4	3	1	198.08705155457295	16900000000.0
12	3	3	3	1	 8	4	4	3	1	167.96504846861265	558800000.0
12	5	5	3	1	 8	4	4	3	1	167.96472571775342	12110000000.0
13	3	3	3	1	 8	4	4	3	1	150.19088766669967	398100000.0
13	5	5	3	1	 8	4	4	3	1	150.19068205219313	8998000000.0
14	3	3	3	1	 8	4	4	3	1	138.5569038581054	295600000.0
14	5	5	3	1	 8	4	4	3	1	138.55676233175527	6885000000.0
15	3	3	3	1	 8	4	4	3	1	130.4075009960597	226500000.0
15	5	5	3	1	 8	4	4	3	1	130.40739824659394	5397000000.0
 9	4	4	3	1	 8	5	5	3	1	444.6126303166685	1300000000.0
 9	6	6	3	1	 8	5	5	3	1	444.61238568579495	48110000000.0
10	4	4	3	1	 8	5	5	3	1	259.20486900054124	651100000.0
10	6	6	3	1	 8	5	5	3	1	259.2048349228227	27960000000.0
11	4	4	3	1	 8	5	5	3	1	198.08708275962198	377000000.0
11	6	6	3	1	 8	5	5	3	1	198.08707161588325	17510000000.0
12	4	4	3	1	 8	5	5	3	1	167.9647467143256	241300000.0
12	6	6	3	1	 8	5	5	3	1	167.96474021287895	11760000000.0
13	4	4	3	1	 8	5	5	3	1	150.19069794902822	165600000.0
13	6	6	3	1	 8	5	5	3	1	150.19069370376585	8335000000.0
14	4	4	3	1	 8	5	5	3	1	138.55677525657438	119400000.0
14	6	6	3	1	 8	5	5	3	1	138.55677229450453	6152000000.0
15	4	4	3	1	 8	5	5	3	1	130.4074092758525	89470000.0
15	6	6	3	1	 8	5	5	3	1	130.40740710732473	4689000000.0
 9	4	4	1	1	 8	5	5	1	1	444.6125311800537	1300000000.0
 9	6	6	1	1	 8	5	5	1	1	444.61238648841857	48110000000.0
10	4	4	1	1	 8	5	5	1	1	259.204842605416	651100000.0
10	6	6	1	1	 8	5	5	1	1	259.20483519561685	27960000000.0
11	6	6	1	1	 8	5	5	1	1	198.08707177519983	17510000000.0
11	4	4	1	1	 8	5	5	1	1	198.0870705781542	377000000.0
12	6	6	1	1	 8	5	5	1	1	167.96474032742628	11760000000.0
12	4	4	1	1	 8	5	5	1	1	167.96473972062628	241300000.0
13	6	6	1	1	 8	5	5	1	1	150.19069379535307	8335000000.0
13	4	4	1	1	 8	5	5	1	1	150.19069343394872	165600000.0
14	6	6	1	1	 8	5	5	1	1	138.5567723724524	6152000000.0
14	4	4	1	1	 8	5	5	1	1	138.55677211964453	119400000.0
15	6	6	1	1	 8	5	5	1	1	130.40740717637308	4689000000.0
15	4	4	1	1	 8	5	5	1	1	130.4074069860207	89470000.0
 9	8	8	3	1	 8	7	7	3	1	444.61254912009036	79570000000.0
 9	6	6	3	1	 8	7	7	3	1	444.61239121747326	188900000.0
10	8	8	3	1	 8	7	7	3	1	259.20482040550786	20910000000.0
11	8	8	3	1	 8	7	7	3	1	198.08707247276135	8585000000.0
12	8	8	3	1	 8	7	7	3	1	167.96474017263162	4412000000.0
13	8	8	3	1	 8	7	7	3	1	150.19069417656075	2598000000.0
14	8	8	3	1	 8	7	7	3	1	138.55677270742353	1675000000.0
15	8	8	3	1	 8	7	7	3	1	130.4074074656336	1152000000.0
 9	8	8	1	1	 8	7	7	1	1	444.61254912009036	79570000000.0
 9	6	6	1	1	 8	7	7	1	1	444.61239121747326	188900000.0
10	8	8	1	1	 8	7	7	1	1	259.20482040550786	20910000000.0
11	8	8	1	1	 8	7	7	1	1	198.08707247276135	8585000000.0
12	8	8	1	1	 8	7	7	1	1	167.96474017263162	4412000000.0
13	8	8	1	1	 8	7	7	1	1	150.19069417656075	2598000000.0
14	8	8	1	1	 8	7	7	1	1	138.55677270742353	1675000000.0
15	8	8	1	1	 8	7	7	1	1	130.4074074656336	1152000000.0
 9	5	5	1	1	 8	4	4	1	1	444.61257174580663	36900000000.0
 9	3	3	1	1	 8	4	4	1	1	444.6101672949631	2369000000.0
10	5	5	1	1	 8	4	4	1	1	259.2048541366914	24620000000.0
10	3	3	1	1	 8	4	4	1	1	259.20424209578755	1330000000.0
11	5	5	1	1	 8	4	4	1	1	198.08707679591285	16900000000.0
11	3	3	1	1	 8	4	4	1	1	198.08680282740247	828900000.0
12	5	5	1	1	 8	4	4	1	1	167.96474387845404	12110000000.0
12	3	3	1	1	 8	4	4	1	1	167.96458993675978	558800000.0
13	5	5	1	1	 8	4	4	1	1	150.19069658014755	8998000000.0
13	3	3	1	1	 8	4	4	1	1	150.19059868916528	398100000.0
14	5	5	1	1	 8	4	4	1	1	138.55677470250131	6885000000.0
14	3	3	1	1	 8	4	4	1	1	138.55670739025012	295600000.0
15	5	5	1	1	 8	4	4	1	1	130.40740920866693	5397000000.0
15	3	3	1	1	 8	4	4	1	1	130.40736037388692	226500000.0
 9	5	5	3	1	 8	6	6	3	1	444.6126984975122	603700000.0
 9	7	7	3	1	 8	6	6	3	1	444.61269279225513	62100000000.0
10	5	5	3	1	 8	6	6	3	1	259.2048971799113	260100000.0
10	7	7	3	1	 8	6	6	3	1	259.2048957790506	27990000000.0
11	5	5	3	1	 8	6	6	3	1	198.08710191668862	136700000.0
11	7	7	3	1	 8	6	6	3	1	198.08709904032904	15040000000.0
12	7	7	3	1	 8	6	6	3	1	167.96476129613697	9116000000.0
13	7	7	3	1	 8	6	6	3	1	150.19071059322664	6002000000.0
14	7	7	3	1	 8	6	6	3	1	138.55678668139524	4195000000.0
15	7	7	3	1	 8	6	6	3	1	130.40741985162356	3066000000.0
 9	5	5	1	1	 8	6	6	1	1	444.6126977816484	603700000.0
 9	7	7	1	1	 8	6	6	1	1	444.61269279225513	62100000000.0
10	5	5	1	1	 8	6	6	1	1	259.2048969734695	260100000.0
10	7	7	1	1	 8	6	6	1	1	259.2048957790506	27990000000.0
11	5	5	1	1	 8	6	6	1	1	198.08710181334942	136700000.0
11	7	7	1	1	 8	6	6	1	1	198.08709904032904	15040000000.0
12	7	7	1	1	 8	6	6	1	1	167.96476129613697	9116000000.0
13	7	7	1	1	 8	6	6	1	1	150.19071059322664	6002000000.0
14	7	7	1	1	 8	6	6	1	1	138.55678668139524	4195000000.0
15	7	7	1	1	 8	6	6	1	1	130.40741985162356	3066000000.0
 9	4	4	1	1	 8	3	3	1	1	444.6158356849926	27900000000.0
 9	2	2	1	1	 8	3	3	1	1	444.53569263464516	3979000000.0
10	4	4	1	1	 8	3	3	1	1	259.20596572987034	20080000000.0
10	2	2	1	1	 8	3	3	1	1	259.1859912128328	2441000000.0
11	4	4	1	1	 8	3	3	1	1	198.08772650208593	14540000000.0
11	2	2	1	1	 8	3	3	1	1	198.07892418666657	1613000000.0
12	4	4	1	1	 8	3	3	1	1	167.9652113243675	10830000000.0
12	2	2	1	1	 8	3	3	1	1	167.96032041793026	1132000000.0
13	4	4	1	1	 8	3	3	1	1	150.1910705082326	8284000000.0
13	2	2	1	1	 8	3	3	1	1	150.18798661946548	831300000.0
14	4	4	1	1	 8	3	3	1	1	138.5570930392873	6484000000.0
14	2	2	1	1	 8	3	3	1	1	138.5549869040718	631600000.0
15	4	4	1	1	 8	3	3	1	1	130.40769126532598	5176000000.0
15	2	2	1	1	 8	3	3	1	1	130.40617109927217	493100000.0
 9	3	3	1	1	 8	2	2	1	1	444.7233989176665	20640000000.0
10	3	3	1	1	 8	2	2	1	1	259.24272315703007	15400000000.0
11	3	3	1	1	 8	2	2	1	1	198.10927570641294	11460000000.0
12	3	3	1	1	 8	2	2	1	1	167.9807474903309	8713000000.0
13	3	3	1	1	 8	2	2	1	1	150.20351746054172	6776000000.0
14	3	3	1	1	 8	2	2	1	1	138.56770220536396	5375000000.0
15	3	3	1	1	 8	2	2	1	1	130.4170998366977	4344000000.0
 9	0	0	1	1	 8	1	1	1	1	448.0866369483264	15250000000.0
 9	2	2	1	1	 8	1	1	1	1	445.67461455922125	14710000000.0
10	0	0	1	1	 8	1	1	1	1	260.16678455547935	10610000000.0
10	2	2	1	1	 8	1	1	1	1	259.5727498678488	11070000000.0
11	0	0	1	1	 8	1	1	1	1	198.5646170330885	7650000000.0
11	2	2	1	1	 8	1	1	1	1	198.3047329368124	8319000000.0
12	0	0	1	1	 8	1	1	1	1	168.26622002493485	5750000000.0
12	2	2	1	1	 8	1	1	1	1	168.1226517470602	6394000000.0
13	0	0	1	1	 8	1	1	1	1	150.40781162032005	4487000000.0
13	2	2	1	1	 8	1	1	1	1	150.31776876056145	5033000000.0
14	0	0	1	1	 8	1	1	1	1	138.72657403453877	3645000000.0
14	2	2	1	1	 8	1	1	1	1	138.66543539844838	4062000000.0
15	0	0	1	1	 8	1	1	1	1	130.547750999055	3204000000.0
15	2	2	1	1	 8	1	1	1	1	130.50400545822268	3422000000.0
10	1	1	3	1	 9	0	0	3	1	612.4499980371478	4794000000.0
11	1	1	3	1	 9	0	0	3	1	353.92989872658046	3690000000.0
12	1	1	3	1	 9	0	0	3	1	267.92713520484523	2812000000.0
13	1	1	3	1	 9	0	0	3	1	225.3231672497981	2172000000.0
14	1	1	3	1	 9	0	0	3	1	200.08148166357896	1693000000.0
15	1	1	3	1	 9	0	0	3	1	183.49927640319768	1294000000.0
10	0	0	3	1	 9	1	1	3	1	626.0579797281478	9195000000.0
10	2	2	3	1	 9	1	1	3	1	616.9868293844843	7677000000.0
11	0	0	3	1	 9	1	1	3	1	357.9532089273948	6501000000.0
11	2	2	3	1	 9	1	1	3	1	355.7101630847489	5981000000.0
12	0	0	3	1	 9	1	1	3	1	270.0375743506426	4713000000.0
12	2	2	3	1	 9	1	1	3	1	269.0530954704407	4600000000.0
13	0	0	3	1	 9	1	1	3	1	226.71880446766622	3517000000.0
13	2	2	3	1	 9	1	1	3	1	226.17304536292394	3588000000.0
14	0	0	3	1	 9	1	1	3	1	201.12623259281557	2668000000.0
14	2	2	3	1	 9	1	1	3	1	200.78261764602166	2835000000.0
15	0	0	3	1	 9	1	1	3	1	184.34294863230716	1986000000.0
15	2	2	3	1	 9	1	1	3	1	184.10865963307504	2234000000.0
10	1	1	3	1	 9	2	2	3	1	624.7999042016629	4332000000.0
10	3	3	3	1	 9	2	2	3	1	621.2326718047516	10820000000.0
11	1	1	3	1	 9	2	2	3	1	358.01945267870036	2939000000.0
11	3	3	3	1	 9	2	2	3	1	357.137790765987	8362000000.0
12	1	1	3	1	 9	2	2	3	1	270.2641269077097	2079000000.0
12	3	3	3	1	 9	2	2	3	1	269.87724525288877	6401000000.0
13	1	1	3	1	 9	2	2	3	1	226.97373562081552	1532000000.0
13	3	3	3	1	 9	2	2	3	1	226.7593066246799	4982000000.0
14	1	1	3	1	 9	2	2	3	1	201.38188887974593	1164000000.0
14	3	3	3	1	 9	2	2	3	1	201.24692126440402	3948000000.0
15	1	1	3	1	 9	2	2	3	1	184.59247841648371	899700000.0
15	3	3	3	1	 9	2	2	3	1	184.50050617343112	3177000000.0
10	2	2	3	1	 9	3	3	3	1	621.8311181863972	2625000000.0
10	4	4	3	1	 9	3	3	3	1	621.5703974395772	14300000000.0
11	2	2	3	1	 9	3	3	3	1	357.31499368163713	1684000000.0
11	4	4	3	1	 9	3	3	3	1	357.24993513445935	10810000000.0
12	2	2	3	1	 9	3	3	3	1	269.9702353111384	1148000000.0
12	4	4	3	1	 9	3	3	3	1	269.9415053383851	8121000000.0
13	2	2	3	1	 9	3	3	3	1	226.8207923335144	825000000.0
13	4	4	3	1	 9	3	3	3	1	226.80478934960033	6230000000.0
14	2	2	3	1	 9	3	3	3	1	201.2929302742918	617100000.0
14	4	4	3	1	 9	3	3	3	1	201.28281386239752	4882000000.0
15	2	2	3	1	 9	3	3	3	1	184.53764340951506	475900000.0
15	4	4	3	1	 9	3	3	3	1	184.5307178274101	3898000000.0
10	3	3	3	1	 9	4	4	3	1	621.5872300499951	1674000000.0
10	5	5	3	1	 9	4	4	3	1	621.5798834436009	18470000000.0
11	3	3	3	1	 9	4	4	3	1	357.2549415690678	994700000.0
11	5	5	3	1	 9	4	4	3	1	357.253077520385	13290000000.0
12	3	3	3	1	 9	4	4	3	1	269.94413682224587	645000000.0
12	5	5	3	1	 9	4	4	3	1	269.94330318548134	9622000000.0
13	3	3	3	1	 9	4	4	3	1	226.80652944172905	447400000.0
13	5	5	3	1	 9	4	4	3	1	226.80606054480202	7176000000.0
14	3	3	3	1	 9	4	4	3	1	201.28411501419998	326000000.0
14	5	5	3	1	 9	4	4	3	1	201.2838163385824	5501000000.0
15	3	3	3	1	 9	4	4	3	1	184.5317669613356	246400000.0
15	5	5	3	1	 9	4	4	3	1	184.53156122236345	4316000000.0
10	4	4	3	1	 9	5	5	3	1	621.5801703528873	1025000000.0
10	6	6	3	1	 9	5	5	3	1	621.5799743879272	23540000000.0
11	4	4	3	1	 9	5	5	3	1	357.253163515694	554400000.0
11	6	6	3	1	 9	5	5	3	1	357.25312726880344	15490000000.0
12	4	4	3	1	 9	5	5	3	1	269.94334856557737	337600000.0
12	6	6	3	1	 9	5	5	3	1	269.9433317729374	10530000000.0
13	4	4	3	1	 9	5	5	3	1	226.80609054795755	224000000.0
13	6	6	3	1	 9	5	5	3	1	226.80608086678674	7498000000.0
14	4	4	3	1	 9	5	5	3	1	201.28383869320862	157800000.0
14	6	6	3	1	 9	5	5	3	1	201.28383244209246	5546000000.0
15	4	4	3	1	 9	5	5	3	1	184.5315791700398	116300000.0
15	6	6	3	1	 9	5	5	3	1	184.53157482791954	4232000000.0
10	4	4	1	1	 9	5	5	1	1	621.580018397336	1025000000.0
10	6	6	1	1	 9	5	5	1	1	621.5799757870657	23540000000.0
11	6	6	1	1	 9	5	5	1	1	357.25312773099154	15490000000.0
11	4	4	1	1	 9	5	5	1	1	357.25312383739885	554400000.0
12	6	6	1	1	 9	5	5	1	1	269.9433320368207	10530000000.0
12	4	4	1	1	 9	5	5	1	1	269.943330469512	337600000.0
13	6	6	1	1	 9	5	5	1	1	226.80608105307098	7498000000.0
13	4	4	1	1	 9	5	5	1	1	226.80608022890112	224000000.0
14	6	6	1	1	 9	5	5	1	1	201.2838325888108	5546000000.0
14	4	4	1	1	 9	5	5	1	1	201.28383205528814	157800000.0
15	6	6	1	1	 9	5	5	1	1	184.5315749512323	4232000000.0
15	4	4	1	1	 9	5	5	1	1	184.53157457008297	116300000.0
10	6	6	3	1	 9	7	7	3	1	621.5799855387146	269500000.0
10	8	8	3	1	 9	7	7	3	1	621.5798912449275	37240000000.0
11	6	6	3	1	 9	7	7	3	1	357.25313095232815	110600000.0
11	8	8	3	1	 9	7	7	3	1	357.25313016800794	16110000000.0
12	8	8	3	1	 9	7	7	3	1	269.9433317329645	8393000000.0
13	8	8	3	1	 9	7	7	3	1	226.806081990146	4969000000.0
14	8	8	3	1	 9	7	7	3	1	201.28383334908557	3212000000.0
15	8	8	3	1	 9	7	7	3	1	184.531575575273	2213000000.0
10	6	6	1	1	 9	7	7	1	1	621.5799855387146	269500000.0
10	8	8	1	1	 9	7	7	1	1	621.5798912449275	37240000000.0
11	6	6	1	1	 9	7	7	1	1	357.25313095232815	110600000.0
11	8	8	1	1	 9	7	7	1	1	357.25313016800794	16110000000.0
12	8	8	1	1	 9	7	7	1	1	269.9433317329645	8393000000.0
13	8	8	1	1	 9	7	7	1	1	226.806081990146	4969000000.0
14	8	8	1	1	 9	7	7	1	1	201.28383334908557	3212000000.0
15	8	8	1	1	 9	7	7	1	1	184.531575575273	2213000000.0
10	7	7	3	1	 9	8	8	3	1	621.5800448962825	85140000.0
10	9	9	3	1	 9	8	8	3	1	621.5800440907426	46420000000.0
11	9	9	3	1	 9	8	8	3	1	357.25306861273793	11540000000.0
12	9	9	3	1	 9	8	8	3	1	269.94333346020136	4543000000.0
13	9	9	3	1	 9	8	8	3	1	226.80608139742114	2260000000.0
14	9	9	3	1	 9	8	8	3	1	201.2838332912868	1297000000.0
15	9	9	3	1	 9	8	8	3	1	184.5315755603278	819000000.0
10	7	7	1	1	 9	8	8	1	1	621.5800448962825	85140000.0
10	9	9	1	1	 9	8	8	1	1	621.5800440907426	46420000000.0
11	9	9	1	1	 9	8	8	1	1	357.25306861273793	11540000000.0
12	9	9	1	1	 9	8	8	1	1	269.94333346020136	4543000000.0
13	9	9	1	1	 9	8	8	1	1	226.80608139742114	2260000000.0
14	9	9	1	1	 9	8	8	1	1	201.2838332912868	1297000000.0
15	9	9	1	1	 9	8	8	1	1	184.5315755603278	819000000.0
10	5	5	1	1	 9	4	4	1	1	621.5800775853861	18470000000.0
10	3	3	1	1	 9	4	4	1	1	621.5765580371129	1674000000.0
11	5	5	1	1	 9	4	4	1	1	357.2531417087467	13290000000.0
11	3	3	1	1	 9	4	4	1	1	357.25225058094526	994800000.0
12	5	5	1	1	 9	4	4	1	1	269.9433398653918	9622000000.0
12	3	3	1	1	 9	4	4	1	1	269.9429422483499	645000000.0
13	5	5	1	1	 9	4	4	1	1	226.80608645533914	7176000000.0
13	3	3	1	1	 9	4	4	1	1	226.80586321848764	447500000.0
14	5	5	1	1	 9	4	4	1	1	201.2838367591869	5501000000.0
14	3	3	1	1	 9	4	4	1	1	201.28369470426247	326000000.0
15	5	5	1	1	 9	4	4	1	1	184.53157839279166	4316000000.0
15	3	3	1	1	 9	4	4	1	1	184.53148060919045	246400000.0
10	5	5	3	1	 9	6	6	3	1	621.5803615693678	572900000.0
10	7	7	3	1	 9	6	6	3	1	621.5803535136712	29710000000.0
11	5	5	3	1	 9	6	6	3	1	357.25323546326865	275000000.0
11	7	7	3	1	 9	6	6	3	1	357.2532261074214	16800000000.0
12	5	5	3	1	 9	6	6	3	1	269.9433933619397	154700000.0
12	7	7	3	1	 9	6	6	3	1	269.94339173065714	10320000000.0
13	5	5	3	1	 9	6	6	3	1	226.80612420344053	97030000.0
13	7	7	3	1	 9	6	6	3	1	226.80612326637157	6829000000.0
14	5	5	3	1	 9	6	6	3	1	201.283866476436	65550000.0
14	7	7	3	1	 9	6	6	3	1	201.28386586288445	4785000000.0
15	5	5	3	1	 9	6	6	3	1	184.53160336185826	46740000.0
15	7	7	3	1	 9	6	6	3	1	184.5316029171811	3502000000.0
10	5	5	1	1	 9	6	6	1	1	621.5803603822171	572900000.0
10	7	7	1	1	 9	6	6	1	1	621.5803535136712	29710000000.0
11	5	5	1	1	 9	6	6	1	1	357.25323512714033	275000000.0
11	7	7	1	1	 9	6	6	1	1	357.2532261074214	16800000000.0
12	5	5	1	1	 9	6	6	1	1	269.94339320201146	154700000.0
12	7	7	1	1	 9	6	6	1	1	269.94339173065714	10320000000.0
13	5	5	1	1	 9	6	6	1	1	226.80612410747784	97030000.0
13	7	7	1	1	 9	6	6	1	1	226.80612326637157	6829000000.0
14	5	5	1	1	 9	6	6	1	1	201.28386641419428	65550000.0
14	7	7	1	1	 9	6	6	1	1	201.28386586288445	4785000000.0
15	5	5	1	1	 9	6	6	1	1	184.53160331701415	46740000.0
15	7	7	1	1	 9	6	6	1	1	184.5316029171811	3502000000.0
10	4	4	1	1	 9	3	3	1	1	621.5847179026808	14300000000.0
10	2	2	1	1	 9	3	3	1	1	621.4698654766066	2610000000.0
11	4	4	1	1	 9	3	3	1	1	357.25467625562	10810000000.0
11	2	2	1	1	 9	3	3	1	1	357.2260462040866	1674000000.0
12	4	4	1	1	 9	3	3	1	1	269.94421681166455	8120000000.0
12	2	2	1	1	 9	3	3	1	1	269.93158426093106	1141000000.0
13	4	4	1	1	 9	3	3	1	1	226.80670592775354	6230000000.0
13	2	2	1	1	 9	3	3	1	1	226.7996732986648	821000000.0
14	4	4	1	1	 9	3	3	1	1	201.28432485860432	4881000000.0
14	2	2	1	1	 9	3	3	1	1	201.2798801259337	614600000.0
15	4	4	1	1	 9	3	3	1	1	184.53198875771292	3898000000.0
15	2	2	1	1	 9	3	3	1	1	184.5289448895289	474600000.0
10	3	3	1	1	 9	2	2	1	1	621.733259493264	10850000000.0
11	3	3	1	1	 9	2	2	1	1	357.30400973477947	8375000000.0
12	3	3	1	1	 9	2	2	1	1	269.97249281398734	6410000000.0
13	3	3	1	1	 9	2	2	1	1	226.82672362664277	4990000000.0
14	3	3	1	1	 9	2	2	1	1	201.30012430248578	3958000000.0
15	3	3	1	1	 9	2	2	1	1	184.5452891483007	3196000000.0
10	0	0	1	1	 9	1	1	1	1	626.4635379757409	9052000000.0
10	2	2	1	1	 9	1	1	1	1	623.0302849235417	7937000000.0
11	0	0	1	1	 9	1	1	1	1	358.5877260092016	6485000000.0
11	2	2	1	1	 9	1	1	1	1	357.7410661336476	6140000000.0
12	0	0	1	1	 9	1	1	1	1	270.59664112829046	4791000000.0
12	2	2	1	1	 9	1	1	1	1	270.22554696222807	4728000000.0
13	0	0	1	1	 9	1	1	1	1	227.21258078166156	3682000000.0
13	2	2	1	1	 9	1	1	1	1	227.0071618339641	3712000000.0
14	0	0	1	1	 9	1	1	1	1	201.5723391409933	2946000000.0
14	2	2	1	1	 9	1	1	1	1	201.4432851035135	2984000000.0
15	0	0	1	1	 9	1	1	1	1	184.75387805606192	2529000000.0
15	2	2	1	1	 9	1	1	1	1	184.66627450613962	2493000000.0
11	1	1	3	1	10	0	0	3	1	828.1015734218497	2826000000.0
12	1	1	3	1	10	0	0	3	1	472.92031839254446	2219000000.0
13	1	1	3	1	10	0	0	3	1	354.58061755942737	1718000000.0
14	1	1	3	1	10	0	0	3	1	295.8468847343264	1340000000.0
15	1	1	3	1	10	0	0	3	1	260.9756004908989	1031000000.0
11	0	0	3	1	10	1	1	3	1	846.4421449200489	5727000000.0
11	2	2	3	1	10	1	1	3	1	834.0061045156544	4422000000.0
12	0	0	3	1	10	1	1	3	1	478.2531635507944	4146000000.0
12	2	2	3	1	10	1	1	3	1	475.17384518706643	3520000000.0
13	0	0	3	1	10	1	1	3	1	357.3337019821424	3060000000.0
13	2	2	3	1	10	1	1	3	1	355.9798474832837	2757000000.0
14	0	0	3	1	10	1	1	3	1	297.64063750606414	2308000000.0
14	2	2	3	1	10	1	1	3	1	296.88873218642954	2181000000.0
15	0	0	3	1	10	1	1	3	1	262.30015552898277	1726000000.0
15	2	2	3	1	10	1	1	3	1	261.8260635849705	1725000000.0
11	1	1	3	1	10	2	2	3	1	844.5251644053923	2793000000.0
11	3	3	3	1	10	2	2	3	1	839.6356792967375	6107000000.0
12	1	1	3	1	10	2	2	3	1	478.2315855345041	1950000000.0
12	3	3	3	1	10	2	2	3	1	477.02154556556013	4845000000.0
13	1	1	3	1	10	2	2	3	1	357.5579915991851	1410000000.0
13	3	3	3	1	10	2	2	3	1	357.02614144185617	3792000000.0
14	1	1	3	1	10	2	2	3	1	297.9167104604915	1056000000.0
14	3	3	3	1	10	2	2	3	1	297.6214270976148	3007000000.0
15	1	1	3	1	10	2	2	3	1	262.5849174904602	809100000.0
15	3	3	3	1	10	2	2	3	1	262.39884725144117	2420000000.0
11	2	2	3	1	10	3	3	3	1	840.4480383309975	1767000000.0
11	4	4	3	1	10	3	3	3	1	840.0881923055613	7910000000.0
12	2	2	3	1	10	3	3	3	1	477.2580575056678	1175000000.0
12	4	4	3	1	10	3	3	3	1	477.16827856067755	6192000000.0
13	2	2	3	1	10	3	3	3	1	357.14829755120536	822000000.0
13	4	4	3	1	10	3	3	3	1	357.1086227457912	4788000000.0
14	2	2	3	1	10	3	3	3	1	297.70102049003106	603100000.0
14	4	4	3	1	10	3	3	3	1	297.67889363692717	3760000000.0
15	2	2	3	1	10	3	3	3	1	262.45761427563605	458600000.0
15	4	4	3	1	10	3	3	3	1	262.44360557632865	3004000000.0
11	3	3	3	1	10	4	4	3	1	840.1114970372158	1188000000.0
11	5	5	3	1	10	4	4	3	1	840.1011891049831	10020000000.0
12	3	3	3	1	10	4	4	3	1	477.17508805390156	739400000.0
12	5	5	3	1	10	4	4	3	1	477.172483198883	7588000000.0
13	3	3	3	1	10	4	4	3	1	357.11214520490046	495100000.0
13	5	5	3	1	10	4	4	3	1	357.11098275296314	5716000000.0
14	3	3	3	1	10	4	4	3	1	297.68118954912893	351900000.0
14	5	5	3	1	10	4	4	3	1	297.680536293378	4396000000.0
15	3	3	3	1	10	4	4	3	1	262.4453002271912	261300000.0
15	5	5	3	1	10	4	4	3	1	262.4448840754838	3454000000.0
11	4	4	3	1	10	5	5	3	1	840.1016120559146	782600000.0
11	6	6	3	1	10	5	5	3	1	840.101411616943	12530000000.0
12	4	4	3	1	10	5	5	3	1	477.1726080314082	449500000.0
12	6	6	3	1	10	5	5	3	1	477.17255555976016	8935000000.0
13	4	4	3	1	10	5	5	3	1	357.111047631984	285100000.0
13	6	6	3	1	10	5	5	3	1	357.1110236312227	6433000000.0
14	4	4	3	1	10	5	5	3	1	297.68057858407235	194800000.0
14	6	6	3	1	10	5	5	3	1	297.68056491179834	4779000000.0
15	4	4	3	1	10	5	5	3	1	262.4449152463806	140400000.0
15	6	6	3	1	10	5	5	3	1	262.44490646350414	3654000000.0
11	6	6	1	1	10	5	5	1	1	840.1014137855194	12530000000.0
11	4	4	1	1	10	5	5	1	1	840.101392254635	782600000.0
12	6	6	1	1	10	5	5	1	1	477.17255625938014	8935000000.0
12	4	4	1	1	10	5	5	1	1	477.17255136204017	449500000.0
13	6	6	1	1	10	5	5	1	1	357.11102402307085	6433000000.0
13	4	4	1	1	10	5	5	1	1	357.1110219798569	285100000.0
14	6	6	1	1	10	5	5	1	1	297.68056518407616	4779000000.0
14	4	4	1	1	10	5	5	1	1	297.6805640171697	194800000.0
15	6	6	1	1	10	5	5	1	1	262.44490667513924	3654000000.0
15	4	4	1	1	10	5	5	1	1	262.44490590418235	140400000.0
11	6	6	3	1	10	7	7	3	1	840.1014263323398	275800000.0
11	8	8	3	1	10	7	7	3	1	840.1014219951868	19110000000.0
12	6	6	3	1	10	7	7	3	1	477.17256030719994	126800000.0
12	8	8	3	1	10	7	7	3	1	477.1725536108289	10480000000.0
13	6	6	3	1	10	7	7	3	1	357.1110262902026	69190000.0
13	8	8	3	1	10	7	7	3	1	357.11102539454737	6288000000.0
14	6	6	3	1	10	7	7	3	1	297.680566759405	42390000.0
14	8	8	3	1	10	7	7	3	1	297.6805661856747	4087000000.0
15	8	8	3	1	10	7	7	3	1	262.44490742341935	2823000000.0
11	6	6	1	1	10	7	7	1	1	840.1014263323398	275800000.0
11	8	8	1	1	10	7	7	1	1	840.1014219951868	19110000000.0
12	6	6	1	1	10	7	7	1	1	477.17256030719994	126800000.0
12	8	8	1	1	10	7	7	1	1	477.1725536108289	10480000000.0
13	6	6	1	1	10	7	7	1	1	357.1110262902026	69190000.0
13	8	8	1	1	10	7	7	1	1	357.11102539454737	6288000000.0
14	6	6	1	1	10	7	7	1	1	297.680566759405	42390000.0
14	8	8	1	1	10	7	7	1	1	297.6805661856747	4087000000.0
15	8	8	1	1	10	7	7	1	1	262.44490742341935	2823000000.0
11	10	10	3	1	10	9	9	3	1	840.1014234666737	28540000000.0
12	10	10	3	1	10	9	9	3	1	477.1725590578602	6723000000.0
13	10	10	3	1	10	9	9	3	1	357.1109958379273	2537000000.0
14	10	10	3	1	10	9	9	3	1	297.68056574807787	1220000000.0
15	10	10	3	1	10	9	9	3	1	262.44490739318087	681300000.0
11	10	10	1	1	10	9	9	1	1	840.1014234666737	28540000000.0
12	10	10	1	1	10	9	9	1	1	477.1725590578602	6723000000.0
13	10	10	1	1	10	9	9	1	1	357.1109958379273	2537000000.0
14	10	10	1	1	10	9	9	1	1	297.68056574807787	1220000000.0
15	10	10	1	1	10	9	9	1	1	262.44490739318087	681300000.0
11	5	5	1	1	10	4	4	1	1	840.1014673805039	10020000000.0
11	3	3	1	1	10	4	4	1	1	840.096539616486	1188000000.0
12	5	5	1	1	10	4	4	1	1	477.1725730752869	7588000000.0
12	3	3	1	1	10	4	4	1	1	477.17133065020045	739500000.0
13	5	5	1	1	10	4	4	1	1	357.11103313356875	5716000000.0
13	3	3	1	1	10	4	4	1	1	357.11047970347676	495100000.0
14	5	5	1	1	10	4	4	1	1	297.6805713297899	4396000000.0
14	3	3	1	1	10	4	4	1	1	297.6802606311705	351900000.0
15	5	5	1	1	10	4	4	1	1	262.4449113235573	3454000000.0
15	3	3	1	1	10	4	4	1	1	262.4447135351423	261300000.0
11	5	5	3	1	10	6	6	3	1	840.1015470758157	487500000.0
11	7	7	3	1	10	6	6	3	1	840.1014953396389	15530000000.0
12	5	5	3	1	10	6	6	3	1	477.1725986864272	253700000.0
12	7	7	3	1	10	6	6	3	1	477.1725935891908	10020000000.0
13	5	5	3	1	10	6	6	3	1	357.11104743605193	150500000.0
13	7	7	3	1	10	6	6	3	1	357.1110451129484	6716000000.0
14	5	5	3	1	10	6	6	3	1	297.6805812387731	98010000.0
14	7	7	3	1	10	6	6	3	1	297.6805798968299	4729000000.0
15	5	5	3	1	10	6	6	3	1	262.444919010467	68090000.0
15	7	7	3	1	10	6	6	3	1	262.4449181110115	3469000000.0
11	5	5	1	1	10	6	6	1	1	840.1015452170856	487500000.0
11	7	7	1	1	10	6	6	1	1	840.1014953396389	15530000000.0
12	5	5	1	1	10	6	6	1	1	477.17259818670254	253700000.0
12	7	7	1	1	10	6	6	1	1	477.1725935891908	10020000000.0
13	5	5	1	1	10	6	6	1	1	357.1110471981492	150500000.0
13	7	7	1	1	10	6	6	1	1	357.1110451129484	6716000000.0
14	5	5	1	1	10	6	6	1	1	297.6805811026397	98010000.0
14	7	7	1	1	10	6	6	1	1	297.6805798968299	4729000000.0
15	5	5	1	1	10	6	6	1	1	262.44491891976014	68090000.0
15	7	7	1	1	10	6	6	1	1	262.4449181110115	3469000000.0
11	7	7	1	1	10	8	8	1	1	840.1016675870509	130900000.0
11	9	9	1	1	10	8	8	1	1	840.1013604229049	23410000000.0
12	7	7	1	1	10	8	8	1	1	477.1726491591574	51220000.0
12	9	9	1	1	10	8	8	1	1	477.17264895926183	9707000000.0
13	9	9	1	1	10	8	8	1	1	357.11107430571406	4894000000.0
14	9	9	1	1	10	8	8	1	1	297.6806010664921	2824000000.0
15	9	9	1	1	10	8	8	1	1	262.4449346034761	1789000000.0
11	7	7	3	1	10	8	8	3	1	840.1016675870509	130900000.0
11	9	9	3	1	10	8	8	3	1	840.1013604229049	23410000000.0
12	7	7	3	1	10	8	8	3	1	477.1726491591574	51220000.0
12	9	9	3	1	10	8	8	3	1	477.17264895926183	9707000000.0
13	9	9	3	1	10	8	8	3	1	357.11107430571406	4894000000.0
14	9	9	3	1	10	8	8	3	1	297.6806010664921	2824000000.0
15	9	9	3	1	10	8	8	3	1	262.4449346034761	1789000000.0
11	4	4	1	1	10	3	3	1	1	840.1078215287898	7910000000.0
11	2	2	1	1	10	3	3	1	1	839.9495184708198	1757000000.0
12	4	4	1	1	10	3	3	1	1	477.174625549516	6191000000.0
12	2	2	1	1	10	3	3	1	1	477.1351541907712	1168000000.0
13	4	4	1	1	10	3	3	1	1	357.11218370432005	4787000000.0
13	2	2	1	1	10	3	3	1	1	357.0947492833277	817900000.0
14	4	4	1	1	10	3	3	1	1	297.6813712472745	3759000000.0
14	2	2	1	1	10	3	3	1	1	297.6716499447776	600600000.0
15	4	4	1	1	10	3	3	1	1	262.4455333446792	3004000000.0
15	2	2	1	1	10	3	3	1	1	262.43937650473765	457300000.0
11	3	3	1	1	10	2	2	1	1	840.3064271534486	6122000000.0
12	3	3	1	1	10	2	2	1	1	477.2390371048706	4854000000.0
13	3	3	1	1	10	2	2	1	1	357.1483999431734	3799000000.0
14	3	3	1	1	10	2	2	1	1	297.7066092760141	3015000000.0
15	3	3	1	1	10	2	2	1	1	262.46519350519526	2432000000.0
11	0	0	1	1	10	1	1	1	1	846.7325809552824	5643000000.0
11	2	2	1	1	10	1	1	1	1	842.0269590499947	4580000000.0
12	0	0	1	1	10	1	1	1	1	478.9662178897278	4145000000.0
12	2	2	1	1	10	1	1	1	1	477.8047941282164	3623000000.0
13	0	0	1	1	10	1	1	1	1	357.9793408692014	3131000000.0
13	2	2	1	1	10	1	1	1	1	357.46969822032895	2846000000.0
14	0	0	1	1	10	1	1	1	1	298.21452793364983	2463000000.0
14	2	2	1	1	10	1	1	1	1	297.9321478713479	2279000000.0
15	0	0	1	1	10	1	1	1	1	262.8190777913964	2068000000.0
15	2	2	1	1	10	1	1	1	1	262.6418379509868	1889000000.0
12	1	1	3	1	11	0	0	3	1	1089.1394869670137	1751000000.0
13	1	1	3	1	11	0	0	3	1	615.8135852612689	1396000000.0
14	1	1	3	1	11	0	0	3	1	457.92540632107944	1093000000.0
15	1	1	3	1	11	0	0	3	1	379.4474905766998	845400000.0
12	0	0	3	1	11	1	1	3	1	1113.2003746920886	3714000000.0
12	2	2	3	1	11	1	1	3	1	1096.6583409444677	2689000000.0
13	0	0	3	1	11	1	1	3	1	622.7143787104015	2740000000.0
13	2	2	3	1	11	1	1	3	1	618.6144007634002	2177000000.0
14	0	0	3	1	11	1	1	3	1	461.44098367738343	2047000000.0
14	2	2	3	1	11	1	1	3	1	459.6362726382288	1729000000.0
15	0	0	3	1	11	1	1	3	1	381.7093509242634	1531000000.0
15	2	2	3	1	11	1	1	3	1	380.70618243977776	1372000000.0
12	1	1	3	1	11	2	2	3	1	1110.4452088827677	1863000000.0
12	3	3	3	1	11	2	2	3	1	1103.9429057554478	3650000000.0
13	1	1	3	1	11	2	2	3	1	622.5674332281126	1332000000.0
13	3	3	3	1	11	2	2	3	1	620.9568224967286	2956000000.0
14	1	1	3	1	11	2	2	3	1	461.64951839431933	979800000.0
14	3	3	3	1	11	2	2	3	1	460.94085905791206	2356000000.0
15	1	1	3	1	11	2	2	3	1	382.0009664725701	741200000.0
15	3	3	3	1	11	2	2	3	1	381.60730188127434	1896000000.0
12	2	2	3	1	11	3	3	3	1	1105.0143501924797	1219000000.0
12	4	4	3	1	11	3	3	3	1	1104.53318262208	4649000000.0
13	2	2	3	1	11	3	3	3	1	621.2644636886007	835000000.0
13	4	4	3	1	11	3	3	3	1	621.1444212011594	3737000000.0
14	2	2	3	1	11	3	3	3	1	461.0976651074925	597400000.0
14	4	4	3	1	11	3	3	3	1	461.04458556932025	2956000000.0
15	2	2	3	1	11	3	3	3	1	381.7082132659109	446000000.0
15	4	4	3	1	11	3	3	3	1	381.67858324641554	2365000000.0
12	3	3	3	1	11	4	4	3	1	1104.564373519031	853700000.0
12	5	5	3	1	11	4	4	3	1	1104.5504160402133	5793000000.0
13	3	3	3	1	11	4	4	3	1	621.1534033581871	551600000.0
13	5	5	3	1	11	4	4	3	1	621.1498864384465	4555000000.0
14	3	3	3	1	11	4	4	3	1	461.049170269359	379400000.0
14	5	5	3	1	11	4	4	3	1	461.0476032497781	3535000000.0
15	3	3	3	1	11	4	4	3	1	381.6815351848509	275300000.0
15	5	5	3	1	11	4	4	3	1	381.68065499558367	2785000000.0
12	4	4	3	1	11	5	5	3	1	1104.5510009754817	592300000.0
12	6	6	3	1	11	5	5	3	1	1104.5507198208916	7131000000.0
13	4	4	3	1	11	5	5	3	1	621.1500561781232	357000000.0
13	6	6	3	1	11	5	5	3	1	621.1499835656077	5376000000.0
14	4	4	3	1	11	5	5	3	1	461.0476900703179	234100000.0
14	6	6	3	1	11	5	5	3	1	461.0476572735202	4036000000.0
15	4	4	3	1	11	5	5	3	1	381.6807109005473	164000000.0
15	6	6	3	1	11	5	5	3	1	381.68069232417673	3097000000.0
12	6	6	1	1	11	5	5	1	1	1104.5507230339904	7131000000.0
12	4	4	1	1	11	5	5	1	1	1104.5506967929734	592300000.0
13	6	6	1	1	11	5	5	1	1	621.1499845817294	5376000000.0
13	4	4	1	1	11	5	5	1	1	621.1499784001381	357000000.0
14	6	6	1	1	11	5	5	1	1	461.047657833335	4036000000.0
14	4	4	1	1	11	5	5	1	1	461.04765503418133	234100000.0
15	6	6	1	1	11	5	5	1	1	381.6806927078426	3097000000.0
15	4	4	1	1	11	5	5	1	1	381.6806910772173	164000000.0
12	5	5	3	1	11	6	6	3	1	1104.5507625295368	396400000.0
12	7	7	3	1	11	6	6	3	1	1104.5507352174343	8702000000.0
13	5	5	3	1	11	6	6	3	1	621.1499960134595	219800000.0
13	7	7	3	1	11	6	6	3	1	621.1499889850838	6121000000.0
14	5	5	3	1	11	6	6	3	1	461.04766361825625	136100000.0
14	7	7	3	1	11	6	6	3	1	461.0476603992281	4361000000.0
15	5	5	3	1	11	6	6	3	1	381.68069636877084	91360000.0
15	7	7	3	1	11	6	6	3	1	381.6806944663625	3213000000.0
12	5	5	1	1	11	6	6	1	1	1104.5507598519034	396400000.0
12	7	7	1	1	11	6	6	1	1	1104.5507352174343	8702000000.0
13	5	5	1	1	11	6	6	1	1	621.1499952937025	219800000.0
13	7	7	1	1	11	6	6	1	1	621.1499889850838	6121000000.0
14	5	5	1	1	11	6	6	1	1	461.047663291702	136100000.0
14	7	7	1	1	11	6	6	1	1	461.0476603992281	4361000000.0
15	5	5	1	1	11	6	6	1	1	381.68069617691975	91360000.0
15	7	7	1	1	11	6	6	1	1	381.6806944663625	3213000000.0
12	7	7	3	1	11	8	8	3	1	1104.550742714868	142400000.0
12	9	9	3	1	11	8	8	3	1	1104.5507416437842	12730000000.0
13	7	7	3	1	11	8	8	3	1	621.1499913560987	62760000.0
13	9	9	3	1	11	8	8	3	1	621.1499855132305	6758000000.0
14	7	7	3	1	11	8	8	3	1	461.0476617054981	33170000.0
14	9	9	3	1	11	8	8	3	1	461.0476606091786	3951000000.0
15	9	9	3	1	11	8	8	3	1	381.68069469018275	2516000000.0
12	7	7	1	1	11	8	8	1	1	1104.550742714868	142400000.0
12	9	9	1	1	11	8	8	1	1	1104.5507416437842	12730000000.0
13	7	7	1	1	11	8	8	1	1	621.1499913560987	62760000.0
13	9	9	1	1	11	8	8	1	1	621.1499855132305	6758000000.0
14	7	7	1	1	11	8	8	1	1	461.0476617054981	33170000.0
14	9	9	1	1	11	8	8	1	1	461.0476606091786	3951000000.0
15	9	9	1	1	11	8	8	1	1	381.68069469018275	2516000000.0
12	11	11	3	1	11	10	10	3	1	1104.5507411083186	18320000000.0
13	11	11	3	1	11	10	10	3	1	621.1499900859225	4097000000.0
14	11	11	3	1	11	10	10	3	1	461.0476588363609	1482000000.0
15	11	11	3	1	11	10	10	3	1	381.68069406670304	689000000.0
12	11	11	1	1	11	10	10	1	1	1104.5507411083186	18320000000.0
13	11	11	1	1	11	10	10	1	1	621.1499900859225	4097000000.0
14	11	11	1	1	11	10	10	1	1	461.0476588363609	1482000000.0
15	11	11	1	1	11	10	10	1	1	381.68069406670304	689000000.0
12	5	5	1	1	11	4	4	1	1	1104.5507970713422	5793000000.0
12	3	3	1	1	11	4	4	1	1	1104.5441399087333	853600000.0
13	5	5	1	1	11	4	4	1	1	621.1500070641082	4555000000.0
13	3	3	1	1	11	4	4	1	1	621.148332704554	551600000.0
14	5	5	1	1	11	4	4	1	1	461.04766977640526	3535000000.0
14	3	3	1	1	11	4	4	1	1	461.0469244787475	379400000.0
15	5	5	1	1	11	4	4	1	1	381.68070062117346	2785000000.0
15	3	3	1	1	11	4	4	1	1	381.6802822856064	275300000.0
12	6	6	3	1	11	7	7	3	1	1104.5508092547877	249700000.0
12	8	8	3	1	11	7	7	3	1	1104.5507733741647	10550000000.0
13	6	6	3	1	11	7	7	3	1	621.1500118484965	125000000.0
13	8	8	3	1	11	7	7	3	1	621.1500091387583	6656000000.0
14	6	6	3	1	11	7	7	3	1	461.04767285549303	72120000.0
14	8	8	3	1	11	7	7	3	1	461.0476714792395	4381000000.0
15	6	6	3	1	11	7	7	3	1	381.68070300319147	45980000.0
15	8	8	3	1	11	7	7	3	1	381.68070199602766	3041000000.0
12	6	6	1	1	11	7	7	1	1	1104.5508092547877	249700000.0
12	8	8	1	1	11	7	7	1	1	1104.5507733741647	10550000000.0
13	6	6	1	1	11	7	7	1	1	621.1500118484965	125000000.0
13	8	8	1	1	11	7	7	1	1	621.1500091387583	6656000000.0
14	6	6	1	1	11	7	7	1	1	461.04767285549303	72120000.0
14	8	8	1	1	11	7	7	1	1	461.0476714792395	4381000000.0
15	6	6	1	1	11	7	7	1	1	381.68070300319147	45980000.0
15	8	8	1	1	11	7	7	1	1	381.68070199602766	3041000000.0
12	10	10	3	1	11	9	9	3	1	1104.5513309973753	15300000000.0
12	8	8	3	1	11	9	9	3	1	1104.5513043546537	68060000.0
13	10	10	3	1	11	9	9	3	1	621.1500868320342	6082000000.0
14	10	10	3	1	11	9	9	3	1	461.04776249849766	2965000000.0
15	10	10	3	1	11	9	9	3	1	381.68076503099485	1665000000.0
12	10	10	1	1	11	9	9	1	1	1104.5513309973753	15300000000.0
12	8	8	1	1	11	9	9	1	1	1104.5513043546537	68060000.0
13	10	10	1	1	11	9	9	1	1	621.1500868320342	6082000000.0
14	10	10	1	1	11	9	9	1	1	461.04776249849766	2965000000.0
15	10	10	1	1	11	9	9	1	1	381.68076503099485	1665000000.0
12	4	4	1	1	11	3	3	1	1	1104.5592153026328	4649000000.0
12	2	2	1	1	11	3	3	1	1	1104.3477407231405	1212000000.0
13	4	4	1	1	11	3	3	1	1	621.1526723145605	3737000000.0
13	2	2	1	1	11	3	3	1	1	621.0999275651234	830700000.0
14	4	4	1	1	11	3	3	1	1	461.04913919853266	2955000000.0
14	2	2	1	1	11	3	3	1	1	461.02582031304365	594800000.0
15	4	4	1	1	11	3	3	1	1	381.6817082400909	2365000000.0
15	2	2	1	1	11	3	3	1	1	381.66868624408926	444700000.0
12	3	3	1	1	11	2	2	1	1	1104.8179029833593	3660000000.0
13	3	3	1	1	11	2	2	1	1	621.2348996832027	2962000000.0
14	3	3	1	1	11	2	2	1	1	461.09461546137385	2361000000.0
15	3	3	1	1	11	2	2	1	1	381.71296647574627	1905000000.0
12	0	0	1	1	11	1	1	1	1	1113.3034095205855	3665000000.0
12	2	2	1	1	11	1	1	1	1	1107.0485791127003	2790000000.0
13	0	0	1	1	11	1	1	1	1	623.4977182938994	2752000000.0
13	2	2	1	1	11	1	1	1	1	621.9533132164503	2248000000.0
14	0	0	1	1	11	1	1	1	1	462.17373596208233	2126000000.0
14	2	2	1	1	11	1	1	1	1	461.4958433184319	1798000000.0
15	0	0	1	1	11	1	1	1	1	382.3658030872183	1745000000.0
15	2	2	1	1	11	1	1	1	1	381.9907675130009	1480000000.0
13	1	1	3	1	12	0	0	3	1	1399.8918191820478	1131000000.0
14	1	1	3	1	12	0	0	3	1	784.7848109101823	911800000.0
15	1	1	3	1	12	0	0	3	1	579.4133396457664	710200000.0
13	0	0	3	1	12	1	1	3	1	1430.7525488777976	2492000000.0
13	2	2	3	1	12	1	1	3	1	1409.2921318722856	1710000000.0
14	0	0	3	1	12	1	1	3	1	793.5345463568306	1864000000.0
14	2	2	3	1	12	1	1	3	1	788.2124060357376	1402000000.0
15	0	0	3	1	12	1	1	3	1	583.8207298358932	1388000000.0
15	2	2	3	1	12	1	1	3	1	581.4772383404515	1119000000.0
13	1	1	3	1	12	2	2	3	1	1426.9594548043308	1279000000.0
13	3	3	3	1	12	2	2	3	1	1418.5262664210784	2287000000.0
14	1	1	3	1	12	2	2	3	1	793.2198750418773	932500000.0
14	3	3	3	1	12	2	2	3	1	791.1299950042292	1883000000.0
15	1	1	3	1	12	2	2	3	1	583.9983925793681	693800000.0
15	3	3	3	1	12	2	2	3	1	583.0788239726302	1522000000.0
13	2	2	3	1	12	3	3	3	1	1419.9062560469254	860300000.0
13	4	4	3	1	12	3	3	3	1	1419.279363011501	2871000000.0
14	2	2	3	1	12	3	3	3	1	791.5216556874017	604400000.0
14	4	4	3	1	12	3	3	3	1	791.3652577331736	2357000000.0
15	2	2	3	1	12	3	3	3	1	583.2762354500678	440700000.0
15	4	4	3	1	12	3	3	3	1	583.2070524023311	1898000000.0
13	3	3	3	1	12	4	4	3	1	1419.319986494654	622000000.0
13	5	5	3	1	12	4	4	3	1	1419.3016244010728	3528000000.0
14	3	3	3	1	12	4	4	3	1	791.3768152821972	414700000.0
14	5	5	3	1	12	4	4	3	1	791.3721984347811	2854000000.0
15	3	3	3	1	12	4	4	3	1	583.2128854631001	291900000.0
15	5	5	3	1	12	4	4	3	1	583.2108303891205	2267000000.0
13	4	4	3	1	12	5	5	3	1	1419.302407826708	448900000.0
13	6	6	3	1	12	5	5	3	1	1419.3020287140907	4285000000.0
14	4	4	3	1	12	5	5	3	1	791.3724222728885	281500000.0
14	6	6	3	1	12	5	5	3	1	791.3723256452108	3363000000.0
15	4	4	3	1	12	5	5	3	1	583.2109435600482	189900000.0
15	6	6	3	1	12	5	5	3	1	583.2109001878176	2607000000.0
13	6	6	1	1	12	5	5	1	1	1419.302033135181	4285000000.0
13	4	4	1	1	12	5	5	1	1	1419.3020008608703	448900000.0
14	6	6	1	1	12	5	5	1	1	791.3723270197004	3363000000.0
14	4	4	1	1	12	5	5	1	1	791.3723187726847	281500000.0
15	6	6	1	1	12	5	5	1	1	583.2109009343196	2607000000.0
15	4	4	1	1	12	5	5	1	1	583.2108971271252	189900000.0
13	5	5	3	1	12	6	6	3	1	1419.3020886204702	316300000.0
13	7	7	3	1	12	6	6	3	1	1419.3020519250665	5161000000.0
14	5	5	3	1	12	6	6	3	1	791.3723427577318	184500000.0
14	7	7	3	1	12	6	6	3	1	791.3723332736595	3854000000.0
15	5	5	3	1	12	6	6	3	1	583.2109087726762	118300000.0
15	7	7	3	1	12	6	6	3	1	583.210904330921	2872000000.0
13	5	5	1	1	12	6	6	1	1	1419.3020848625933	316300000.0
13	7	7	1	1	12	6	6	1	1	1419.3020519250665	5161000000.0
14	5	5	1	1	12	6	6	1	1	791.3723417956202	184500000.0
14	7	7	1	1	12	6	6	1	1	791.3723332736595	3854000000.0
15	5	5	1	1	12	6	6	1	1	583.210908324741	118300000.0
15	7	7	1	1	12	6	6	1	1	583.210904330921	2872000000.0
13	6	6	3	1	12	7	7	3	1	1419.3020738096154	213900000.0
13	8	8	3	1	12	7	7	3	1	1419.302059661975	6179000000.0
14	6	6	3	1	12	7	7	3	1	791.37233966513	114400000.0
14	8	8	3	1	12	7	7	3	1	791.3723356103387	4271000000.0
15	6	6	3	1	12	7	7	3	1	583.2109078022065	69050000.0
15	8	8	3	1	12	7	7	3	1	583.2109054506741	3001000000.0
13	6	6	1	1	12	7	7	1	1	1419.3020738096154	213900000.0
13	8	8	1	1	12	7	7	1	1	1419.302059661975	6179000000.0
14	6	6	1	1	12	7	7	1	1	791.37233966513	114400000.0
14	8	8	1	1	12	7	7	1	1	791.3723356103387	4271000000.0
15	6	6	1	1	12	7	7	1	1	583.2109078022065	69050000.0
15	8	8	1	1	12	7	7	1	1	583.2109054506741	3001000000.0
13	8	8	1	1	12	9	9	1	1	1419.3020614304614	77970000.0
13	10	10	1	1	12	9	9	1	1	1419.3015903585467	8737000000.0
14	8	8	1	1	12	9	9	1	1	791.3723361601502	32930000.0
14	10	10	1	1	12	9	9	1	1	791.3723317617365	4485000000.0
15	10	10	1	1	12	9	9	1	1	583.2109048907976	2552000000.0
13	8	8	3	1	12	9	9	3	1	1419.3020614304614	77970000.0
13	10	10	3	1	12	9	9	3	1	1419.3015903585467	8737000000.0
14	8	8	3	1	12	9	9	3	1	791.3723361601502	32930000.0
14	10	10	3	1	12	9	9	3	1	791.3723317617365	4485000000.0
15	10	10	3	1	12	9	9	3	1	583.2109048907976	2552000000.0
13	12	12	3	1	12	11	11	3	1	1419.3020601040337	12200000000.0
14	12	12	3	1	12	11	11	3	1	791.372336641206	2593000000.0
15	12	12	3	1	12	11	11	3	1	583.2109051520648	900200000.0
13	12	12	1	1	12	11	11	1	1	1419.3020601040337	12200000000.0
14	12	12	1	1	12	11	11	1	1	791.372336641206	2593000000.0
15	12	12	1	1	12	11	11	1	1	583.2109051520648	900200000.0
13	11	11	3	1	12	10	10	3	1	1419.302060546344	10340000000.0
13	9	9	3	1	12	10	10	3	1	1419.302036672154	37450000.0
14	11	11	3	1	12	10	10	3	1	791.3723295624906	3941000000.0
15	11	11	3	1	12	10	10	3	1	583.2109038830282	1857000000.0
13	11	11	1	1	12	10	10	1	1	1419.302060546344	10340000000.0
13	9	9	1	1	12	10	10	1	1	1419.302036672154	37450000.0
14	11	11	1	1	12	10	10	1	1	791.3723295624906	3941000000.0
15	11	11	1	1	12	10	10	1	1	583.2109038830282	1857000000.0
13	5	5	1	1	12	4	4	1	1	1419.3021281896351	3528000000.0
13	3	3	1	1	12	4	4	1	1	1419.2933863277772	622000000.0
14	5	5	1	1	12	4	4	1	1	791.3723552657285	2853000000.0
14	3	3	1	1	12	4	4	1	1	791.3701594325598	414800000.0
15	5	5	1	1	12	4	4	1	1	583.2109156405209	2267000000.0
15	3	3	1	1	12	4	4	1	1	583.2099389085017	291900000.0
13	7	7	1	1	12	8	8	1	1	1419.3021111682342	135800000.0
13	9	9	1	1	12	8	8	1	1	1419.3020806624065	7362000000.0
14	7	7	1	1	12	8	8	1	1	791.3723516919928	65390000.0
14	9	9	1	1	12	8	8	1	1	791.3723484619576	4527000000.0
15	7	7	1	1	12	8	8	1	1	583.2109143341421	36660000.0
15	9	9	1	1	12	8	8	1	1	583.2109127664962	2919000000.0
13	7	7	3	1	12	8	8	3	1	1419.3021111682342	135800000.0
13	9	9	3	1	12	8	8	3	1	1419.3020806624065	7362000000.0
14	7	7	3	1	12	8	8	3	1	791.3723516919928	65390000.0
14	9	9	3	1	12	8	8	3	1	791.3723484619576	4527000000.0
15	7	7	3	1	12	8	8	3	1	583.2109143341421	36660000.0
15	9	9	3	1	12	8	8	3	1	583.2109127664962	2919000000.0
13	4	4	1	1	12	3	3	1	1	1419.3129927765808	2871000000.0
13	2	2	1	1	12	3	3	1	1	1419.0376387128251	855600000.0
14	4	4	1	1	12	3	3	1	1	791.3757360795696	2357000000.0
14	2	2	1	1	12	3	3	1	1	791.3070350758264	601500000.0
15	4	4	1	1	12	3	3	1	1	583.2127531060406	1898000000.0
15	2	2	1	1	12	3	3	1	1	583.1823497823019	439200000.0
13	3	3	1	1	12	2	2	1	1	1419.6426991697012	2294000000.0
14	3	3	1	1	12	2	2	1	1	791.4787475359237	1888000000.0
15	3	3	1	1	12	2	2	1	1	583.2689124305692	1528000000.0
13	0	0	1	1	12	1	1	1	1	1430.584506529691	2464000000.0
13	2	2	1	1	12	1	1	1	1	1422.4799688959895	1777000000.0
14	0	0	1	1	12	1	1	1	1	794.3768428953039	1892000000.0
14	2	2	1	1	12	1	1	1	1	792.3763089594138	1455000000.0
15	0	0	1	1	12	1	1	1	1	584.6392427290441	1516000000.0
15	2	2	1	1	12	1	1	1	1	583.7629180919379	1192000000.0
14	1	1	3	1	13	0	0	3	1	1764.6866038435326	755600000.0
15	1	1	3	1	13	0	0	3	1	982.007810559415	608500000.0
14	0	0	3	1	13	1	1	3	1	1803.515686778393	1719000000.0
14	2	2	3	1	13	1	1	3	1	1776.2571228021236	1128000000.0
15	0	0	3	1	13	1	1	3	1	992.9080922077094	1288000000.0
15	2	2	3	1	13	1	1	3	1	986.1487778901163	930500000.0
14	1	1	3	1	13	2	2	3	1	1798.4652501315275	900700000.0
14	3	3	3	1	13	2	2	3	1	1787.7576874716667	1491000000.0
15	1	1	3	1	13	2	2	3	1	992.3798818838419	665500000.0
15	3	3	3	1	13	2	2	3	1	989.7274832408252	1243000000.0
14	2	2	3	1	13	3	3	3	1	1789.499937635798	620000000.0
14	4	4	3	1	13	3	3	3	1	1788.7007280987066	1848000000.0
15	2	2	3	1	13	3	3	3	1	990.2171029944421	445000000.0
15	4	4	3	1	13	3	3	3	1	990.0177255456672	1542000000.0
14	3	3	3	1	13	4	4	3	1	1788.7524622902804	459900000.0
14	5	5	3	1	13	4	4	3	1	1788.7288751020835	2244000000.0
15	3	3	3	1	13	4	4	3	1	990.0322944093172	314900000.0
15	5	5	3	1	13	4	4	3	1	990.0263723753474	1855000000.0
14	4	4	3	1	13	5	5	3	1	1788.7298922690802	342400000.0
14	6	6	3	1	13	5	5	3	1	1788.7293986076686	2693000000.0
15	4	4	3	1	13	5	5	3	1	990.0266597738057	221900000.0
15	6	6	3	1	13	5	5	3	1	990.0265347898729	2179000000.0
14	6	6	1	1	13	5	5	1	1	1788.7294045764015	2693000000.0
14	4	4	1	1	13	5	5	1	1	1788.729362443207	342400000.0
15	6	6	1	1	13	5	5	1	1	990.0265366183374	2179000000.0
15	4	4	1	1	13	5	5	1	1	990.0265256473061	221900000.0
14	5	5	3	1	13	6	6	3	1	1788.7294772561966	250800000.0
14	7	7	3	1	13	6	6	3	1	1788.7294288029993	3208000000.0
15	5	5	3	1	13	6	6	3	1	990.0265568395433	152500000.0
15	7	7	3	1	13	6	6	3	1	990.0265440399248	2502000000.0
14	5	5	1	1	13	6	6	1	1	1788.729472340863	250800000.0
14	7	7	1	1	13	6	6	1	1	1788.7294288029993	3208000000.0
15	5	5	1	1	13	6	6	1	1	990.0265555487474	152500000.0
15	7	7	1	1	13	6	6	1	1	990.0265440399248	2502000000.0
14	6	6	3	1	13	7	7	3	1	1788.7294568919306	178400000.0
14	8	8	3	1	13	7	7	3	1	1788.7294361763984	3798000000.0
15	6	6	3	1	13	7	7	3	1	990.026552644701	100700000.0
15	8	8	3	1	13	7	7	3	1	990.0265458683892	2799000000.0
14	6	6	1	1	13	7	7	1	1	1788.7294568919306	178400000.0
14	8	8	1	1	13	7	7	1	1	1788.7294361763984	3798000000.0
15	6	6	1	1	13	7	7	1	1	990.026552644701	100700000.0
15	8	8	1	1	13	7	7	1	1	990.0265458683892	2799000000.0
14	7	7	3	1	13	8	8	3	1	1788.7294512740643	121600000.0
14	9	9	3	1	13	8	8	3	1	1788.7294347721315	4476000000.0
15	7	7	3	1	13	8	8	3	1	990.0265509237214	62730000.0
15	9	9	3	1	13	8	8	3	1	990.0265464063025	3034000000.0
14	7	7	1	1	13	8	8	1	1	1788.7294512740643	121600000.0
14	9	9	1	1	13	8	8	1	1	1788.7294347721315	4476000000.0
15	7	7	1	1	13	8	8	1	1	990.0265509237214	62730000.0
15	9	9	1	1	13	8	8	1	1	990.0265464063025	3034000000.0
14	12	12	3	1	13	11	11	3	1	1788.7294477629978	7185000000.0
14	10	10	3	1	13	11	11	3	1	1788.729424238533	21610000.0
15	12	12	3	1	13	11	11	3	1	990.0265469439711	2628000000.0
14	12	12	1	1	13	11	11	1	1	1788.7294477629978	7185000000.0
14	10	10	1	1	13	11	11	1	1	1788.729424238533	21610000.0
15	12	12	1	1	13	11	11	1	1	990.0265469439711	2628000000.0
14	13	13	3	1	13	12	12	3	1	1788.7294481142642	8371000000.0
15	13	13	3	1	13	12	12	3	1	990.026548557466	1695000000.0
14	13	13	1	1	13	12	12	1	1	1788.7294481142642	8371000000.0
15	13	13	1	1	13	12	12	1	1	990.026548557466	1695000000.0
14	5	5	1	1	13	4	4	1	1	1788.7295236029959	2244000000.0
14	3	3	1	1	13	4	4	1	1	1788.7183053450315	459900000.0
15	5	5	1	1	13	4	4	1	1	990.0265712524126	1855000000.0
15	3	3	1	1	13	4	4	1	1	990.0237566482126	315000000.0
14	8	8	3	1	13	9	9	3	1	1788.7294846295963	77650000.0
14	10	10	3	1	13	9	9	3	1	1788.7294621585304	5257000000.0
15	8	8	3	1	13	9	9	3	1	990.0265607115643	35970000.0
15	10	10	3	1	13	9	9	3	1	990.0265582377018	3147000000.0
14	8	8	1	1	13	9	9	1	1	1788.7294846295963	77650000.0
14	10	10	1	1	13	9	9	1	1	1788.7294621585304	5257000000.0
15	8	8	1	1	13	9	9	1	1	990.0265607115643	35970000.0
15	10	10	1	1	13	9	9	1	1	990.0265582377018	3147000000.0
14	9	9	3	1	13	10	10	3	1	1788.7301829884543	44790000.0
14	11	11	3	1	13	10	10	3	1	1788.7301563037684	6154000000.0
15	9	9	3	1	13	10	10	3	1	990.0267756151985	18150000.0
15	11	11	3	1	13	10	10	3	1	990.0267714203544	3053000000.0
14	9	9	1	1	13	10	10	1	1	1788.7301829884543	44790000.0
14	11	11	1	1	13	10	10	1	1	1788.7301563037684	6154000000.0
15	9	9	1	1	13	10	10	1	1	990.0267756151985	18150000.0
15	11	11	1	1	13	10	10	1	1	990.0267714203544	3053000000.0
14	4	4	1	1	13	3	3	1	1	1788.7432475604037	1848000000.0
14	2	2	1	1	13	3	3	1	1	1788.3922968524116	616800000.0
15	4	4	1	1	13	3	3	1	1	990.0307792060372	1542000000.0
15	2	2	1	1	13	3	3	1	1	989.9431702226614	443300000.0
14	3	3	1	1	13	2	2	1	1	1789.15583703915	1495000000.0
15	3	3	1	1	13	2	2	1	1	990.1577765871662	1248000000.0
14	0	0	1	1	13	1	1	1	1	1802.9806470643866	1709000000.0
14	2	2	1	1	13	1	1	1	1	1792.7078560753203	1175000000.0
15	0	0	1	1	13	1	1	1	1	993.7935031432082	1355000000.0
15	2	2	1	1	13	1	1	1	1	991.2640533413621	981500000.0
15	1	1	3	1	14	0	0	3	1	2187.848025341477	516900000.0
15	0	0	3	1	14	1	1	3	1	2235.8918510126064	1209000000.0
15	2	2	3	1	14	1	1	3	1	2201.9058019458857	765700000.0
15	1	1	3	1	14	2	2	3	1	2229.350376172202	647100000.0
15	3	3	3	1	14	2	2	3	1	2216.009169914888	1004000000.0
15	2	2	3	1	14	3	3	3	1	2218.1715403799035	455200000.0
15	4	4	3	1	14	3	3	3	1	2217.1713169549184	1231000000.0
15	3	3	3	1	14	4	4	3	1	2217.2359727066178	345000000.0
15	5	5	3	1	14	4	4	3	1	2217.206270221733	1480000000.0
15	4	4	3	1	14	5	5	3	1	2217.2075568566634	263300000.0
15	6	6	3	1	14	5	5	3	1	2217.2069299930827	1758000000.0
15	6	6	1	1	14	5	5	1	1	2217.206937545329	1758000000.0
15	4	4	1	1	14	5	5	1	1	2217.206882519545	263300000.0
15	5	5	3	1	14	6	6	3	1	2217.207028715674	198800000.0
15	7	7	3	1	14	6	6	3	1	2217.2069645185125	2073000000.0
15	5	5	1	1	14	6	6	1	1	2217.2070222416187	198800000.0
15	7	7	1	1	14	6	6	1	1	2217.2069645185125	2073000000.0
15	6	6	3	1	14	7	7	3	1	2217.207004439807	147000000.0
15	8	8	3	1	14	7	7	3	1	2217.2069704528585	2432000000.0
15	6	6	1	1	14	7	7	1	1	2217.207004439807	147000000.0
15	8	8	1	1	14	7	7	1	1	2217.2069704528585	2432000000.0
15	14	14	3	1	14	13	13	3	1	2217.2069769263	5899000000.0
15	14	14	1	1	14	13	13	1	1	2217.2069769263	5899000000.0
15	13	13	3	1	14	12	12	3	1	2217.206977466009	5119000000.0
15	11	11	3	1	14	12	12	3	1	2217.2069510319207	12980000.0
15	13	13	1	1	14	12	12	1	1	2217.206977466009	5119000000.0
15	11	11	1	1	14	12	12	1	1	2217.2069510319207	12980000.0
15	7	7	1	1	14	8	8	1	1	2217.206996347238	105300000.0
15	9	9	1	1	14	8	8	1	1	2217.2069736898857	2839000000.0
15	7	7	3	1	14	8	8	3	1	2217.206996347238	105300000.0
15	9	9	3	1	14	8	8	3	1	2217.2069736898857	2839000000.0
15	8	8	3	1	14	9	9	3	1	2217.206995807529	72160000.0
15	10	10	3	1	14	9	9	3	1	2217.2069833997416	3303000000.0
15	8	8	1	1	14	9	9	1	1	2217.206995807529	72160000.0
15	10	10	1	1	14	9	9	1	1	2217.2069833997416	3303000000.0
15	5	5	1	1	14	4	4	1	1	2217.207086977879	1480000000.0
15	3	3	1	1	14	4	4	1	1	2217.192970231391	345000000.0
15	9	9	3	1	14	10	10	3	1	2217.2070082159303	46300000.0
15	11	11	3	1	14	10	10	3	1	2217.206987176478	3831000000.0
15	9	9	1	1	14	10	10	1	1	2217.2070082159303	46300000.0
15	11	11	1	1	14	10	10	1	1	2217.206987176478	3831000000.0
15	12	12	3	1	14	11	11	3	1	2217.2070260183555	4433000000.0
15	10	10	3	1	14	11	11	3	1	2217.2070243998414	26820000.0
15	12	12	1	1	14	11	11	1	1	2217.2070260183555	4433000000.0
15	10	10	1	1	14	11	11	1	1	2217.2070243998414	26820000.0
15	4	4	1	1	14	3	3	1	1	2217.224119238797	1231000000.0
15	2	2	1	1	14	3	3	1	1	2216.784756926557	453100000.0
15	3	3	1	1	14	2	2	1	1	2217.732416213174	1008000000.0
15	0	0	1	1	14	1	1	1	1	2234.875735525646	1225000000.0
15	2	2	1	1	14	1	1	1	1	2222.1242064644293	804500000.0

100	0	0	0	0	0	0	0	0	0	1.0	1.0
# upper n l L (2S+1) Seniority  lower  n l L (2S+1) Seniority  Energy (Angstrom) Einstein A (s-1)
# File computed  using the RAP package (Witthoeft, 2011) using Autostructure and Nist data 
# For the final state of He-like Fe