  2   1   2   1   0   2   3.03755670468       1.003e+14 
  3   1   2   1   0   2   2.56293846697       2.678e+13 
  3   2   2   2   1   2   16.4028073718       1.035e+13 
  3   0   2   2   1   2   16.4028052553       1.011e+12 
  3   1   2   2   0   2   16.4028064733       3.594e+12 
  4   1   2   1   0   2   2.43004539189       1.092e+13 
  4   2   2   2   1   2   12.1502278446       3.302e+12 
  4   0   2   2   1   2   12.1502273395       4.127e+11 
  4   1   2   2   0   2   12.1502277279       1.548e+12 
  4   3   2   3   2   2   46.8651681582       2.207e+12 
  4   1   2   3   2   2   46.8651615323   55640000000.0 
  4   2   2   3   1   2    46.865176719       1.127e+12 
  4   0   2   3   1   2   46.8651692038       2.938e+11 
  4   1   2   3   0   2   46.8651788097       4.907e+11 
  5   1   2   1   0   2   2.37309120727       5.503e+12 
  5   2   2   2   1   2    10.848417657       1.509e+12 
  5   0   2   2   1   2    10.848417373       2.063e+11 
  5   1   2   2   0   2   10.8484176295       7.922e+11 
  5   3   2   3   2   2   32.0367346342       7.271e+11 
  5   1   2   3   2   2   32.0367322043   23940000000.0 
  5   2   2   3   1   2   32.0367387289       5.429e+11 
  5   0   2   3   1   2   32.0367362519       1.448e+11 
  5   1   2   3   0   2    32.036740278       2.622e+11 
  5   4   2   4   3   2   101.251892337        6.81e+11 
  5   2   2   4   3   2    101.25188481    8081000000.0 
  5   3   2   4   2   2   101.251900963       4.137e+11 
  5   1   2   4   2   2   101.251876691   30170000000.0 
  5   2   2   4   1   2   101.251915738       2.379e+11 
  5   0   2   4   1   2   101.251890997       1.033e+11 
  5   1   2   4   0   2    101.25191177        1.18e+11 
  6   1   2   1   0   2   2.34325807226       3.158e+12 
  6   0   2   2   1   2    10.251754669       1.177e+11 
  6   2   2   2   1   2   10.2517546386       8.236e+11 
  6   1   2   2   0   2   10.2517548465       4.576e+11 
  6   1   2   3   2   2   27.3380129464   12530000000.0 
  6   3   2   3   2   2   27.3380128818       3.436e+11 
  6   0   2   3   1   2   27.3380162609   81190000000.0 
  6   2   2   3   1   2   27.3380160448       3.006e+11 
  6   1   2   3   0   2   27.3380188254       1.529e+11 
  6   4   2   4   3   2   65.6112258298       2.198e+11 
  6   2   2   4   3   2   65.6112224597    3434000000.0 
  6   1   2   4   2   2   65.6112285697   15080000000.0 
  6   3   2   4   2   2   65.6112281979        2.06e+11 
  6   0   2   4   1   2   65.6112366912   57350000000.0 
  6   2   2   4   1   2   65.6112354465        1.38e+11 
  6   1   2   4   0   2   65.6112432997   71340000000.0 
  6   4   2   5   3   2    186.39552554        1.77e+11 
  6   2   2   5   3   2   186.395498341    6256000000.0 
  6   5   2   5   4   2   186.395528896       2.633e+11 
  6   3   2   5   4   2   186.395515959    1821000000.0 
  6   1   2   5   2   2   186.395544466   15360000000.0 
  6   3   2   5   2   2   186.395541466       1.158e+11 
  6   0   2   5   1   2   186.395590645   42930000000.0 
  6   2   2   5   1   2   186.395580599   71960000000.0 
  6   1   2   5   0   2   186.395628314   38890000000.0 
  7   1   2   1   0   2   2.32562939557       1.979e+12 
  7   2   2   2   1   2   9.92268607179       5.012e+11 
  7   0   2   2   1   2   9.92268601948   73420000000.0 
  7   1   2   2   0   2   9.92268616523       2.877e+11 
  7   3   2   3   2   2   25.1167996022       1.932e+11 
  7   1   2   3   2   2   25.1167993469    7422000000.0 
  7   2   2   3   1   2   25.1168026113        1.84e+11 
  7   0   2   3   1   2   25.1168022761   50080000000.0 
  7   1   2   3   0   2   25.1168043094   96460000000.0 
  7   2   2   4   3   2   54.1237397356    1799000000.0 
  7   4   2   4   3   2   54.1237391596       1.034e+11 
  7   3   2   4   2   2   54.1237420653       1.175e+11 
  7   1   2   4   2   2   54.1237408797    8630000000.0 
  7   2   2   4   1   2    54.123748573   85450000000.0 
  7   0   2   4   1   2   54.1237470164   34800000000.0 
  7   1   2   4   0   2   54.1237509032   45270000000.0 
  7   2   2   5   3   2    116.28147426    3061000000.0 
  7   4   2   5   3   2   116.281471601   87750000000.0 
  7   3   2   5   4   2   116.281473846     744600000.0 
  7   5   2   5   4   2   116.281468221   81440000000.0 
  7   3   2   5   2   2   116.281483773   69340000000.0 
  7   1   2   5   2   2   116.281478301    8496000000.0 
  7   2   2   5   1   2   116.281506273   46460000000.0 
  7   0   2   5   1   2   116.281499089   25890000000.0 
  7   1   2   5   0   2   116.281510932   25470000000.0 
  7   4   2   6   5   2   309.129827719     537000000.0 
  7   6   2   6   5   2   309.129818418       1.186e+11 
  7   3   2   6   4   2   309.129851325    1777000000.0 
  7   5   2   6   4   2    309.12981157   85210000000.0 
  7   2   2   6   1   2    309.12987384   27280000000.0 
  7   0   2   6   1   2   309.129823063   20250000000.0 
  7   2   2   6   3   2   309.129882093    4040000000.0 
  7   4   2   6   3   2   309.129863301   60250000000.0 
  7   1   2   6   0   2    309.12985983   15670000000.0 
  7   3   2   6   2   2   309.129926137   41530000000.0 
  7   1   2   6   2   2   309.129887462    8171000000.0 
  8   1   2   1   0   2   2.31432896234       1.321e+12 
  8   2   2   2   1   2   9.72018226038       3.286e+11 
  8   0   2   2   1   2   9.72018222883   48890000000.0 
  8   1   2   2   0   2   9.72018237129       1.925e+11 
  8   3   2   3   2   2   23.8586295453       1.207e+11 
  8   1   2   3   2   2   23.8586294679    4780000000.0 
  8   2   2   3   1   2   23.8586322854        1.21e+11 
  8   0   2   3   1   2   23.8586320953   33090000000.0 
  8   1   2   3   0   2   23.8586339457   64640000000.0 
  8   2   2   4   3   2   48.6009090263    1074000000.0 
  8   4   2   4   3   2   48.6009086326   58320000000.0 
  8   3   2   4   2   2   48.6009108013   73810000000.0 
  8   1   2   4   2   2   48.6009104799    5436000000.0 
  8   2   2   4   1   2   48.6009161521   56420000000.0 
  8   0   2   4   1   2   48.6009153633   22720000000.0 
  8   1   2   4   0   2   48.6009185622   30380000000.0 
  8   2   2   5   3   2    93.463287772    1742000000.0 
  8   4   2   5   3   2   93.4632863158   50180000000.0 
  8   3   2   5   4   2    93.463287122     382300000.0 
  8   5   2   5   4   2   93.4632857388   37430000000.0 
  8   3   2   5   2   2   93.4632935351   44080000000.0 
  8   1   2   5   2   2   93.4632923464    5196000000.0 
  8   2   2   5   1   2   93.4633084537   30950000000.0 
  8   0   2   5   1   2   93.4633055367   16650000000.0 
  8   1   2   5   0   2   93.4633134279   17150000000.0 
  8   4   2   6   5   2   187.460651191     209000000.0 
  8   6   2   6   5   2   187.460633448   34830000000.0 
  8   3   2   6   4   2    187.46065728     838400000.0 
  8   5   2   6   4   2   187.460651715   41270000000.0 
  8   2   2   6   1   2   187.460667098   18880000000.0 
  8   0   2   6   1   2   187.460655363   12970000000.0 
  8   2   2   6   3   2   187.460670133    2180000000.0 
  8   4   2   6   3   2   187.460664275   36220000000.0 
  8   1   2   6   0   2   187.460669848   10850000000.0 
  8   3   2   6   2   2   187.460684791   27630000000.0 
  8   1   2   6   2   2   187.460680009    4867000000.0 
  8   3   2   7   2   2   476.288879111   17630000000.0 
  8   1   2   7   2   2   476.288848242    4599000000.0 
  8   2   2   7   3   2    476.28890647    2550000000.0 
  8   4   2   7   3   2   476.288868656   24590000000.0 
  8   3   2   7   4   2   476.288923721    1356000000.0 
  8   5   2   7   4   2   476.288887799   33490000000.0 
  8   5   2   7   6   2    476.28890988     190500000.0 
  8   7   2   7   6   2   476.288905997   59630000000.0 
  8   2   2   7   1   2   476.288998279   12070000000.0 
  8   0   2   7   1   2   476.288922526   10520000000.0 
  8   4   2   7   5   2   476.288963029     617200000.0 
  8   6   2   7   5   2   476.288848491   44920000000.0 
  8   1   2   7   0   2   476.288968779    7259000000.0 
  9   1   2   1   0   2   2.30664466718       9.261e+11 
  9   2   2   2   1   2   9.58605635809       2.274e+11 
  9   0   2   2   1   2   9.58605633694   34190000000.0 
  9   1   2   2   0   2   9.58605647217       1.351e+11 
  9   3   2   3   2   2   23.0664484331   80890000000.0 
  9   1   2   3   2   2   23.0664483762    3268000000.0 
  9   2   2   3   1   2   23.0664509738   83890000000.0 
  9   0   2   3   1   2   23.0664508513   23020000000.0 
  9   1   2   3   0   2   23.0664525616   45390000000.0 
  9   2   2   4   3   2   45.4231571809     697800000.0 
  9   4   2   4   3   2   45.4231568721   36640000000.0 
  9   3   2   4   2   2   45.4231588109   49620000000.0 
  9   1   2   4   2   2   45.4231585902    3662000000.0 
  9   2   2   4   1   2   45.4231634054   39200000000.0 
  9   0   2   4   1   2   45.4231629304   15680000000.0 
  9   1   2   4   0   2   45.4231656501   21330000000.0 
  9   2   2   5   3   2   82.3801686479    1099000000.0 
  9   4   2   5   3   2   82.3801676321   31710000000.0 
  9   3   2   5   4   2   82.3801684044     225800000.0 
  9   5   2   5   4   2   82.3801673655   20850000000.0 
  9   3   2   5   2   2   82.3801733867   29770000000.0 
  9   1   2   5   2   2   82.3801726605    3431000000.0 
  9   2   2   5   1   2   82.3801847155   21560000000.0 
  9   0   2   5   1   2   82.3801831531   11360000000.0 
  9   1   2   5   0   2   82.3801890387   12040000000.0 
  9   6   2   6   5   2   147.625260434   15490000000.0 
  9   3   2   6   4   2   147.625266009     467900000.0 
  9   5   2   6   4   2   147.625262672   23300000000.0 
  9   2   2   6   1   2   147.625271258   13240000000.0 
  9   0   2   6   1   2   147.625266241    8721000000.0 
  9   2   2   6   3   2    147.62527314    1320000000.0 
  9   4   2   6   3   2   147.625269878   23170000000.0 
  9   1   2   6   0   2   147.625274436    7633000000.0 
  9   3   2   6   2   2    147.62528307   18850000000.0 
  9   1   2   6   2   2   147.625280738    3130000000.0 
  9   3   2   7   2   2   282.563965279   12550000000.0 
  9   1   2   7   2   2   282.563956737    2897000000.0 
  9   2   2   7   3   2   282.563971833    1480000000.0 
  9   4   2   7   3   2   282.563959882   16490000000.0 
  9   3   2   7   4   2    282.56398098     706500000.0 
  9   5   2   7   4   2   282.563968758   19880000000.0 
  9   7   2   7   6   2   282.563975101   16570000000.0 
  9   2   2   7   1   2   282.564004146    8772000000.0 
  9   0   2   7   1   2   282.563985764    7056000000.0 
  9   4   2   7   5   2   282.563993098     278700000.0 
  9   6   2   7   5   2   282.563988226   21040000000.0 
  9   1   2   7   0   2   282.563999161    5239000000.0 
  9   3   2   8   2   2   694.707066599    8449000000.0 
  9   1   2   8   2   2   694.707014962    2728000000.0 
  9   2   2   8   3   2   694.707127346    1633000000.0 
  9   4   2   8   3   2   694.707055107   11430000000.0 
  9   3   2   8   4   2   694.707147047     970400000.0 
  9   5   2   8   4   2   694.707073167   15120000000.0 
  9   2   2   8   1   2   694.707193018    5979000000.0 
  9   0   2   8   1   2   694.707081905    5887000000.0 
  9   4   2   8   5   2    694.70713153     532600000.0 
  9   6   2   8   5   2   694.707102083   19710000000.0 
  9   6   2   8   7   2   694.707110345      77390000.0 
  9   8   2   8   7   2   694.707108015   32590000000.0 
  9   1   2   8   0   2   694.707176123    3725000000.0 
  9   5   2   8   6   2   694.707316841     247300000.0 
  9   7   2   8   6   2   694.707308208   25440000000.0 
 10   1   2   1   0   2   2.30117936627       6.741e+11 
 10   2   2   2   1   2   9.49236546994        1.64e+11 
 10   0   2   2   1   2   9.49236545494   24850000000.0 
 10   1   2   2   0   2   9.49236558549   98410000000.0 
 10   3   2   3   2   2   22.5313293098   57070000000.0 
 10   1   2   3   2   2   22.5313292743    2338000000.0 
 10   2   2   3   1   2    22.531331732   60590000000.0 
 10   0   2   3   1   2   22.5313316475   16660000000.0 
 10   1   2   3   0   2   22.5313332678   33090000000.0 
 10   2   2   4   3   2   43.3936686002     481700000.0 
 10   4   2   4   3   2   43.3936683896   24740000000.0 
 10   3   2   4   2   2    43.393670095   35070000000.0 
 10   1   2   4   2   2   43.3936699633    2592000000.0 
 10   2   2   4   1   2   43.3936742808   28340000000.0 
 10   0   2   4   1   2   43.3936739673   11290000000.0 
 10   1   2   4   0   2   43.3936764065   15550000000.0 
 10   2   2   5   3   2   75.9389206037     743200000.0 
 10   4   2   5   3   2   75.9389199589   21470000000.0 
 10   5   2   5   4   2   75.9389197114   13010000000.0 
 10   3   2   5   2   2   75.9389246525   21090000000.0 
 10   1   2   5   2   2   75.9389242494    2395000000.0 
 10   2   2   5   1   2   75.9389342569   15610000000.0 
 10   0   2   5   1   2   75.9389332969    8106000000.0 
 10   1   2   5   0   2   75.9389381665    8765000000.0 
 10   6   2   6   5   2   128.146926023    8437000000.0 
 10   3   2   6   4   2   128.146931103     291800000.0 
 10   5   2   6   4   2   128.146929088   14620000000.0 
 10   2   2   6   1   2   128.146934995    9601000000.0 
 10   0   2   6   1   2   128.146932261    6156000000.0 
 10   2   2   6   3   2   128.146936413     869500000.0 
 10   4   2   6   3   2   128.146934577   15760000000.0 
 10   1   2   6   0   2   128.146938062    5549000000.0 
 10   3   2   6   2   2   128.146943958   13400000000.0 
 10   1   2   6   2   2   128.146942811    2146000000.0 
 10   3   2   7   2   2   218.882761853    8999000000.0 
 10   1   2   7   2   2   218.882758504    1939000000.0 
 10   2   2   7   3   2   218.882765601     940300000.0 
 10   4   2   7   3   2   218.882760244   11350000000.0 
 10   3   2   7   4   2   218.882771274     419600000.0 
 10   5   2   7   4   2   218.882765396   12640000000.0 
 10   7   2   7   6   2   218.882769413    7090000000.0 
 10   2   2   7   1   2   218.882784991    6393000000.0 
 10   0   2   7   1   2   218.882777015    4912000000.0 
 10   4   2   7   5   2   218.882780175     151300000.0 
 10   6   2   7   5   2   218.882773056   11620000000.0 
 10   1   2   7   0   2    218.88278396    3811000000.0 
 10   3   2   8   2   2   405.007553587    6305000000.0 
 10   1   2   8   2   2   405.007542121    1796000000.0 
 10   2   2   8   3   2   405.007573603    1002000000.0 
 10   4   2   8   3   2   405.007555261    8225000000.0 
 10   3   2   8   4   2   405.007580929     544600000.0 
 10   5   2   8   4   2   405.007560805   10090000000.0 
 10   2   2   8   1   2   405.007595924    4503000000.0 
 10   0   2   8   1   2   405.007568617    4096000000.0 
 10   4   2   8   5   2   405.007581235     266700000.0 
 10   6   2   8   5   2   405.007556863   11450000000.0 
 10   8   2   8   7   2    405.00751656    8564000000.0 
 10   1   2   8   0   2   405.007596896    2775000000.0 
 10   5   2   8   6   2   405.007643625     106500000.0 
 10   7   2   8   6   2   405.007641411   11470000000.0 
 10   3   2   9   2   2    971.21874539    4439000000.0 
 10   1   2   9   2   2   971.218679453    1693000000.0 
 10   2   2   9   3   2   971.218824163    1071000000.0 
 10   4   2   9   3   2   971.218718684    5859000000.0 
 10   3   2   9   4   2    971.21888658     685600000.0 
 10   5   2   9   4   2   971.218770854    7567000000.0 
 10   2   2   9   1   2   971.218925086    3225000000.0 
 10   0   2   9   1   2   971.218768059    3497000000.0 
 10   4   2   9   5   2   971.218863083     419800000.0 
 10   6   2   9   5   2   971.218722928    9642000000.0 
 10   5   2   9   6   2   971.218828407     234700000.0 
 10   7   2   9   6   2   971.218815675   12170000000.0 
 10   6   2   9   7   2   971.218739801     110400000.0 
 10   8   2   9   7   2   971.218491891   15250000000.0 
 10   7   2   9   8   2   971.218820229      34870000.0 
 10   9   2   9   8   2   971.218818883   19010000000.0 
 10   1   2   9   0   2   971.218896621    2067000000.0 
 11   1   2   1   0   2   2.29715230241       5.058e+11 
 11   2   2   2   1   2   9.42421514763       1.223e+11 
 11   0   2   2   1   2   9.42421513663   18630000000.0 
 11   1   2   2   0   2   9.42421526402   73900000000.0 
 11   3   2   3   2   2   22.1511130923   41860000000.0 
 11   1   2   3   2   2   22.1511130687    1732000000.0 
 11   2   2   3   1   2   22.1511154304   45210000000.0 
 11   0   2   3   1   2   22.1511153696   12450000000.0 
 11   1   2   3   0   2   22.1511169285   24850000000.0 
 11   2   2   4   3   2   42.0050711491     347800000.0 
 11   4   2   4   3   2   42.0050709909   17590000000.0 
 11   3   2   4   2   2   42.0050725608   25750000000.0 
 11   1   2   4   2   2    42.005072476    1906000000.0 
 11   2   2   4   1   2    42.005076472   21160000000.0 
 11   0   2   4   1   2   42.0050762534    8400000000.0 
 11   1   2   4   0   2   42.0050785134   11670000000.0 
 11   2   2   5   3   2   71.7860106916     528900000.0 
 11   4   2   5   3   2   71.7860102296   15290000000.0 
 11   5   2   5   4   2   71.7860100593    8758000000.0 
 11   3   2   5   2   2   71.7860143419   15510000000.0 
 11   1   2   5   2   2   71.7860140942    1744000000.0 
 11   2   2   5   1   2   71.7860228923   11660000000.0 
 11   0   2   5   1   2   71.7860222538    5997000000.0 
 11   1   2   5   0   2   71.7860265307    6576000000.0 
 11   6   2   6   5   2    116.74938897    5189000000.0 
 11   3   2   6   4   2   116.749391658     196200000.0 
 11   5   2   6   4   2   116.749390337    9872000000.0 
 11   2   2   6   1   2   116.749394804    7174000000.0 
 11   0   2   6   1   2   116.749393115    4517000000.0 
 11   2   2   6   3   2   116.749395981     607500000.0 
 11   4   2   6   3   2   116.749394759   11250000000.0 
 11   1   2   6   0   2   116.749397733    4156000000.0 
 11   3   2   6   2   2   116.749402329    9870000000.0 
 11   1   2   6   2   2   116.749401674    1542000000.0 
 11   3   2   7   2   2   187.600767188    6646000000.0 
 11   1   2   7   2   2   187.600765497    1370000000.0 
 11   2   2   7   3   2   187.600769722     641300000.0 
 11   4   2   7   3   2   187.600766567    8133000000.0 
 11   3   2   7   4   2   187.600774109     273200000.0 
 11   5   2   7   4   2   187.600770699    8576000000.0 
 11   7   2   7   6   2   187.600772622    3758000000.0 
 11   2   2   7   1   2   187.600783965    4780000000.0 
 11   0   2   7   1   2   187.600779605    3565000000.0 
 11   4   2   7   5   2   187.600781208      92630000.0 
 11   6   2   7   5   2   187.600779366    7188000000.0 
 11   1   2   7   0   2   187.600784197    2848000000.0 
 11   3   2   8   2   2   309.511036864    4691000000.0 
 11   1   2   8   2   2   309.511032259    1241000000.0 
 11   2   2   8   3   2   309.511047955     661700000.0 
 11   4   2   8   3   2   309.511039366    5954000000.0 
 11   3   2   8   4   2   309.511052832     339500000.0 
 11   5   2   8   4   2    309.51104355    6924000000.0 
 11   2   2   8   1   2    309.51106099    3380000000.0 
 11   0   2   8   1   2   309.511049121    2933000000.0 
 11   4   2   8   5   2   309.511054535     154400000.0 
 11   6   2   8   5   2   309.511049521    7174000000.0 
 11   8   2   8   7   2    309.51105074    3516000000.0 
 11   1   2   8   0   2   309.511064249    2073000000.0 
 11   5   2   8   6   2   309.511091918      55990000.0 
 11   7   2   8   6   2   309.511087829    6160000000.0 
 11   3   2   9   2   2   558.207984141    3429000000.0 
 11   1   2   9   2   2   558.207969164    1155000000.0 
 11   2   2   9   3   2   558.208008213     686800000.0 
 11   4   2   9   3   2   558.207980277    4426000000.0 
 11   3   2   9   4   2   558.208030781     407500000.0 
 11   5   2   9   4   2   558.208000588    5442000000.0 
 11   2   2   9   1   2   558.208041552    2497000000.0 
 11   0   2   9   1   2   558.208002947    2506000000.0 
 11   4   2   9   5   2   558.208027977     227100000.0 
 11   6   2   9   5   2   558.208011667    6345000000.0 
 11   5   2   9   6   2     558.2080196     112700000.0 
 11   7   2   9   6   2   558.208006298    6881000000.0 
 11   6   2   9   7   2    558.20801724      45310000.0 
 11   8   2   9   7   2   558.208015872    6598000000.0 
 11   9   2   9   8   2   558.207932679    4727000000.0 
 11   1   2   9   0   2   558.208040902    1579000000.0 
 11   3   2  10   2   2   1312.65836279    2506000000.0 
 11   1   2  10   2   2   1312.65827997    1093000000.0 
 11   2   2  10   3   2   1312.65848929     720800000.0 
 11   4   2  10   3   2    1312.6583348    3240000000.0 
 11   2   2  10   1   2   1312.65860973    1860000000.0 
 11   0   2  10   1   2   1312.65839626    2182000000.0 
 11   3   2  10   4   2   1312.65855547     486700000.0 
 11   5   2  10   4   2    1312.6583885    4104000000.0 
 11   4   2  10   5   2    1312.6585462     320600000.0 
 11   6   2  10   5   2   1312.65845601    5132000000.0 
 11   1   2  10   0   2   1312.65856681    1221000000.0 
 11   6   2  10   7   2   1312.65847926     113000000.0 
 11   8   2  10   7   2    1312.6584717    7829000000.0 
 11  10   2  10   9   2   1312.65847416   11690000000.0 
 11   5   2  10   6   2   1312.65864453     199700000.0 
 11   7   2  10   6   2   1312.65857097    6360000000.0 
 11   7   2  10   8   2   1312.65902383      53610000.0 
 11   9   2  10   8   2   1312.65860841    9587000000.0 
 12   1   2   1   0   2   2.29409881442       3.893e+11 
 12   2   2   2   1   2   9.37303286478   93640000000.0 
 12   0   2   2   1   2   9.37303285648   14320000000.0 
 12   1   2   2   0   2   9.37303298161   56900000000.0 
 12   3   2   3   2   2    21.870410256   31670000000.0 
 12   1   2   3   2   2   21.8704102398    1320000000.0 
 12   2   2   3   1   2   21.8704125327   34640000000.0 
 12   0   2   3   1   2   21.8704124875    9555000000.0 
 12   1   2   3   0   2   21.8704140024   19140000000.0 
 12   2   2   4   3   2   41.0070167329     260000000.0 
 12   4   2   4   3   2   41.0070166092   13000000000.0 
 12   3   2   4   2   2    41.007018087   19500000000.0 
 12   1   2   4   2   2   41.0070180299    1444000000.0 
 12   2   2   4   1   2   41.0070218058   16220000000.0 
 12   0   2   4   1   2   41.0070216469    6424000000.0 
 12   1   2   4   0   2   41.0070237838    8988000000.0 
 12   2   2   5   3   2   68.9193562016     391200000.0 
 12   4   2   5   3   2   68.9193558524   11310000000.0 
 12   5   2   5   4   2   68.9193557283    6221000000.0 
 12   3   2   5   2   2   68.9193595907   11750000000.0 
 12   1   2   5   2   2   68.9193594296    1312000000.0 
 12   2   2   5   1   2   68.9193674473    8937000000.0 
 12   0   2   5   1   2   68.9193669985    4566000000.0 
 12   1   2   5   0   2   68.9193708927    5059000000.0 
 12   6   2   6   5   2   109.352044776    3458000000.0 
 12   3   2   6   4   2     109.3520469     139300000.0 
 12   5   2   6   4   2   109.352045955    7024000000.0 
 12   2   2   6   1   2   109.352049598    5499000000.0 
 12   0   2   6   1   2   109.352048468    3419000000.0 
 12   2   2   6   3   2   109.352050631     443400000.0 
 12   4   2   6   3   2   109.352049751    8337000000.0 
 12   1   2   6   0   2   109.352052398    3193000000.0 
 12   3   2   6   2   2   109.352056261    7484000000.0 
 12   1   2   6   2   2   109.352055856    1150000000.0 
 12   3   2   7   2   2   169.207895131    5044000000.0 
 12   1   2   7   2   2    169.20789416    1009000000.0 
 12   2   2   7   3   2   169.207897044     460200000.0 
 12   4   2   7   3   2   169.207894939    6037000000.0 
 12   3   2   7   4   2   169.207900761     189600000.0 
 12   5   2   7   4   2   169.207898499    6117000000.0 
 12   7   2   7   6   2   169.207900887    2265000000.0 
 12   2   2   7   1   2   169.207908632    3663000000.0 
 12   0   2   7   1   2   169.207905926    2676000000.0 
 12   4   2   7   5   2    169.20790685      61520000.0 
 12   6   2   7   5   2   169.207905596    4803000000.0 
 12   1   2   7   0   2   169.207909373    2183000000.0 
 12   3   2   8   2   2   262.444896214    3567000000.0 
 12   1   2   8   2   2   262.444893879     899300000.0 
 12   2   2   8   3   2   262.444903833     464400000.0 
 12   4   2   8   3   2   262.444898769    4435000000.0 
 12   3   2   8   4   2   262.444907696     228900000.0 
 12   5   2   8   4   2   262.444902253    4961000000.0 
 12   2   2   8   1   2   262.444913206    2590000000.0 
 12   0   2   8   1   2   262.444906698    2178000000.0 
 12   4   2   8   5   2   262.444909676      98850000.0 
 12   6   2   8   5   2    262.44490666    4819000000.0 
 12   8   2   8   7   2   262.444906622    1807000000.0 
 12   1   2   8   0   2   262.444916879    1584000000.0 
 12   7   2   8   6   2    262.44493607    3734000000.0 
 12   3   2   9   2   2   421.786436856    2624000000.0 
 12   1   2   9   2   2   421.786430823     819700000.0 
 12   2   2   9   3   2   421.786449682     468200000.0 
 12   4   2   9   3   2   421.786436602    3326000000.0 
 12   3   2   9   4   2   421.786463485     264200000.0 
 12   5   2   9   4   2   421.786449429    3941000000.0 
 12   2   2   9   1   2   421.786468717    1919000000.0 
 12   0   2   9   1   2   421.786451908    1837000000.0 
 12   4   2   9   5   2   421.786463836     138300000.0 
 12   6   2   9   5   2   421.786456047    4314000000.0 
 12   5   2   9   6   2   421.786460283      63380000.0 
 12   7   2   9   6   2   421.786457804    4226000000.0 
 12   8   2   9   7   2   421.786456086    3438000000.0 
 12   9   2   9   8   2   421.786458526    1861000000.0 
 12   1   2   9   0   2   421.786471782    1205000000.0 
 12   3   2  10   2   2   745.582077166    1987000000.0 
 12   1   2  10   2   2   745.582058317     767500000.0 
 12   2   2  10   3   2    745.58211511     479300000.0 
 12   4   2  10   3   2   745.582074238    2536000000.0 
 12   2   2  10   1   2   745.582153968    1472000000.0 
 12   0   2  10   1   2   745.582101445    1602000000.0 
 12   3   2  10   4   2   745.582139327     302900000.0 
 12   5   2  10   4   2   745.582095406    3108000000.0 
 12   4   2  10   5   2   745.582142439     184100000.0 
 12   6   2  10   5   2   745.582118099    3660000000.0 
 12   1   2  10   0   2   745.582150857     951800000.0 
 12   6   2  10   7   2   745.582125602      51940000.0 
 12   8   2  10   7   2   745.582115781    4293000000.0 
 12  10   2  10   9   2   745.581972182    2754000000.0 
 12   5   2  10   6   2   745.582178003     103900000.0 
 12   7   2  10   6   2   745.582170256    4105000000.0 
 12   7   2  10   8   2   745.582316356      20980000.0 
 12   9   2  10   8   2   745.582315929    3976000000.0 
 12   3   2  11   2   2   1725.86037687    1498000000.0 
 12   1   2  11   2   2   1725.86027587     729800000.0 
 12   2   2  11   3   2   1725.86056155     497300000.0 
 12   4   2  11   3   2   1725.86034255    1904000000.0 
 12   2   2  11   1   2   1725.86070472    1132000000.0 
 12   0   2  11   1   2   1725.86042329    1417000000.0 
 12   3   2  11   4   2   1725.86064392     349600000.0 
 12   5   2  11   4   2   1725.86040858    2373000000.0 
 12   1   2  11   0   2    1725.8606449     757700000.0 
 12   4   2  11   5   2   1725.86063117     242600000.0 
 12   6   2  11   5   2   1725.86050075    2921000000.0 
 12   5   2  11   6   2   1725.86056449     162400000.0 
 12   7   2  11   6   2   1725.86052298    3564000000.0 
 12   7   2  11   8   2   1725.86053605      58350000.0 
 12   9   2  11   8   2   1725.86053377    5215000000.0 
 12  11   2  11  10   2   1725.86053279    7505000000.0 
 12   6   2  11   7   2    1725.8606279     102300000.0 
 12   8   2  11   7   2   1725.86057528    4322000000.0 
 12   8   2  11   9   2    1725.8612934      27880000.0 
 12  10   2  11   9   2   1725.86051971    6266000000.0 
 13   1   2   1   0   2    2.2917280939        3.06e+11 
 13   2   2   2   1   2   9.33358406946   73320000000.0 
 13   0   2   2   1   2   9.33358406305   11250000000.0 
 13   1   2   2   0   2   9.33358418651   44740000000.0 
 13   3   2   3   2   2   21.6568320101   24570000000.0 
 13   1   2   3   2   2   21.6568319986    1029000000.0 
 13   2   2   3   1   2   21.6568342405   27130000000.0 
 13   0   2   3   1   2    21.656834206    7493000000.0 
 13   1   2   3   0   2   21.6568356881   15050000000.0 
 13   2   2   4   3   2   40.2625174841     199800000.0 
 13   4   2   4   3   2   40.2625173889    9904000000.0 
 13   3   2   4   2   2   40.2625187968   15130000000.0 
 13   1   2   4   2   2   40.2625187569    1122000000.0 
 13   2   2   4   1   2   40.2625223745   12710000000.0 
 13   0   2   4   1   2   40.2625222554    5024000000.0 
 13   1   2   4   0   2   40.2625243038    7066000000.0 
 13   2   2   5   3   2   66.8420703318     298200000.0 
 13   4   2   5   3   2   66.8420700695    8625000000.0 
 13   5   2   5   4   2   66.8420699699    4601000000.0 
 13   3   2   5   2   2   66.8420735397    9122000000.0 
 13   1   2   5   2   2   66.8420734299    1013000000.0 
 13   2   2   5   1   2   66.8420809098    7003000000.0 
 13   0   2   5   1   2   66.8420805813    3559000000.0 
 13   1   2   5   0   2   66.8420842124    3974000000.0 
 13   6   2   6   5   2   104.213320854    2440000000.0 
 13   3   2   6   4   2   104.213322609     102900000.0 
 13   5   2   6   4   2   104.213321904    5200000000.0 
 13   2   2   6   1   2    104.21332501    4308000000.0 
 13   0   2   6   1   2   104.213324212    2653000000.0 
 13   2   2   6   3   2   104.213325948     334800000.0 
 13   4   2   6   3   2    104.21332531    6362000000.0 
 13   1   2   6   0   2   104.213327704    2505000000.0 
 13   3   2   6   2   2   104.213331111    5813000000.0 
 13   1   2   6   2   2   104.213330844     881700000.0 
 13   3   2   7   2   2   157.212543719    3920000000.0 
 13   1   2   7   2   2   157.212543111     767000000.0 
 13   2   2   7   3   2    157.21254526     343200000.0 
 13   4   2   7   3   2   157.212543808    4612000000.0 
 13   3   2   7   4   2   157.212548579     137900000.0 
 13   5   2   7   4   2   157.212546976    4535000000.0 
 13   7   2   7   6   2   157.212549108    1487000000.0 
 13   2   2   7   1   2   157.212555262    2868000000.0 
 13   0   2   7   1   2   157.212553445    2064000000.0 
 13   4   2   7   5   2   157.212554091      43290000.0 
 13   6   2   7   5   2   157.212553152    3395000000.0 
 13   1   2   7   0   2   157.212556244    1709000000.0 
 13   3   2   8   2   2   234.672949637    2773000000.0 
 13   1   2   8   2   2   234.672948283     675800000.0 
 13   2   2   8   3   2   234.672955481     340900000.0 
 13   4   2   8   3   2   234.672952248    3393000000.0 
 13   3   2   8   4   2   234.672958817     163100000.0 
 13   5   2   8   4   2   234.672955245    3685000000.0 
 13   2   2   8   1   2   234.672962975    2026000000.0 
 13   0   2   8   1   2   234.672958926    1666000000.0 
 13   4   2   8   5   2   234.672960968      67810000.0 
 13   6   2   8   5   2   234.672958877    3414000000.0 
 13   8   2   8   7   2   234.672959524    1064000000.0 
 13   1   2   8   0   2   234.672966673    1237000000.0 
 13   7   2   8   6   2    234.67298244    2459000000.0 
 13   3   2   9   2   2   354.384485667    2043000000.0 
 13   1   2   9   2   2    354.38448258     606700000.0 
 13   2   2   9   3   2   354.384494157     336700000.0 
 13   4   2   9   3   2   354.384486784    2552000000.0 
 13   3   2   9   4   2   354.384504466     183300000.0 
 13   5   2   9   4   2   354.384496321    2939000000.0 
 13   2   2   9   1   2   354.384507594    1500000000.0 
 13   0   2   9   1   2    354.38449836    1391000000.0 
 13   4   2   9   5   2   354.384506009      91750000.0 
 13   6   2   9   5   2   354.384501241    3071000000.0 
 13   5   2   9   6   2   354.384503983      39740000.0 
 13   7   2   9   6   2   354.384502591    2797000000.0 
 13   8   2   9   7   2   354.384502812    2035000000.0 
 13   9   2   9   8   2   354.384502274     925700000.0 
 13   1   2   9   0   2   354.384511494     938400000.0 
 13   3   2  10   2   2   557.985945949    1555000000.0 
 13   1   2  10   2   2   557.985938296     557200000.0 
 13   2   2  10   3   2     557.9859658     335500000.0 
 13   4   2  10   3   2   557.985947521    1961000000.0 
 13   2   2  10   1   2   557.985987564    1153000000.0 
 13   0   2  10   1   2   557.985964673    1198000000.0 
 13   3   2  10   4   2   557.985980765     202800000.0 
 13   5   2  10   4   2   557.985960573    2341000000.0 
 13   4   2  10   5   2   557.985985719     116800000.0 
 13   6   2  10   5   2   557.985973898    2635000000.0 
 13   1   2  10   0   2   557.985990127     739500000.0 
 13   6   2  10   7   2     557.9859781      28340000.0 
 13   8   2  10   7   2   557.985976426    2575000000.0 
 13  10   2  10   9   2   557.985977348    1039000000.0 
 13   5   2  10   6   2   557.986006834      61660000.0 
 13   7   2  10   6   2   557.986003383    2751000000.0 
 13   9   2  10   8   2   557.986082923    2005000000.0 
 13   3   2  11   2   2   970.546793622    1213000000.0 
 13   1   2  11   2   2   970.546770468     525100000.0 
 13   2   2  11   3   2   970.546847787     340700000.0 
 13   4   2  11   3   2   970.546792485    1531000000.0 
 13   2   2  11   1   2   970.546893063     911900000.0 
 13   0   2  11   1   2   970.546823806    1062000000.0 
 13   3   2  11   4   2   970.546878074     225900000.0 
 13   5   2  11   4   2   970.546816984    1866000000.0 
 13   1   2  11   0   2   970.546887171     600900000.0 
 13   4   2  11   5   2   970.546883759     146200000.0 
 13   6   2  11   5   2   970.546847994    2202000000.0 
 13   5   2  11   6   2    970.54686629      90020000.0 
 13   7   2  11   6   2    970.54685585    2507000000.0 
 13   7   2  11   8   2   970.546859985      25710000.0 
 13   9   2  11   8   2   970.546853059    2768000000.0 
 13  11   2  11  10   2   970.546859468    1678000000.0 
 13   6   2  11   7   2   970.546888204      51200000.0 
 13   8   2  11   7   2   970.546883139    2726000000.0 
 13  10   2  11   9   2   970.547111687    2491000000.0 
 13   3   2  12   2   2   2217.65924324     938700000.0 
 13   1   2  12   2   2   2217.65912235     501700000.0 
 13   2   2  12   3   2   2217.65950067     351100000.0 
 13   4   2  12   3   2   2217.65921193    1176000000.0 
 13   2   2  12   1   2   2217.65966743     720600000.0 
 13   0   2  12   1   2   2217.65930584     952600000.0 
 13   3   2  12   4   2   2217.65960483     254700000.0 
 13   5   2  12   4   2   2217.65928587    1445000000.0 
 13   1   2  12   0   2   2217.65958702     490200000.0 
 13   4   2  12   5   2   2217.65960051     183900000.0 
 13   6   2  12   5   2   2217.65941378    1755000000.0 
 13   5   2  12   6   2   2217.65950121     129600000.0 
 13   7   2  12   6   2    2217.6594467    2114000000.0 
 13   6   2  12   7   2   2217.65948232      87630000.0 
 13   8   2  12   7   2   2217.65945587    2531000000.0 
 13  10   2  12   9   2   2217.65946721    3579000000.0 
 13   8   2  12   9   2   2217.65945965      31940000.0 
 13  12   2  12  11   2   2217.65946883    4996000000.0 
 13   7   2  12   8   2   2217.65953359      55630000.0 
 13   9   2  12   8   2   2217.65949743    3015000000.0 
 13  11   2  12  10   2   2217.66080834    4234000000.0 
 13   9   2  12  10   2   2217.66077488      15340000.0 
 14   1   2   1   0   2   2.28985048326       2.448e+11 
 14   2   2   2   1   2    9.3025181433   58490000000.0 
 14   0   2   2   1   2   9.30251813826    8999000000.0 
 14   1   2   2   0   2   9.30251826044   35810000000.0 
 14   3   2   3   2   2   21.4903095071   19450000000.0 
 14   1   2   3   2   2   21.4903094988     818700000.0 
 14   2   2   3   1   2   21.4903117018   21650000000.0 
 14   0   2   3   1   2   21.4903116748    5984000000.0 
 14   1   2   3   0   2   21.4903131318   12050000000.0 
 14   2   2   4   3   2   39.6907420646     157100000.0 
 14   4   2   4   3   2    39.690741985    7735000000.0 
 14   3   2   4   2   2   39.6907433456   11990000000.0 
 14   1   2   4   2   2   39.6907433172     889100000.0 
 14   2   2   4   1   2   39.6907468171   10140000000.0 
 14   0   2   4   1   2   39.6907467253    4005000000.0 
 14   1   2   4   0   2   39.6907487076    5656000000.0 
 14   2   2   5   3   2   65.2808260157     233000000.0 
 14   4   2   5   3   2   65.2808258006    6740000000.0 
 14   5   2   5   4   2   65.2808257361    3511000000.0 
 14   3   2   5   2   2   65.2808290901    7229000000.0 
 14   1   2   5   2   2   65.2808290134     799800000.0 
 14   2   2   5   1   2   65.2808361054    5590000000.0 
 14   0   2   5   1   2   65.2808358571    2830000000.0 
 14   1   2   5   0   2   65.2808392981    3179000000.0 
 14   6   2   6   5   2   100.467191137    1796000000.0 
 14   3   2   6   4   2   100.467192633      78500000.0 
 14   5   2   6   4   2   100.467192099    3971000000.0 
 14   2   2   6   1   2   100.467194831    3438000000.0 
 14   0   2   6   1   2   100.467194242    2101000000.0 
 14   2   2   6   3   2   100.467195702     259600000.0 
 14   4   2   6   3   2   100.467195193    4974000000.0 
 14   1   2   6   0   2   100.467197435    2002000000.0 
 14   3   2   6   2   2   100.467200535    4608000000.0 
 14   1   2   6   2   2   100.467200353     692200000.0 
 14   3   2   7   2   2   148.840278078    3107000000.0 
 14   1   2   7   2   2   148.840277679     598100000.0 
 14   2   2   7   3   2   148.840279383     263700000.0 
 14   4   2   7   3   2   148.840278265    3608000000.0 
 14   3   2   7   4   2   148.840282434     103900000.0 
 14   5   2   7   4   2   148.840281262    3466000000.0 
 14   7   2   7   6   2   148.840283212    1038000000.0 
 14   2   2   7   1   2   148.840288349    2287000000.0 
 14   0   2   7   1   2   148.840287058    1627000000.0 
 14   6   2   7   5   2   148.840286827    2502000000.0 
 14   1   2   7   0   2    148.84028945    1364000000.0 
 14   3   2   8   2   2   216.494948297    2199000000.0 
 14   1   2   8   2   2   216.494947453     522500000.0 
 14   2   2   8   3   2   216.494953111     258900000.0 
 14   4   2   8   3   2   216.494950745    2656000000.0 
 14   3   2   8   4   2    216.49495611     121100000.0 
 14   5   2   8   4   2   216.494953631    2820000000.0 
 14   2   2   8   1   2   216.494959489    1614000000.0 
 14   0   2   8   1   2   216.494956758    1306000000.0 
 14   4   2   8   5   2   216.494958167      48910000.0 
 14   6   2   8   5   2   216.494956784    2520000000.0 
 14   8   2   8   7   2    216.49495737     686000000.0 
 14   1   2   8   0   2   216.494963105     985000000.0 
 14   7   2   8   6   2   216.494976858    1718000000.0 
 14   3   2   9   2   2    314.50597474    1619000000.0 
 14   1   2   9   2   2    314.50597296     463900000.0 
 14   2   2   9   3   2    314.50598109     252000000.0 
 14   4   2   9   3   2   314.505976097    1999000000.0 
 14   3   2   9   4   2   314.505989545     133500000.0 
 14   5   2   9   4   2   314.505984314    2253000000.0 
 14   2   2   9   1   2   314.505991673    1193000000.0 
 14   0   2   9   1   2   314.505985909    1082000000.0 
 14   4   2   9   5   2   314.505991239      64650000.0 
 14   6   2   9   5   2   314.505988319    2272000000.0 
 14   5   2   9   6   2   314.505990349      26850000.0 
 14   7   2   9   6   2   314.505989426    1960000000.0 
 14   8   2   9   7   2   314.505989632    1316000000.0 
 14   9   2   9   8   2   314.505989567     531100000.0 
 14   1   2   9   0   2   314.505995733     744700000.0 
 14   3   2  10   2   2   465.125860492    1233000000.0 
 14   1   2  10   2   2   465.125856599     419800000.0 
 14   2   2  10   3   2    465.12587355     246200000.0 
 14   4   2  10   3   2   465.125862629    1540000000.0 
 14   2   2  10   1   2   465.125888673     916100000.0 
 14   0   2  10   1   2   465.125876066     921700000.0 
 14   3   2  10   4   2   465.125884684     144100000.0 
 14   5   2  10   4   2   465.125873241    1801000000.0 
 14   4   2  10   5   2   465.125889171      79800000.0 
 14   6   2  10   5   2   465.125882785    1957000000.0 
 14   1   2  10   0   2   465.125892614     584700000.0 
 14   6   2  10   7   2   465.125885705      17360000.0 
 14   8   2  10   7   2   465.125884708    1674000000.0 
 14  10   2  10   9   2   465.125884091     499800000.0 
 14   5   2  10   6   2   465.125905386      40140000.0 
 14   7   2  10   6   2   465.125903368    1937000000.0 
 14   9   2  10   8   2   465.125959491    1157000000.0 
 14   3   2  11   2   2   720.386928054     966200000.0 
 14   1   2  11   2   2   720.386918714     388600000.0 
 14   2   2  11   3   2    720.38695613     243900000.0 
 14   4   2  11   3   2   720.386929933    1211000000.0 
 14   2   2  11   1   2   720.386981073     725600000.0 
 14   0   2  11   1   2   720.386950834     807500000.0 
 14   3   2  11   4   2   720.386974581     155400000.0 
 14   5   2  11   4   2   720.386947132    1448000000.0 
 14   1   2  11   0   2    720.38698301     474000000.0 
 14   4   2  11   5   2   720.386980219      95900000.0 
 14   6   2  11   5   2     720.3869649    1653000000.0 
 14   5   2  11   6   2   720.386974296      55730000.0 
 14   7   2  11   6   2   720.386969456    1786000000.0 
 14   7   2  11   8   2   720.386971734      13580000.0 
 14   9   2  11   8   2   720.386969968    1618000000.0 
 14  11   2  11  10   2   720.386967178     607200000.0 
 14   6   2  11   7   2   720.386987053      29540000.0 
 14   8   2  11   7   2   720.386984661    1794000000.0 
 14  10   2  11   9   2   720.387107557    1214000000.0 
 14   3   2  12   2   2   1236.51918697     772600000.0 
 14   1   2  12   2   2   1236.51915945     368600000.0 
 14   2   2  12   3   2    1236.5192618     246700000.0 
 14   4   2  12   3   2   1236.51918462     965300000.0 
 14   2   2  12   1   2   1236.51931365     588900000.0 
 14   0   2  12   1   2   1236.51922455     726400000.0 
 14   3   2  12   4   2   1236.51929938     169900000.0 
 14   5   2  12   4   2   1236.51921851    1169000000.0 
 14   1   2  12   0   2   1236.51930391     394400000.0 
 14   4   2  12   5   2   1236.51930542     115300000.0 
 14   6   2  12   5   2   1236.51926029    1378000000.0 
 14   5   2  12   6   2   1236.51928546      75560000.0 
 14   7   2  12   6   2    1236.5192712    1579000000.0 
 14   6   2  12   7   2    1236.5192816      46860000.0 
 14   8   2  12   7   2   1236.51927455    1750000000.0 
 14   8   2  12   9   2   1236.51927573      13490000.0 
 14  10   2  12   9   2   1236.51926918    1837000000.0 
 14  12   2  12  11   2   1236.51927606    1062000000.0 
 14   7   2  12   8   2   1236.51929821      26780000.0 
 14   9   2  12   8   2   1236.51929301    1854000000.0 
 14  11   2  12  10   2   1236.51968194    1614000000.0 
 14   3   2  13   2   2   2794.88947939     611800000.0 
 14   1   2  13   2   2   2794.88933881     353800000.0 
 14   2   2  13   3   2   2794.88982656     253000000.0 
 14   4   2  13   3   2   2794.88943224     756900000.0 
 14   2   2  13   1   2   2794.89001857     476000000.0 
 14   0   2  13   1   2    2794.8895634     659200000.0 
 14   3   2  13   4   2   2794.88993799     188400000.0 
 14   5   2  13   4   2   2794.88952482     919000000.0 
 14   1   2  13   0   2   2794.88991313     328400000.0 
 14   4   2  13   5   2   2794.88993885     140200000.0 
 14   6   2  13   5   2   2794.88970826    1103000000.0 
 14   5   2  13   6   2   2794.88982141     102700000.0 
 14   7   2  13   6   2   2794.88974855    1314000000.0 
 14   6   2  13   7   2   2794.88979484      73090000.0 
 14   8   2  13   7   2   2794.88975884    1556000000.0 
 14  12   2  13  11   2   2794.88976227    2943000000.0 
 14  10   2  13  11   2   2794.88972969       8849000.0 
 14   9   2  13  10   2   2794.88975198      18350000.0 
 14  11   2  13  10   2   2794.88970998    2521000000.0 
 14  13   2  13  12   2   2794.88976312    3429000000.0 
 14   7   2  13   8   2   2794.88979055      49800000.0 
 14   9   2  13   8   2   2794.88976398    1834000000.0 
 14   8   2  13   9   2   2794.88981627      31800000.0 
 14  10   2  13   9   2   2794.88978284    2153000000.0 
 15   1   2   1   0   2   2.28833796357        1.99e+11 
 15   2   2   2   1   2   9.27760605067   47420000000.0 
 15   0   2   2   1   2   9.27760604664    7310000000.0 
 15   1   2   2   0   2   9.27760616785   29110000000.0 
 15   3   2   3   2   2    21.357822468   15680000000.0 
 15   1   2   3   2   2   21.3578224618     662100000.0 
 15   2   2   3   1   2   21.3578246341   17560000000.0 
 15   0   2   3   1   2   21.3578246127    4856000000.0 
 15   1   2   3   0   2   21.3578260501    9794000000.0 
 15   2   2   4   3   2   39.2411642625     125800000.0 
 15   4   2   4   3   2   39.2411641983    6165000000.0 
 15   3   2   4   2   2   39.2411655199    9664000000.0 
 15   1   2   4   2   2   39.2411654988     717100000.0 
 15   2   2   4   1   2    39.241168908    8227000000.0 
 15   0   2   4   1   2   39.2411688358    3245000000.0 
 15   1   2   4   0   2   39.2411707678    4597000000.0 
 15   2   2   5   3   2   64.0734637456     185800000.0 
 15   4   2   5   3   2   64.0734635744    5374000000.0 
 15   5   2   5   4   2   64.0734635289    2748000000.0 
 15   3   2   5   2   2   64.0734667213    5829000000.0 
 15   1   2   5   2   2   64.0734666649     642800000.0 
 15   2   2   5   1   2   64.0734734655    4533000000.0 
 15   0   2   5   1   2   64.0734732731    2288000000.0 
 15   1   2   5   0   2   64.0734765727    2583000000.0 
 15   6   2   6   5   2   97.6357542704    1367000000.0 
 15   3   2   6   4   2   97.6357555853      61400000.0 
 15   5   2   6   4   2   97.6357551711    3109000000.0 
 15   2   2   6   1   2   97.6357576283    2788000000.0 
 15   0   2   6   1   2   97.6357571817    1694000000.0 
 15   2   2   6   3   2   97.6357584516     205700000.0 
 15   4   2   6   3   2   97.6357580541    3968000000.0 
 15   1   2   6   0   2   97.6357601609    1625000000.0 
 15   3   2   6   2   2   97.6357630482    3716000000.0 
 15   1   2   6   2   2   97.6357629174     554000000.0 
 15   3   2   7   2   2   142.709073448    2506000000.0 
 15   1   2   7   2   2   142.709073168     476200000.0 
 15   2   2   7   3   2   142.709074579     207500000.0 
 15   4   2   7   3   2   142.709073729    2879000000.0 
 15   3   2   7   4   2   142.709077453      80530000.0 
 15   5   2   7   4   2   142.709076568    2716000000.0 
 15   7   2   7   6   2   142.709078376     757700000.0 
 15   2   2   7   1   2   142.709082821    1854000000.0 
 15   0   2   7   1   2   142.709081867    1307000000.0 
 15   6   2   7   5   2   142.709081701    1905000000.0 
 15   1   2   7   0   2    142.70908399    1106000000.0 
 15   3   2   8   2   2   203.761565715    1773000000.0 
 15   1   2   8   2   2   203.761565146     413300000.0 
 15   2   2   8   3   2   203.761569839     202000000.0 
 15   4   2   8   3   2   203.761568107    2120000000.0 
 15   3   2   8   4   2   203.761572636      92790000.0 
 15   5   2   8   4   2   203.761570832    2211000000.0 
 15   2   2   8   1   2   203.761575488    1307000000.0 
 15   0   2   8   1   2   203.761573543    1044000000.0 
 15   4   2   8   5   2   203.761574682      36650000.0 
 15   6   2   8   5   2   203.761573661    1920000000.0 
 15   8   2   8   7   2   203.761574172     471900000.0 
 15   1   2   8   0   2    203.76157901     797100000.0 
 15   7   2   8   6   2   203.761591439    1256000000.0 
 15   3   2   9   2   2   288.330573488    1305000000.0 
 15   1   2   9   2   2   288.330572348     363900000.0 
 15   2   2   9   3   2   288.330578542     194400000.0 
 15   4   2   9   3   2   288.330575075    1596000000.0 
 15   3   2   9   4   2   288.330585932     100900000.0 
 15   5   2   9   4   2   288.330582319    1768000000.0 
 15   2   2   9   1   2   288.330587437     965000000.0 
 15   0   2   9   1   2   288.330583542     859600000.0 
 15   4   2   9   5   2   288.330587802      47620000.0 
 15   6   2   9   5   2   288.330585758    1733000000.0 
 15   5   2   9   6   2   288.330587391      19150000.0 
 15   7   2   9   6   2    288.33058668    1434000000.0 
 15   8   2   9   7   2   288.330586844     906500000.0 
 15   9   2   9   8   2   288.330586844     335500000.0 
 15   1   2   9   0   2   288.330591488     601100000.0 
 15   3   2  10   2   2   410.070147337     993800000.0 
 15   1   2  10   2   2    410.07014503     325900000.0 
 15   2   2  10   3   2   410.070156914     187400000.0 
 15   4   2  10   3   2   410.070149902    1230000000.0 
 15   2   2  10   1   2   410.070168668     739500000.0 
 15   0   2  10   1   2   410.070160789     726800000.0 
 15   3   2  10   4   2    410.07016614     107000000.0 
 15   5   2  10   4   2   410.070158833    1415000000.0 
 15   4   2  10   5   2   410.070170532      57510000.0 
 15   6   2  10   5   2   410.070166399    1496000000.0 
 15   1   2  10   0   2   410.070173023     470300000.0 
 15   8   2  10   7   2   410.070167856    1156000000.0 
 15  10   2  10   9   2   410.070167856     279100000.0 
 15   5   2  10   6   2   410.070183818      27890000.0 
 15   7   2  10   6   2   410.070182379    1421000000.0 
 15   9   2  10   8   2   410.070226095     732600000.0 
 15   3   2  11   2   2    596.37605304     778600000.0 
 15   1   2  11   2   2   596.376048161     297400000.0 
 15   2   2  11   3   2   596.376071072     182200000.0 
 15   4   2  11   3   2    596.37605624     968700000.0 
 15   2   2  11   1   2   596.376088167     584700000.0 
 15   0   2  11   1   2   596.376071501     630300000.0 
 15   3   2  11   4   2   596.376084927     112800000.0 
 15   5   2  11   4   2   596.376069472    1141000000.0 
 15   1   2  11   0   2   596.376092226     379700000.0 
 15   4   2  11   5   2   596.376090704      67180000.0 
 15   6   2  11   5   2   596.376081961    1269000000.0 
 15   5   2  11   6   2   596.376088089      37420000.0 
 15   7   2  11   6   2   596.376085044    1316000000.0 
 15   9   2  11   8   2   596.376085591    1030000000.0 
 15  11   2  11  10   2   596.376084693     282200000.0 
 15   6   2  11   7   2   596.376097144      18830000.0 
 15   8   2  11   7   2   596.376095426    1246000000.0 
 15  10   2  11   9   2   596.376180667     681900000.0 
 15   3   2  12   2   2   911.266983775     624900000.0 
 15   1   2  12   2   2   911.266972384     277300000.0 
 15   2   2  12   3   2   911.267021592     180000000.0 
 15   4   2  12   3   2   911.266986964     777300000.0 
 15   2   2  12   1   2   911.267049751     474800000.0 
 15   0   2  12   1   2   911.267010839     560300000.0 
 15   3   2  12   4   2    911.26704483     119600000.0 
 15   5   2  12   4   2   911.267008744     928600000.0 
 15   1   2  12   0   2   911.267050844     315100000.0 
 15   4   2  12   5   2   911.267052575      77770000.0 
 15   6   2  12   5   2   911.267032163    1068000000.0 
 15   5   2  12   6   2   911.267045103      48450000.0 
 15   7   2  12   6   2   911.267037995    1176000000.0 
 15   6   2  12   7   2   911.267043736      28280000.0 
 15   8   2  12   7   2   911.267039727    1229000000.0 
 15  10   2  12   9   2    911.26703918    1045000000.0 
 15  12   2  12  11   2   911.267039362     368700000.0 
 15   7   2  12   8   2   911.267052667      15010000.0 
 15   9   2  12   8   2   911.267050297    1196000000.0 
 15  11   2  12  10   2   911.267263898     760500000.0 
 15   3   2  13   2   2   1546.91637232     510400000.0 
 15   1   2  13   2   2    1546.9163395     264700000.0 
 15   2   2  13   3   2   1546.91647054     181700000.0 
 15   4   2  13   3   2   1546.91637075     631700000.0 
 15   2   2  13   1   2   1546.91652936     393700000.0 
 15   0   2  13   1   2   1546.91641723     510300000.0 
 15   3   2  13   4   2   1546.91651281     129000000.0 
 15   5   2  13   4   2   1546.91640883     759700000.0 
 15   1   2  13   0   2   1546.91651544     267500000.0 
 15   4   2  13   5   2   1546.91652594      90910000.0 
 15   6   2  13   5   2   1546.91646712     892600000.0 
 15   5   2  13   6   2   1546.91649968      62450000.0 
 15   7   2  13   6   2    1546.9164792    1025000000.0 
 15   6   2  13   7   2   1546.91649364      41230000.0 
 15   8   2  13   7   2   1546.91648209    1147000000.0 
 15  12   2  13  11   2   1546.91647973    1077000000.0 
 15   9   2  13  10   2   1546.91648156       7433000.0 
 15  11   2  13  10   2   1546.91647552    1251000000.0 
 15  13   2  13  12   2   1546.91648235     694300000.0 
 15   7   2  13   8   2   1546.91649207      25690000.0 
 15   9   2  13   8   2   1546.91648524    1243000000.0 
 15   8   2  13   9   2   1546.91649968      14730000.0 
 15  10   2  13   9   2   1546.91649627    1289000000.0 
 15   3   2  14   2   2   3464.38554057     412200000.0 
 15   2   2  14   3   2   3464.38599232     185800000.0 
 15   4   2  14   3   2   3464.38549184     504400000.0 
 15   2   2  14   1   2   3464.38620832     324500000.0 
 15   0   2  14   1   2   3464.38564594     467800000.0 
 15   3   2  14   4   2   3464.38614642     141300000.0 
 15   5   2  14   4   2   3464.38562486     606000000.0 
 15   4   2  14   5   2   3464.38612667     107800000.0 
 15   6   2  14   5   2   3464.38583164     720100000.0 
 15   5   2  14   6   2   3464.38597916      81420000.0 
 15   7   2  14   6   2   3464.38587642     849300000.0 
 15   6   2  14   7   2   3464.38594359      60200000.0 
 15   8   2  14   7   2   3464.38588564     996000000.0 
 15   7   2  14   8   2   3464.38593174      43130000.0 
 15   9   2  14   8   2    3464.3858975    1163000000.0 
 15  14   2  14  13   2   3464.38590145    2416000000.0 
 15  13   2  14  12   2   3464.38590276    2097000000.0 
 15  11   2  14  12   2   3464.38586852       5315000.0 
 15   8   2  14   9   2   3464.38592647      29560000.0 
 15  10   2  14   9   2   3464.38590935    1353000000.0 
 15   9   2  14  10   2   3464.38594886      18960000.0 
 15  11   2  14  10   2   3464.38591857    1569000000.0 
 15  10   2  14  11   2   3464.38597389      10980000.0 
 15  12   2  14  11   2   3464.38597257    1816000000.0 
100	0	0	0 0	0	1.0	   1.0
# n,l,2,n,l,2,  Energy (Angstrom) Einstein A (s-1)
# File computed  using the RAP package (Witthoeft, 2011) using AUTOSTRUCTURE data 
# For the final state of H-like Ca