2	0	1	1	0	0	2.210121E+01	1.04000E+03
2	1	0	1	0	0	2.160200E+01	3.30900E+13
2	1	0	2	0	0	2.449720E+03	2.51400E+07
2	1	0	2	0	1	9.563795E+02	6.58645E+04
2	1	1	1	0	0	2.180560E+01	5.50974E+06
2	1	1	2	0	1	1.630287E+03	2.41321E+08
3	0	0	2	1	0	1.375102E+02	2.00800E+10
3	0	0	2	1	1	1.297958E+02	7.83047E+06
3	0	1	2	0	1	1.228230E+02	5.56000E-01
3	0	1	2	1	1	1.328302E+02	2.26383E+10
3	1	0	1	0	0	1.862700E+01	9.36500E+11
3	1	0	2	0	0	1.281772E+02	5.05500E+10
3	1	0	2	1	0	1.352541E+02	2.78691E+06
3	1	0	3	0	0	8.244023E+03	3.86400E+06
3	1	0	3	2	0	3.246753E+04	7.41000E+04
3	1	1	1	0	0	1.867180E+01	1.75693E+08
3	1	1	2	0	0	1.303288E+02	1.15861E+07
3	1	1	2	0	1	1.203326E+02	5.31500E+10
3	1	1	2	1	1	1.299222E+02	3.02419E+06
3	1	1	3	0	1	5.934718E+03	1.00300E+07
3	2	0	2	1	0	1.358199E+02	1.52300E+11
3	2	1	2	1	1	1.284614E+02	1.61198E+11
3	2	1	3	1	1	1.142509E+04	1.12700E+06
4	0	0	2	1	0	1.006138E+02	8.13100E+09
4	0	0	2	1	1	9.642075E+01	3.19966E+06
4	0	0	3	1	0	3.928501E+02	5.55500E+09
4	0	0	3	1	1	3.739296E+02	8.25664E+05
4	0	1	2	1	1	9.705335E+01	8.91392E+09
4	0	1	3	1	1	3.836268E+02	6.20700E+09
4	1	0	1	0	0	1.776799E+01	3.87600E+11
4	1	0	2	0	0	9.617974E+01	2.25000E+10
4	1	0	2	1	0	1.001102E+02	1.20102E+06
4	1	0	3	0	0	3.680801E+02	6.67100E+09
4	1	0	3	2	0	3.807638E+02	7.72000E+08
4	1	0	4	0	0	2.000000E+04	9.14000E+05
4	1	0	4	2	0	6.993007E+04	2.69700E+04
4	1	1	1	0	0	1.778537E+01	7.67901E+07
4	1	1	2	0	0	9.669123E+01	5.06396E+06
4	1	1	2	0	1	9.107800E+01	2.38000E+10
4	1	1	2	1	1	9.646726E+01	1.29368E+06
4	1	1	3	0	0	3.756856E+02	1.51834E+06
4	1	1	3	0	1	3.523857E+02	6.72600E+09
4	1	1	3	2	1	3.873307E+02	1.05300E+07
4	1	1	4	0	1	1.597444E+04	2.31800E+06
4	2	0	2	1	0	1.002537E+02	4.77200E+10
4	2	0	3	1	0	3.874167E+02	1.68900E+10
4	2	1	2	1	1	9.613107E+01	5.31533E+10
4	2	1	3	1	1	3.696102E+02	1.67700E+10
4	2	1	4	1	1	2.758367E+04	4.19000E+05
4	3	0	3	2	0	3.825994E+02	2.37700E+10
4	3	0	4	2	0	5.882353E+05	2.19440E+01
4	3	1	3	2	1	3.819895E+02	3.30689E+10
5	0	0	2	1	0	8.924850E+01	4.05700E+09
5	0	0	2	1	1	8.593361E+01	1.59815E+06
5	0	0	3	1	0	2.623859E+02	2.70800E+09
5	0	0	3	1	1	2.538084E+02	4.12398E+05
5	0	0	4	1	0	8.225850E+02	1.92500E+09
5	0	0	4	1	1	7.869803E+02	3.19254E+05
5	0	1	2	1	1	8.645799E+01	4.39500E+09
5	0	1	3	1	1	2.584380E+02	2.96700E+09
5	0	1	4	1	1	8.332639E+02	2.11400E+09
5	1	0	1	0	0	1.739599E+01	1.97000E+11
5	1	0	2	0	0	8.620169E+01	1.16500E+10
5	1	0	2	1	0	8.934562E+01	6.14845E+05
5	1	0	3	0	0	2.550825E+02	3.68400E+09
5	1	0	3	2	0	2.611102E+02	3.33100E+08
5	1	0	4	0	0	7.977663E+02	1.57300E+09
5	1	0	4	2	0	8.211529E+02	4.25200E+08
5	1	0	5	2	0	4.545455E+05	8.66000E+02
5	1	1	1	0	0	1.740511E+01	4.04106E+07
5	1	1	2	0	0	8.642594E+01	2.66489E+06
5	1	1	2	0	1	8.191350E+01	1.23400E+10
5	1	1	2	1	1	8.624696E+01	6.59898E+05
5	1	1	3	0	0	2.570562E+02	7.99023E+05
5	1	1	3	0	1	2.459299E+02	3.74900E+09
5	1	1	3	2	1	2.624553E+02	4.49400E+08
5	1	1	4	0	0	8.173941E+02	3.89688E+05
5	1	1	4	0	1	7.745933E+02	1.55900E+09
5	1	1	4	2	1	8.388230E+02	1.39100E+08
5	1	1	5	0	1	3.533569E+04	7.48000E+05
5	2	0	2	1	0	8.936319E+01	2.16700E+10
5	2	0	3	1	0	2.633797E+02	8.08700E+09
5	2	0	4	1	0	8.324315E+02	3.62500E+09
5	2	0	4	3	0	8.237911E+02	8.34800E+07
5	2	1	2	1	1	8.609331E+01	2.45967E+10
5	2	1	3	1	1	2.552066E+02	8.31000E+09
5	2	1	4	1	1	8.005807E+02	3.45400E+09
5	2	1	4	3	1	8.244068E+02	1.21063E+08
5	2	1	5	1	1	4.832474E+04	1.77000E+05
5	3	0	3	2	0	2.615405E+02	8.10300E+09
5	3	0	4	2	0	8.254230E+02	4.47700E+09
5	3	1	3	2	1	2.612485E+02	1.08938E+10
5	3	1	4	2	1	8.266193E+02	6.19842E+09
5	4	0	4	3	0	8.254488E+02	1.02032E+10
5	4	0	5	3	0	6.016164E+05	3.82278E+03
5	4	1	4	3	1	8.001950E+02	1.02032E+10
5	4	1	5	3	1	2.512849E+04	1.74966E+01
6	0	0	2	1	0	8.440284E+01	2.33600E+09
6	0	0	2	1	1	8.143214E+01	9.06325E+05
6	0	0	3	1	0	2.244945E+02	1.52700E+09
6	0	0	3	1	1	2.181856E+02	2.33875E+05
6	0	0	4	1	0	5.379372E+02	1.06000E+09
6	0	0	4	1	1	5.224789E+02	1.81052E+05
6	0	0	5	1	0	1.525663E+03	7.98300E+08
6	0	0	5	1	1	1.458677E+03	1.40160E+05
6	0	1	2	1	1	8.213514E+01	2.50800E+09
6	0	1	3	1	1	2.233067E+02	1.65900E+09
6	0	1	4	1	1	5.528388E+02	1.15100E+09
6	0	1	5	1	1	1.722815E+03	8.68600E+08
6	1	0	1	0	0	1.720001E+01	1.14600E+11
6	1	0	2	0	0	8.159469E+01	6.77000E+09
6	1	0	2	1	0	8.440606E+01	3.54793E+05
6	1	0	3	0	0	2.185649E+02	2.17900E+09
6	1	0	3	2	0	2.229754E+02	1.75200E+08
6	1	0	4	0	0	5.239717E+02	9.83700E+08
6	1	0	4	2	0	5.339598E+02	2.13000E+08
6	1	0	5	0	0	1.555645E+03	5.16500E+08
6	1	0	5	2	0	1.521607E+03	2.15000E+08
6	1	0	6	2	0	3.703704E+05	1.63000E+03
6	1	1	1	0	0	1.720658E+01	2.39161E+07
6	1	1	2	0	0	8.174276E+01	1.57716E+06
6	1	1	2	0	1	7.769464E+01	7.23300E+09
6	1	1	2	1	1	8.158263E+01	3.79961E+05
6	1	1	3	0	0	2.196306E+02	4.72884E+05
6	1	1	3	0	1	2.114567E+02	2.23900E+09
6	1	1	3	2	1	2.235599E+02	2.41500E+08
6	1	1	4	0	0	5.301384E+02	2.30628E+05
6	1	1	4	0	1	5.117969E+02	9.92600E+08
6	1	1	4	2	1	5.390700E+02	6.85900E+07
6	1	1	5	0	0	1.611291E+03	1.41287E+05
6	1	1	5	0	1	1.446759E+03	5.06300E+08
6	1	1	5	2	1	1.557131E+03	2.73800E+06
6	1	1	6	0	1	1.212789E+04	2.47564E+05
6	2	0	2	1	0	8.442530E+01	1.17700E+10
6	2	0	3	1	0	2.246535E+02	4.45200E+09
6	2	0	4	1	0	5.388512E+02	2.07500E+09
6	2	0	4	3	0	5.352173E+02	3.55300E+07
6	2	0	5	1	0	1.533037E+03	1.09900E+09
6	2	0	5	3	0	1.518372E+03	6.72300E+07
6	2	1	2	1	1	8.149354E+01	1.35372E+10
6	2	1	3	1	1	2.186270E+02	4.65700E+09
6	2	1	4	1	1	5.250171E+02	2.05600E+09
6	2	1	4	3	1	5.351600E+02	5.14446E+07
6	2	1	5	1	1	1.478634E+03	1.02500E+09
6	2	1	5	3	1	1.518142E+03	9.37280E+07
6	2	1	6	1	1	7.462687E+04	1.34983E+04
6	3	0	3	2	0	2.231794E+02	3.90600E+09
6	3	0	4	2	0	5.351314E+02	2.27800E+09
6	3	0	5	2	0	1.531159E+03	1.26900E+09
6	3	0	5	4	0	1.525465E+03	2.72764E+07
6	3	1	3	2	1	2.229717E+02	5.14702E+09
6	3	1	4	2	1	5.356626E+02	3.08668E+09
6	3	1	5	2	1	1.529036E+03	1.73465E+09
6	3	1	5	4	1	1.619946E+03	2.72764E+07
6	4	0	4	3	0	5.382618E+02	3.29245E+09
6	4	0	5	3	0	1.543133E+03	2.65188E+09
6	4	1	4	3	1	5.281863E+02	3.29245E+09
6	4	1	5	3	1	1.463333E+03	2.65188E+09
6	4	1	6	3	1	3.806429E+04	4.06374E-04
6	5	0	5	4	0	1.548258E+03	3.94494E+09
6	5	1	5	4	1	1.545281E+03	3.94494E+09
6	5	1	6	4	1	2.812371E+05	3.28084E-06
7	0	0	2	1	0	8.172191E+01	1.24490E+09
7	0	0	2	1	1	7.893381E+01	5.61064E+05
7	0	0	3	1	0	2.064780E+02	8.93098E+08
7	0	0	3	1	1	2.011291E+02	1.44781E+05
7	0	0	4	1	0	4.449129E+02	6.26168E+08
7	0	0	4	1	1	4.342858E+02	1.12081E+05
7	0	0	5	1	0	9.577341E+02	4.61698E+08
7	0	0	5	1	1	9.308984E+02	8.67667E+04
7	0	0	6	1	0	2.569828E+03	3.74567E+08
7	0	0	6	1	1	2.431131E+03	6.71697E+04
7	0	1	2	1	1	7.942552E+01	1.30931E+09
7	0	1	3	1	1	2.043527E+02	9.52314E+08
7	0	1	4	1	1	4.495999E+02	6.68075E+08
7	0	1	5	1	1	1.004218E+03	4.94904E+08
7	0	1	6	1	1	3.003906E+03	3.97802E+08
7	1	0	1	0	0	1.708601E+01	6.52200E+10
7	1	0	2	0	0	7.909140E+01	4.34384E+09
7	1	0	2	1	0	8.173013E+01	2.38582E+05
7	1	0	3	0	0	2.014829E+02	1.38000E+09
7	1	0	3	2	0	2.052250E+02	9.73249E+07
7	1	0	4	0	0	4.354642E+02	6.28100E+08
7	1	0	4	2	0	4.423409E+02	1.21000E+08
7	1	0	5	0	0	9.701954E+02	3.47324E+08
7	1	0	5	2	0	9.568462E+02	1.17000E+08
7	1	0	6	0	0	2.580997E+03	2.03417E+08
7	1	0	6	2	0	2.560164E+03	1.09000E+08
7	1	0	7	2	0	1.305339E+05	1.08260E+02
7	1	1	1	0	0	1.708850E+01	1.53492E+07
7	1	1	2	0	0	7.914461E+01	1.01221E+06
7	1	1	2	0	1	7.534376E+01	4.48934E+09
7	1	1	2	1	1	7.899449E+01	2.55176E+05
7	1	1	3	0	0	2.018286E+02	3.03493E+05
7	1	1	3	0	1	1.949052E+02	1.52832E+09
7	1	1	3	2	1	2.051420E+02	1.38000E+08
7	1	1	4	0	0	4.370820E+02	1.48016E+05
7	1	1	4	0	1	4.245383E+02	6.35399E+08
7	1	1	4	2	1	4.431354E+02	1.57000E+06
7	1	1	5	0	0	9.782628E+02	9.06767E+04
7	1	1	5	0	1	9.150805E+02	3.41410E+08
7	1	1	5	2	1	9.580318E+02	1.50000E+08
7	1	1	6	0	0	2.638891E+03	6.31546E+04
7	1	1	6	0	1	2.065883E+03	2.02150E+08
7	1	1	6	2	1	2.575992E+03	1.49205E+08
7	1	1	7	0	1	1.455602E+04	1.08892E+05
7	2	0	2	1	0	8.178133E+01	4.52574E+09
7	2	0	3	1	0	2.068578E+02	2.57071E+09
7	2	0	4	1	0	4.466800E+02	1.26724E+09
7	2	0	4	3	0	4.441801E+02	2.69560E+07
7	2	0	5	1	0	9.659604E+02	6.92004E+08
7	2	0	5	3	0	9.601175E+02	4.58575E+07
7	2	0	6	1	0	2.629924E+03	4.20000E+08
7	2	0	6	3	0	2.601869E+03	6.05315E+07
7	2	1	2	1	1	7.888419E+01	7.06122E+09
7	2	1	3	1	1	2.008072E+02	2.75921E+09
7	2	1	4	1	1	4.327880E+02	1.28170E+09
7	2	1	4	3	1	4.396571E+02	2.69560E+07
7	2	1	5	1	1	9.240436E+02	6.72268E+08
7	2	1	5	3	1	9.393199E+02	4.58575E+07
7	2	1	6	1	1	2.384927E+03	3.80650E+08
7	2	1	6	3	1	2.453988E+03	6.05315E+07
7	2	1	7	1	1	5.649718E+04	6.34222E+03
7	3	0	3	2	0	2.055898E+02	2.89496E+09
7	3	0	4	2	0	4.440389E+02	1.76039E+09
7	3	0	5	2	0	9.648272E+02	1.03878E+09
7	3	0	5	4	0	9.625632E+02	1.11550E+07
7	3	0	6	2	0	2.618109E+03	6.22170E+08
7	3	0	6	4	0	2.547622E+03	2.66276E+07
7	3	1	3	2	1	2.043400E+02	2.89496E+09
7	3	1	4	2	1	4.394103E+02	1.76039E+09
7	3	1	5	2	1	9.407890E+02	1.03878E+09
7	3	1	5	4	1	9.744353E+02	1.11550E+07
7	3	1	6	2	1	2.455007E+03	6.22170E+08
7	3	1	6	4	1	2.613289E+03	2.66276E+07
7	3	1	7	2	1	6.988714E+05	9.15544E-02
7	4	0	4	3	0	4.444883E+02	1.54899E+09
7	4	0	5	3	0	9.615589E+02	1.31469E+09
7	4	0	6	3	0	2.612481E+03	9.02663E+08
7	4	0	6	5	0	2.548234E+03	8.04445E+06
7	4	1	4	3	1	4.385704E+02	1.54899E+09
7	4	1	5	3	1	9.343735E+02	1.31469E+09
7	4	1	6	3	1	2.420512E+03	9.02663E+08
7	4	1	6	5	1	2.608863E+03	8.04445E+06
7	4	1	7	3	1	2.378162E+05	2.27917E-04
7	5	0	5	4	0	9.634501E+02	1.22008E+09
7	5	0	6	4	0	2.553844E+03	1.27660E+09
7	5	1	5	4	1	9.678671E+02	1.22008E+09
7	5	1	6	4	1	2.566578E+03	1.27660E+09
7	5	1	7	4	1	3.624043E+05	2.43318E-06
7	6	0	6	5	0	2.552444E+03	1.77667E+09
7	6	1	6	5	1	2.577189E+03	1.77667E+09
7	6	1	7	5	1	5.123940E+05	4.71029E-08
8	0	0	2	1	0	8.006440E+01	7.79196E+08
8	0	0	2	1	1	7.738641E+01	3.70339E+05
8	0	0	3	1	0	1.962148E+02	5.71682E+08
8	0	0	3	1	1	1.913782E+02	9.55650E+04
8	0	0	4	1	0	3.998472E+02	4.01834E+08
8	0	0	4	1	1	3.912432E+02	7.39809E+04
8	0	0	5	1	0	7.707396E+02	2.94325E+08
8	0	0	5	1	1	7.532644E+02	5.72717E+04
8	0	0	6	1	0	1.556529E+03	2.34658E+08
8	0	0	6	1	1	1.504540E+03	4.43364E+04
8	0	0	7	1	0	3.928423E+03	1.93293E+08
8	0	0	7	1	1	3.801485E+03	3.43227E+04
8	0	1	2	1	1	7.774481E+01	8.17012E+08
8	0	1	3	1	1	1.935852E+02	6.08148E+08
8	0	1	4	1	1	4.005795E+02	4.27556E+08
8	0	1	5	1	1	7.886538E+02	3.13902E+08
8	0	1	6	1	1	1.652665E+03	2.47771E+08
8	0	1	7	1	1	4.914405E+03	2.04507E+08
8	1	0	1	0	0	1.701351E+01	4.31128E+10
8	1	0	2	0	0	7.756135E+01	2.95349E+09
8	1	0	2	1	0	8.009734E+01	1.66603E+05
8	1	0	3	0	0	1.918422E+02	9.42638E+08
8	1	0	3	2	0	1.952317E+02	5.87278E+07
8	1	0	4	0	0	3.928009E+02	4.26903E+08
8	1	0	4	2	0	3.983875E+02	7.21436E+07
8	1	0	5	0	0	7.811651E+02	2.37471E+08
8	1	0	5	2	0	7.724878E+02	7.04139E+07
8	1	0	6	0	0	1.570189E+03	1.46235E+08
8	1	0	6	2	0	1.562454E+03	6.88493E+07
8	1	0	7	0	0	4.029208E+03	9.35137E+07
8	1	0	7	2	0	3.889845E+03	6.50955E+07
8	1	0	8	2	0	6.352238E+05	6.12210E+01
8	1	1	1	0	0	1.701317E+01	1.04530E+07
8	1	1	2	0	0	7.755425E+01	6.89329E+05
8	1	1	2	0	1	7.390109E+01	3.05487E+09
8	1	1	2	1	1	7.741010E+01	1.78034E+05
8	1	1	3	0	0	1.917987E+02	2.06684E+05
8	1	1	3	0	1	1.855356E+02	1.06969E+09
8	1	1	3	2	1	1.947885E+02	8.21370E+07
8	1	1	4	0	0	3.926188E+02	1.00801E+05
8	1	1	4	0	1	3.824677E+02	4.48004E+08
8	1	1	4	2	1	3.974963E+02	3.74000E+07
8	1	1	5	0	0	7.804450E+02	6.17523E+04
8	1	1	5	0	1	7.396997E+02	2.34891E+08
8	1	1	5	2	1	7.675147E+02	2.79000E+07
8	1	1	6	0	0	1.567282E+03	4.30093E+04
8	1	1	6	0	1	1.345615E+03	1.46210E+08
8	1	1	6	2	1	1.544879E+03	8.76744E+07
8	1	1	7	0	0	4.010123E+03	3.24692E+04
8	1	1	7	0	1	3.050640E+03	9.24365E+07
8	1	1	7	2	1	4.142502E+03	8.31428E+07
8	1	1	8	0	1	1.798026E+04	5.34582E+04
8	2	0	2	1	0	8.010744E+01	2.65257E+09
8	2	0	3	1	0	1.964735E+02	1.63872E+09
8	2	0	4	1	0	4.009230E+02	8.27242E+08
8	2	0	4	3	0	3.989079E+02	1.60844E+07
8	2	0	5	1	0	7.747466E+02	4.59955E+08
8	2	0	5	3	0	7.709835E+02	2.61038E+07
8	2	0	6	1	0	1.572959E+03	2.88332E+08
8	2	0	6	3	0	1.562880E+03	3.26643E+07
8	2	0	7	1	0	4.034787E+03	1.86121E+08
8	2	0	7	3	0	3.898794E+03	3.82092E+07
8	2	1	2	1	1	7.737416E+01	3.28825E+09
8	2	1	3	1	1	1.913033E+02	1.77823E+09
8	2	1	4	1	1	3.909304E+02	8.46947E+08
8	2	1	4	3	1	3.965264E+02	1.60844E+07
8	2	1	5	1	1	7.521059E+02	4.54438E+08
8	2	1	5	3	1	7.621951E+02	2.61038E+07
8	2	1	6	1	1	1.499925E+03	2.72202E+08
8	2	1	6	3	1	1.526951E+03	3.26643E+07
8	2	1	7	1	1	3.772161E+03	1.66669E+08
8	2	1	7	3	1	4.065551E+03	3.82092E+07
8	2	1	8	1	1	1.666667E+05	3.29671E+03
8	3	0	3	2	0	1.953207E+02	1.80810E+09
8	3	0	4	2	0	3.987583E+02	1.10580E+09
8	3	0	5	2	0	7.738831E+02	6.60413E+08
8	3	0	5	4	0	7.724258E+02	5.72823E+06
8	3	0	6	2	0	1.568173E+03	4.13893E+08
8	3	0	6	4	0	1.542608E+03	1.25599E+07
8	3	0	7	2	0	3.925483E+03	2.64082E+08
8	3	0	7	4	0	3.901572E+03	2.03116E+07
8	3	1	3	2	1	1.943266E+02	1.80810E+09
8	3	1	4	2	1	3.955777E+02	1.10580E+09
8	3	1	5	2	1	7.603935E+02	6.60413E+08
8	3	1	5	4	1	7.822239E+02	5.72823E+06
8	3	1	6	2	1	1.516296E+03	4.13893E+08
8	3	1	6	4	1	1.575224E+03	1.25599E+07
8	3	1	7	2	1	3.943189E+03	2.64082E+08
8	3	1	7	4	1	4.032810E+03	2.03116E+07
8	3	1	8	2	1	1.612418E+05	4.94328E-02
8	4	0	4	3	0	3.991000E+02	8.73723E+08
8	4	0	5	3	0	7.717015E+02	7.51830E+08
8	4	0	6	3	0	1.565833E+03	5.42566E+08
8	4	0	6	5	0	1.542523E+03	3.13150E+06
8	4	0	7	3	0	3.917223E+03	3.68388E+08
8	4	0	7	5	0	3.902604E+03	9.24737E+06
8	4	1	4	3	1	3.950399E+02	8.73723E+08
8	4	1	5	3	1	7.567216E+02	7.51830E+08
8	4	1	6	3	1	1.505140E+03	5.42566E+08
8	4	1	6	5	1	1.575888E+03	3.13150E+06
8	4	1	7	3	1	3.914522E+03	3.68388E+08
8	4	1	7	5	1	4.024230E+03	9.24737E+06
8	4	1	8	3	1	3.041333E+05	1.30183E-04
8	5	0	5	4	0	7.728684E+02	5.60806E+08
8	5	0	6	4	0	1.544374E+03	6.18276E+08
8	5	0	7	4	0	3.912889E+03	5.01709E+08
8	5	0	7	6	0	3.903002E+03	2.85400E+06
8	5	1	5	4	1	7.789023E+02	5.60806E+08
8	5	1	6	4	1	1.561811E+03	6.18276E+08
8	5	1	7	4	1	3.946053E+03	5.01709E+08
8	5	1	7	6	1	4.020799E+03	2.85400E+06
8	5	1	8	4	1	4.621768E+05	1.55268E-06
8	6	0	6	5	0	1.543720E+03	5.21798E+08
8	6	0	7	5	0	3.910275E+03	6.73010E+08
8	6	1	6	5	1	1.566760E+03	5.21798E+08
8	6	1	7	5	1	3.965236E+03	6.73010E+08
8	6	1	8	5	1	6.521448E+05	3.98399E-08
8	7	0	7	6	0	3.908551E+03	8.93358E+08
8	7	1	7	6	1	3.977973E+03	8.93358E+08
8	7	1	8	6	1	8.740456E+05	1.35552E-09
9	0	0	2	1	0	7.896108E+01	5.12385E+08
9	0	0	2	1	1	7.635518E+01	2.56722E+05
9	0	0	3	1	0	1.897181E+02	3.84711E+08
9	0	0	3	1	1	1.851928E+02	6.62466E+04
9	0	0	4	1	0	3.737651E+02	2.71866E+08
9	0	0	4	1	1	3.662364E+02	5.12842E+04
9	0	0	5	1	0	6.793584E+02	1.98542E+08
9	0	0	5	1	1	6.657448E+02	3.97013E+04
9	0	0	6	1	0	1.224025E+03	1.55961E+08
9	0	0	6	1	1	1.191644E+03	3.07344E+04
9	0	0	7	1	0	2.330583E+03	1.26800E+08
9	0	0	7	1	1	2.285312E+03	2.37928E+04
9	0	0	8	1	0	5.566122E+03	1.07672E+08
9	0	0	8	1	1	5.602960E+03	1.84190E+04
9	0	1	2	1	1	7.662521E+01	5.35853E+08
9	0	1	3	1	1	1.867894E+02	4.08495E+08
9	0	1	4	1	1	3.725333E+02	2.88703E+08
9	0	1	5	1	1	6.868492E+02	2.11126E+08
9	0	1	6	1	1	1.260996E+03	1.64247E+08
9	0	1	7	1	1	2.554776E+03	1.33416E+08
9	0	1	8	1	1	7.557227E+03	1.13583E+08
9	1	0	1	0	0	1.696279E+01	2.99249E+10
9	1	0	2	0	0	7.651827E+01	2.10163E+09
9	1	0	2	1	0	7.898542E+01	1.20329E+05
9	1	0	3	0	0	1.855847E+02	6.61595E+08
9	1	0	3	2	0	1.887549E+02	3.74086E+07
9	1	0	4	0	0	3.674344E+02	3.00977E+08
9	1	0	4	2	0	3.723182E+02	4.68593E+07
9	1	0	5	0	0	6.868628E+02	1.67984E+08
9	1	0	5	2	0	6.801451E+02	4.57700E+07
9	1	0	6	0	0	1.230585E+03	1.04405E+08
9	1	0	6	2	0	1.225829E+03	4.39458E+07
9	1	0	7	0	0	2.358805E+03	6.99952E+07
9	1	0	7	2	0	2.310347E+03	4.11025E+07
9	1	0	8	0	0	5.860994E+03	4.77156E+07
9	1	0	8	2	0	5.639202E+03	3.86608E+07
9	1	0	9	2	0	8.218523E+05	3.70280E+01
9	1	1	1	0	0	1.696497E+01	7.44863E+06
9	1	1	2	0	0	7.656264E+01	4.91203E+05
9	1	1	2	0	1	7.300016E+01	2.17530E+09
9	1	1	2	1	1	7.642215E+01	1.28505E+05
9	1	1	3	0	0	1.858460E+02	1.47279E+05
9	1	1	3	0	1	1.799597E+02	7.80872E+08
9	1	1	3	2	1	1.886517E+02	5.24451E+07
9	1	1	4	0	0	3.684598E+02	7.18288E+04
9	1	1	4	0	1	3.595053E+02	3.29166E+08
9	1	1	4	2	1	3.727523E+02	6.28588E+07
9	1	1	5	0	0	6.904550E+02	4.40035E+04
9	1	1	5	0	1	6.583712E+02	1.66640E+08
9	1	1	5	2	1	6.803153E+02	6.01529E+07
9	1	1	6	0	0	1.242163E+03	3.06476E+04
9	1	1	6	0	1	1.098714E+03	1.04593E+08
9	1	1	6	2	1	1.228049E+03	5.58237E+07
9	1	1	7	0	0	2.401716E+03	2.31369E+04
9	1	1	7	0	1	2.021018E+03	6.96290E+07
9	1	1	7	2	1	2.448580E+03	5.16651E+07
9	1	1	8	0	0	6.133279E+03	1.84455E+04
9	1	1	8	0	1	4.492029E+03	4.69768E+07
9	1	1	8	2	1	6.211180E+03	4.89446E+07
9	1	1	9	0	1	2.883812E+04	2.85413E+04
9	2	0	2	1	0	7.899301E+01	1.64413E+09
9	2	0	3	1	0	1.899026E+02	1.10142E+09
9	2	0	4	1	0	3.744816E+02	5.67558E+08
9	2	0	4	3	0	3.727230E+02	1.04539E+07
9	2	0	5	1	0	6.817293E+02	3.18932E+08
9	2	0	5	3	0	6.788139E+02	1.64606E+07
9	2	0	6	1	0	1.231743E+03	2.01241E+08
9	2	0	6	3	0	1.225554E+03	1.97821E+07
9	2	0	7	1	0	2.358725E+03	1.34170E+08
9	2	0	7	3	0	2.311589E+03	2.21671E+07
9	2	0	8	1	0	5.729377E+03	9.22809E+07
9	2	0	8	3	0	5.653774E+03	2.44638E+07
9	2	1	2	1	1	7.651279E+01	2.07321E+09
9	2	1	3	1	1	1.861227E+02	1.20592E+09
9	2	1	4	1	1	3.698909E+02	5.86226E+08
9	2	1	4	3	1	3.748969E+02	1.04539E+07
9	2	1	5	1	1	6.779201E+02	3.18457E+08
9	2	1	5	3	1	6.861063E+02	1.64606E+07
9	2	1	6	1	1	1.231224E+03	1.93466E+08
9	2	1	6	3	1	1.249375E+03	1.97821E+07
9	2	1	7	1	1	2.435460E+03	1.25004E+08
9	2	1	7	3	1	2.554480E+03	2.21671E+07
9	2	1	8	1	1	6.600660E+03	8.18848E+07
9	2	1	8	3	1	7.178847E+03	2.44638E+07
9	3	0	3	2	0	1.888194E+02	1.21193E+09
9	3	0	4	2	0	3.725689E+02	7.43387E+08
9	3	0	5	2	0	6.809821E+02	4.46036E+08
9	3	0	5	4	0	6.798535E+02	3.38275E+06
9	3	0	6	2	0	1.228551E+03	2.82436E+08
9	3	0	6	4	0	1.212805E+03	7.00941E+06
9	3	0	7	2	0	2.320034E+03	1.87993E+08
9	3	0	7	4	0	2.311661E+03	1.05842E+07
9	3	0	8	2	0	5.697268E+03	1.26580E+08
9	3	0	8	4	0	5.658367E+03	1.45385E+07
9	3	1	3	2	1	1.879939E+02	1.21193E+09
9	3	1	4	2	1	3.701927E+02	7.43387E+08
9	3	1	5	2	1	6.718371E+02	4.46036E+08
9	3	1	5	4	1	6.888219E+02	3.38275E+06
9	3	1	6	2	1	1.200697E+03	2.82436E+08
9	3	1	6	4	1	1.237351E+03	7.00941E+06
9	3	1	7	2	1	2.342198E+03	1.87993E+08
9	3	1	7	4	1	2.373529E+03	1.05842E+07
9	3	1	8	2	1	5.569496E+03	1.26580E+08
9	3	1	8	4	1	5.880293E+03	1.45385E+07
9	3	1	9	2	1	2.936905E+04	2.83726E-02
9	4	0	4	3	0	3.728535E+02	5.48963E+08
9	4	0	5	3	0	6.792468E+02	4.75047E+08
9	4	0	6	3	0	1.226966E+03	3.47127E+08
9	4	0	6	5	0	1.212607E+03	1.55837E+06
9	4	0	7	3	0	2.316617E+03	2.47088E+08
9	4	0	7	5	0	2.311497E+03	4.17495E+06
9	4	0	8	3	0	5.683950E+03	1.71240E+08
9	4	0	8	5	0	5.660102E+03	7.97923E+06
9	4	1	4	3	1	3.698143E+02	5.48963E+08
9	4	1	5	3	1	6.692724E+02	4.75047E+08
9	4	1	6	3	1	1.194658E+03	3.47127E+08
9	4	1	6	5	1	1.238800E+03	1.55837E+06
9	4	1	7	3	1	2.335744E+03	2.47088E+08
9	4	1	7	5	1	2.374367E+03	4.17495E+06
9	4	1	8	3	1	5.683171E+03	1.71240E+08
9	4	1	8	5	1	5.864882E+03	7.97923E+06
9	4	1	9	3	1	3.830631E+05	7.72959E-05
9	5	0	5	4	0	6.801209E+02	3.12328E+08
9	5	0	6	4	0	1.213656E+03	3.49075E+08
9	5	0	7	4	0	2.314755E+03	2.97910E+08
9	5	0	7	6	0	2.311292E+03	1.05286E+06
9	5	0	8	4	0	5.676943E+03	2.26459E+08
9	5	0	8	6	0	5.660788E+03	3.70495E+06
9	5	1	5	4	1	6.867723E+02	3.12328E+08
9	5	1	6	4	1	1.230753E+03	3.49075E+08
9	5	1	7	4	1	2.349369E+03	2.97910E+08
9	5	1	7	6	1	2.375662E+03	1.05286E+06
9	5	1	8	4	1	5.734203E+03	2.26459E+08
9	5	1	8	6	1	5.858399E+03	3.70495E+06
9	5	1	9	4	1	5.806933E+05	9.77547E-07
9	6	0	6	5	0	1.213185E+03	2.32000E+08
9	6	0	7	5	0	2.313597E+03	3.15272E+08
9	6	0	8	5	0	5.672712E+03	2.95232E+08
9	6	0	8	7	0	5.661032E+03	1.15936E+06
9	6	1	6	5	1	1.234297E+03	2.32000E+08
9	6	1	7	5	1	2.357881E+03	3.15272E+08
9	6	1	8	5	1	5.765313E+03	2.95232E+08
9	6	1	8	7	1	5.855706E+03	1.15936E+06
9	6	1	9	5	1	8.179144E+05	2.80740E-08
9	7	0	7	6	0	2.312812E+03	2.48276E+08
9	7	0	8	6	0	5.669918E+03	3.81071E+08
9	7	1	7	6	1	2.363667E+03	2.48276E+08
9	7	1	8	6	1	5.785993E+03	3.81071E+08
9	7	1	9	6	1	1.094738E+06	1.26794E-09
9	8	0	8	7	0	5.667952E+03	4.88253E+08
9	8	1	8	7	1	5.800609E+03	4.88253E+08
9	8	1	9	7	1	1.411169E+06	6.40542E-11
10	0	0	2	1	0	7.818659E+01	3.50450E+08
10	0	0	2	1	1	7.563073E+01	1.84975E+05
10	0	0	3	1	0	1.853078E+02	2.69270E+08
10	0	0	3	1	1	1.809880E+02	4.77322E+04
10	0	0	4	1	0	3.570246E+02	1.91601E+08
10	0	0	4	1	1	3.501489E+02	3.69515E+04
10	0	0	5	1	0	6.260064E+02	1.39899E+08
10	0	0	5	1	1	6.144289E+02	2.86057E+04
10	0	0	6	1	0	1.061089E+03	1.08958E+08
10	0	0	6	1	1	1.036669E+03	2.21449E+04
10	0	0	7	1	0	1.803336E+03	8.73709E+07
10	0	0	7	1	1	1.776112E+03	1.71433E+04
10	0	0	8	1	0	3.277518E+03	7.32378E+07
10	0	0	8	1	1	3.290256E+03	1.32713E+04
10	0	0	9	1	0	7.730777E+03	6.37382E+07
10	0	0	9	1	1	7.303124E+03	1.02739E+04
10	0	1	2	1	1	7.583972E+01	3.65665E+08
10	0	1	3	1	1	1.821895E+02	2.85490E+08
10	0	1	4	1	1	3.546739E+02	2.03162E+08
10	0	1	5	1	1	6.284993E+02	1.48467E+08
10	0	1	6	1	1	1.077364E+03	1.14556E+08
10	0	1	7	1	1	1.899004E+03	9.17108E+07
10	0	1	8	1	1	3.738433E+03	7.68458E+07
10	0	1	9	1	1	9.951065E+03	6.70787E+07
10	1	0	1	0	0	1.692651E+01	2.15866E+10
10	1	0	2	0	0	7.578562E+01	1.55011E+09
10	1	0	2	1	0	7.820500E+01	8.94716E+04
10	1	0	3	0	0	1.813330E+02	4.81225E+08
10	1	0	3	2	0	1.843584E+02	2.48497E+07
10	1	0	4	0	0	3.511339E+02	2.19593E+08
10	1	0	4	2	0	3.555914E+02	3.18513E+07
10	1	0	5	0	0	6.320168E+02	1.22738E+08
10	1	0	5	2	0	6.263246E+02	3.12741E+07
10	1	0	6	0	0	1.065004E+03	7.64744E+07
10	1	0	6	2	0	1.061440E+03	2.97473E+07
10	1	0	7	0	0	1.817240E+03	5.16605E+07
10	1	0	7	2	0	1.788342E+03	2.73769E+07
10	1	0	8	0	0	3.367444E+03	3.68406E+07
10	1	0	8	2	0	3.293030E+03	2.55291E+07
10	1	0	9	0	0	8.167324E+03	2.63651E+07
10	1	0	9	2	0	7.839547E+03	2.40271E+07
10	1	1	1	0	0	1.692677E+01	5.50088E+06
10	1	1	2	0	0	7.579088E+01	3.62758E+05
10	1	1	2	0	1	7.229822E+01	1.60546E+09
10	1	1	2	1	1	7.565320E+01	9.55073E+04
10	1	1	3	0	0	1.813631E+02	1.08767E+05
10	1	1	3	0	1	1.757531E+02	5.89272E+08
10	1	1	3	2	1	1.840342E+02	3.49179E+07
10	1	1	4	0	0	3.512469E+02	5.30462E+04
10	1	1	4	0	1	3.431003E+02	2.49843E+08
10	1	1	4	2	1	3.551456E+02	4.28169E+07
10	1	1	5	0	0	6.323830E+02	3.24970E+04
10	1	1	5	0	1	6.053635E+02	1.21949E+08
10	1	1	5	2	1	6.238666E+02	4.11097E+07
10	1	1	6	0	0	1.066045E+03	2.26335E+04
10	1	1	6	0	1	9.586307E+02	7.66786E+07
10	1	1	6	2	1	1.055632E+03	3.77867E+07
10	1	1	7	0	0	1.820271E+03	1.70868E+04
10	1	1	7	0	1	1.592864E+03	5.15022E+07
10	1	1	7	2	1	1.847063E+03	3.43019E+07
10	1	1	8	0	0	3.377866E+03	1.36222E+04
10	1	1	8	0	1	2.812018E+03	3.65068E+07
10	1	1	8	2	1	3.401361E+03	3.17731E+07
10	1	1	9	0	0	8.228902E+03	1.12909E+04
10	1	1	9	0	1	5.963871E+03	2.58758E+07
10	1	1	9	2	1	6.734007E+03	3.02082E+07
10	2	0	2	1	0	7.821083E+01	1.06348E+09
10	2	0	3	1	0	1.854440E+02	7.71260E+08
10	2	0	4	1	0	3.575306E+02	4.05051E+08
10	2	0	4	3	0	3.559272E+02	7.21654E+06
10	2	0	5	1	0	6.275638E+02	2.29481E+08
10	2	0	5	3	0	6.250924E+02	1.11340E+07
10	2	0	6	1	0	1.065571E+03	1.45217E+08
10	2	0	6	3	0	1.060936E+03	1.30270E+07
10	2	0	7	1	0	1.816321E+03	9.73709E+07
10	2	0	7	3	0	1.788242E+03	1.40876E+07
10	2	0	8	1	0	3.320662E+03	6.89597E+07
10	2	0	8	3	0	3.295124E+03	1.50073E+07
10	2	0	9	1	0	7.975183E+03	4.98257E+07
10	2	0	9	3	0	7.861865E+03	1.60453E+07
10	2	1	2	1	1	7.549899E+01	1.36372E+09
10	2	1	3	1	1	1.802354E+02	8.50987E+08
10	2	1	4	1	1	3.473428E+02	4.21294E+08
10	2	1	4	3	1	3.517535E+02	7.21654E+06
10	2	1	5	1	1	6.058403E+02	2.30883E+08
10	2	1	5	3	1	6.123699E+02	1.11340E+07
10	2	1	6	1	1	1.012453E+03	1.41150E+08
10	2	1	6	3	1	1.024695E+03	1.30270E+07
10	2	1	7	1	1	1.706193E+03	9.23225E+07
10	2	1	7	3	1	1.763764E+03	1.40876E+07
10	2	1	8	1	1	3.058104E+03	6.36036E+07
10	2	1	8	3	1	3.176639E+03	1.50073E+07
10	2	1	9	1	1	6.250000E+03	4.38954E+07
10	2	1	9	3	1	7.069608E+03	1.60453E+07
10	3	0	3	2	0	1.844066E+02	8.55010E+08
10	3	0	4	2	0	3.557707E+02	5.25364E+08
10	3	0	5	2	0	6.268811E+02	3.15929E+08
10	3	0	5	4	0	6.259245E+02	2.18808E+06
10	3	0	6	2	0	1.063039E+03	2.00779E+08
10	3	0	6	4	0	1.051230E+03	4.37192E+06
10	3	0	7	2	0	1.792887E+03	1.34823E+08
10	3	0	7	4	0	1.787882E+03	6.28615E+06
10	3	0	8	2	0	3.308472E+03	9.44546E+07
10	3	0	8	4	0	3.295316E+03	8.15835E+06
10	3	0	9	2	0	7.927631E+03	6.65041E+07
10	3	0	9	4	0	7.869054E+03	1.02709E+07
10	3	1	3	2	1	1.836975E+02	8.55010E+08
10	3	1	4	2	1	3.538940E+02	5.25364E+08
10	3	1	5	2	1	6.200149E+02	3.15929E+08
10	3	1	5	4	1	6.344524E+02	2.18808E+06
10	3	1	6	2	1	1.044651E+03	2.00779E+08
10	3	1	6	4	1	1.072287E+03	4.37192E+06
10	3	1	7	2	1	1.813704E+03	1.34823E+08
10	3	1	7	4	1	1.832434E+03	6.28615E+06
10	3	1	8	2	1	3.289929E+03	9.44546E+07
10	3	1	8	4	1	3.395955E+03	8.15835E+06
10	3	1	9	2	1	6.310824E+03	6.65041E+07
10	3	1	9	4	1	8.210320E+03	1.02709E+07
10	4	0	4	3	0	3.560209E+02	3.70627E+08
10	4	0	5	3	0	6.253815E+02	3.21647E+08
10	4	0	6	3	0	1.061769E+03	2.36186E+08
10	4	0	6	5	0	1.051000E+03	9.01616E+05
10	4	0	7	3	0	1.790609E+03	1.70014E+08
10	4	0	7	5	0	1.787549E+03	2.26620E+06
10	4	0	8	3	0	3.303173E+03	1.23225E+08
10	4	0	8	5	0	3.295105E+03	3.99535E+06
10	4	0	9	3	0	7.907840E+03	8.77720E+07
10	4	0	9	5	0	7.871843E+03	6.28992E+06
10	4	1	4	3	1	3.536114E+02	3.70627E+08
10	4	1	5	3	1	6.180230E+02	3.21647E+08
10	4	1	6	3	1	1.040623E+03	2.36186E+08
10	4	1	6	5	1	1.073957E+03	9.01616E+05
10	4	1	7	3	1	1.811489E+03	1.70014E+08
10	4	1	7	5	1	1.834635E+03	2.26620E+06
10	4	1	8	3	1	3.334879E+03	1.23225E+08
10	4	1	8	5	1	3.396633E+03	3.99535E+06
10	4	1	9	3	1	7.904303E+03	8.77720E+07
10	4	1	9	5	1	8.184596E+03	6.28992E+06
10	5	0	5	4	0	6.261034E+02	1.94938E+08
10	5	0	6	4	0	1.051734E+03	2.19093E+08
10	5	0	7	4	0	1.789342E+03	1.89380E+08
10	5	0	7	6	0	1.787272E+03	5.04770E+05
10	5	0	8	4	0	3.300279E+03	1.51102E+08
10	5	0	8	6	0	3.294813E+03	1.59595E+06
10	5	0	9	4	0	7.897418E+03	1.13364E+08
10	5	0	9	6	0	7.872998E+03	3.51565E+06
10	5	1	5	4	1	6.330480E+02	1.94938E+08
10	5	1	6	4	1	1.068281E+03	2.19093E+08
10	5	1	7	4	1	1.820769E+03	1.89380E+08
10	5	1	7	6	1	1.836522E+03	5.04770E+05
10	5	1	8	4	1	3.356105E+03	1.51102E+08
10	5	1	8	6	1	3.398270E+03	1.59595E+06
10	5	1	9	4	1	7.981202E+03	1.13364E+08
10	5	1	9	6	1	8.173293E+03	3.51565E+06
10	6	0	6	5	0	1.051343E+03	1.26400E+08
10	6	0	7	5	0	1.788541E+03	1.74126E+08
10	6	0	8	5	0	3.298478E+03	1.71558E+08
10	6	0	8	7	0	3.294526E+03	4.04807E+05
10	6	0	9	5	0	7.891125E+03	1.44449E+08
10	6	0	9	7	0	7.873451E+03	1.65349E+06
10	6	1	6	5	1	1.071218E+03	1.26400E+08
10	6	1	7	5	1	1.826655E+03	1.74126E+08
10	6	1	8	5	1	3.369382E+03	1.71558E+08
10	6	1	8	7	1	3.400055E+03	4.04807E+05
10	6	1	9	5	1	8.028138E+03	1.44449E+08
10	6	1	9	7	1	8.168213E+03	1.65349E+06
10	7	0	7	6	0	1.787991E+03	1.06220E+08
10	7	0	8	6	0	3.297258E+03	1.71768E+08
10	7	0	9	6	0	7.886970E+03	1.82323E+08
10	7	0	9	8	0	7.873579E+03	5.22436E+05
10	7	1	7	6	1	1.830706E+03	1.06220E+08
10	7	1	8	6	1	3.378410E+03	1.71768E+08
10	7	1	9	6	1	8.059350E+03	1.82323E+08
10	7	1	9	8	1	8.166105E+03	5.22436E+05
10	8	0	8	7	0	3.296380E+03	1.28304E+08
10	8	0	9	7	0	7.884048E+03	2.28513E+08
10	8	1	8	7	1	3.384921E+03	1.28304E+08
10	8	1	9	7	1	8.081408E+03	2.28513E+08
10	9	0	9	8	0	7.881893E+03	2.84850E+08
10	9	1	9	8	1	8.097722E+03	2.84850E+08
11	0	0	2	1	0	7.762059E+01	2.47518E+08
11	0	0	2	1	1	7.510101E+01	1.37512E+05
11	0	0	3	1	0	1.821597E+02	1.94559E+08
11	0	0	3	1	1	1.779838E+02	3.54845E+04
11	0	0	4	1	0	3.455200E+02	1.39505E+08
11	0	0	4	1	1	3.390763E+02	2.74701E+04
11	0	0	5	1	0	5.914749E+02	1.02015E+08
11	0	0	5	1	1	5.811288E+02	2.12657E+04
11	0	0	6	1	0	9.655410E+02	7.90877E+07
11	0	0	6	1	1	9.452789E+02	1.64627E+04
11	0	0	7	1	0	1.543713E+03	6.28688E+07
11	0	0	7	1	1	1.523719E+03	1.27445E+04
11	0	0	8	1	0	2.510229E+03	5.19468E+07
11	0	0	8	1	1	2.517694E+03	9.86602E+03
11	0	0	9	1	0	4.492076E+03	4.46410E+07
11	0	0	9	1	1	4.344259E+03	7.63770E+03
11	0	1	2	1	1	7.526639E+01	2.57739E+08
11	0	1	3	1	1	1.789155E+02	2.06022E+08
11	0	1	4	1	1	3.424737E+02	1.47746E+08
11	0	1	5	1	1	5.911800E+02	1.08102E+08
11	0	1	6	1	1	9.721648E+02	8.30489E+07
11	0	1	7	1	1	1.594814E+03	6.58930E+07
11	0	1	8	1	1	2.717892E+03	5.43843E+07
11	0	1	9	1	1	4.976803E+03	4.67352E+07
11	1	0	1	0	0	1.689965E+01	1.60645E+10
11	1	0	2	0	0	7.525005E+01	1.17701E+09
11	1	0	2	1	0	7.763482E+01	6.82036E+04
11	1	0	3	0	0	1.782967E+02	3.60418E+08
11	1	0	3	2	0	1.812209E+02	1.70726E+07
11	1	0	4	0	0	3.399247E+02	1.64847E+08
11	1	0	4	2	0	3.441005E+02	2.24331E+07
11	1	0	5	0	0	5.966060E+02	9.22090E+07
11	1	0	5	2	0	5.915312E+02	2.22034E+07
11	1	0	6	0	0	9.681713E+02	5.74979E+07
11	1	0	6	2	0	9.652250E+02	2.10423E+07
11	1	0	7	0	0	1.552321E+03	3.88968E+07
11	1	0	7	2	0	1.531185E+03	1.91755E+07
11	1	0	8	0	0	2.558377E+03	2.79148E+07
11	1	0	8	2	0	2.515196E+03	1.75918E+07
11	1	0	9	0	0	4.622123E+03	2.08628E+07
11	1	0	9	2	0	4.515283E+03	1.64474E+07
11	1	1	1	0	0	1.690008E+01	4.18163E+06
11	1	1	2	0	0	7.525861E+01	2.75759E+05
11	1	1	2	0	1	7.181372E+01	1.21974E+09
11	1	1	2	1	1	7.512286E+01	7.27795E+04
11	1	1	3	0	0	1.783448E+02	8.26817E+04
11	1	1	3	0	1	1.729172E+02	4.56788E+08
11	1	1	3	2	1	1.809271E+02	2.40403E+07
11	1	1	4	0	0	3.400996E+02	4.03243E+04
11	1	1	4	0	1	3.324561E+02	1.94690E+08
11	1	1	4	2	1	3.437534E+02	3.02236E+07
11	1	1	5	0	0	5.971448E+02	2.47034E+04
11	1	1	5	0	1	5.729951E+02	9.17056E+07
11	1	1	5	2	1	5.895454E+02	2.92104E+07
11	1	1	6	0	0	9.695911E+02	1.72054E+04
11	1	1	6	0	1	8.799176E+02	5.76764E+07
11	1	1	6	2	1	9.609697E+02	2.67487E+07
11	1	1	7	0	0	1.555974E+03	1.29890E+04
11	1	1	7	0	1	1.386740E+03	3.88172E+07
11	1	1	7	2	1	1.575509E+03	2.40129E+07
11	1	1	8	0	0	2.568314E+03	1.03552E+04
11	1	1	8	0	1	2.227508E+03	2.77259E+07
11	1	1	8	2	1	2.581874E+03	2.18112E+07
11	1	1	9	0	0	4.654661E+03	8.58305E+03
11	1	1	9	0	1	3.831537E+03	2.06112E+07
11	1	1	9	2	1	4.135384E+03	2.03109E+07
11	2	0	2	1	0	7.763938E+01	7.11465E+08
11	2	0	3	1	0	1.822632E+02	5.58025E+08
11	2	0	4	1	0	3.458925E+02	2.98415E+08
11	2	0	4	3	0	3.443916E+02	5.21018E+06
11	2	0	5	1	0	5.925674E+02	1.70272E+08
11	2	0	5	3	0	5.903635E+02	7.92365E+06
11	2	0	6	1	0	9.684558E+02	1.07981E+08
11	2	0	6	3	0	9.646256E+02	9.10160E+06
11	2	0	7	1	0	1.551177E+03	7.25334E+07
11	2	0	7	3	0	1.530651E+03	9.60723E+06
11	2	0	8	1	0	2.530026E+03	5.15641E+07
11	2	0	8	3	0	2.515174E+03	9.91275E+06
11	2	0	9	1	0	4.555870E+03	3.82753E+07
11	2	0	9	3	0	4.518664E+03	1.02897E+07
11	2	1	2	1	1	7.508841E+01	9.27776E+08
11	2	1	3	1	1	1.779131E+02	6.19985E+08
11	2	1	4	1	1	3.388196E+02	3.12187E+08
11	2	1	4	3	1	3.430152E+02	5.21018E+06
11	2	1	5	1	1	5.803754E+02	1.72326E+08
11	2	1	5	3	1	5.863649E+02	7.92365E+06
11	2	1	6	1	1	9.432869E+02	1.05765E+08
11	2	1	6	3	1	9.539046E+02	9.10160E+06
11	2	1	7	1	1	1.518550E+03	6.95030E+07
11	2	1	7	3	1	1.563986E+03	9.60723E+06
11	2	1	8	1	1	2.503613E+03	4.83748E+07
11	2	1	8	3	1	2.582505E+03	9.91275E+06
11	2	1	9	1	1	4.302504E+03	3.50217E+07
11	2	1	9	3	1	4.675664E+03	1.02897E+07
11	3	0	3	2	0	1.812579E+02	6.27198E+08
11	3	0	4	2	0	3.442339E+02	3.85812E+08
11	3	0	5	2	0	5.919257E+02	2.32298E+08
11	3	0	5	4	0	5.910728E+02	1.50819E+06
11	3	0	6	2	0	9.662758E+02	1.47864E+08
11	3	0	6	4	0	9.565085E+02	2.93996E+06
11	3	0	7	2	0	1.533832E+03	9.95618E+07
11	3	0	7	4	0	1.530167E+03	4.09278E+06
11	3	0	8	2	0	2.522344E+03	7.02758E+07
11	3	0	8	4	0	2.514690E+03	5.08660E+06
11	3	0	9	2	0	4.538372E+03	5.13683E+07
11	3	0	9	4	0	4.519113E+03	6.10456E+06
11	3	1	3	2	1	1.806323E+02	6.27198E+08
11	3	1	4	2	1	3.426907E+02	3.85812E+08
11	3	1	5	2	1	5.864266E+02	2.32298E+08
11	3	1	5	4	1	5.993260E+02	1.50819E+06
11	3	1	6	2	1	9.527107E+02	1.47864E+08
11	3	1	6	4	1	9.756429E+02	2.93996E+06
11	3	1	7	2	1	1.553430E+03	9.95618E+07
11	3	1	7	4	1	1.567151E+03	4.09278E+06
11	3	1	8	2	1	2.523108E+03	7.02758E+07
11	3	1	8	4	1	2.585004E+03	5.08660E+06
11	3	1	9	2	1	3.986660E+03	5.13683E+07
11	3	1	9	4	1	4.669045E+03	6.10456E+06
11	4	0	4	3	0	3.444616E+02	2.63468E+08
11	4	0	5	3	0	5.905692E+02	2.29034E+08
11	4	0	6	3	0	9.651750E+02	1.68582E+08
11	4	0	6	5	0	9.562677E+02	5.75339E+05
11	4	0	7	3	0	1.532035E+03	1.21854E+08
11	4	0	7	5	0	1.529794E+03	1.38776E+06
11	4	0	8	3	0	2.518913E+03	8.92079E+07
11	4	0	8	5	0	2.514218E+03	2.31362E+06
11	4	0	9	3	0	4.530745E+03	6.63070E+07
11	4	0	9	5	0	4.518905E+03	3.40210E+06
11	4	1	4	3	1	3.424706E+02	2.63468E+08
11	4	1	5	3	1	5.847754E+02	2.29034E+08
11	4	1	6	3	1	9.497052E+02	1.68582E+08
11	4	1	6	5	1	9.773917E+02	5.75339E+05
11	4	1	7	3	1	1.552729E+03	1.21854E+08
11	4	1	7	5	1	1.569703E+03	1.38776E+06
11	4	1	8	3	1	2.551955E+03	8.92079E+07
11	4	1	8	5	1	2.587960E+03	2.31362E+06
11	4	1	9	3	1	4.576472E+03	6.63070E+07
11	4	1	9	5	1	4.669051E+03	3.40210E+06
11	5	0	5	4	0	5.912003E+02	1.31217E+08
11	5	0	6	4	0	9.568425E+02	1.47895E+08
11	5	0	7	4	0	1.531022E+03	1.28484E+08
11	5	0	7	6	0	1.529506E+03	2.84396E+05
11	5	0	8	4	0	2.517000E+03	1.03729E+08
11	5	0	8	6	0	2.513819E+03	8.38803E+05
11	5	0	9	4	0	4.526578E+03	8.15243E+07
11	5	0	9	6	0	4.518545E+03	1.68770E+06
11	5	1	5	4	1	5.982996E+02	1.31217E+08
11	5	1	6	4	1	9.729258E+02	1.47895E+08
11	5	1	7	4	1	1.560152E+03	1.28484E+08
11	5	1	7	6	1	1.571704E+03	2.84396E+05
11	5	1	8	4	1	2.566017E+03	1.03729E+08
11	5	1	8	6	1	2.590593E+03	8.38803E+05
11	5	1	9	4	1	4.607468E+03	8.15243E+07
11	5	1	9	6	1	4.670840E+03	1.68770E+06
11	6	0	6	5	0	9.564949E+02	7.77354E+07
11	6	0	7	5	0	1.530376E+03	1.07683E+08
11	6	0	8	5	0	2.515790E+03	1.07476E+08
11	6	0	8	7	0	2.513490E+03	1.86418E+05
11	6	0	9	5	0	4.523985E+03	9.50604E+07
11	6	0	9	7	0	4.518170E+03	6.78867E+05
11	6	1	6	5	1	9.755297E+02	7.77354E+07
11	6	1	7	5	1	1.564906E+03	1.07683E+08
11	6	1	8	5	1	2.574946E+03	1.07476E+08
11	6	1	8	7	1	2.592823E+03	1.86418E+05
11	6	1	9	5	1	4.626864E+03	9.50604E+07
11	6	1	9	7	1	4.673050E+03	6.78867E+05
11	7	0	7	6	0	1.529928E+03	5.63008E+07
11	7	0	8	6	0	2.514959E+03	9.22907E+07
11	7	0	9	6	0	4.522228E+03	1.03097E+08
11	7	0	9	8	0	4.517823E+03	1.72715E+05
11	7	1	7	6	1	1.568203E+03	5.63008E+07
11	7	1	8	6	1	2.581095E+03	9.22907E+07
11	7	1	9	6	1	4.640054E+03	1.03097E+08
11	7	1	9	8	1	4.675243E+03	1.72715E+05
11	8	0	8	7	0	2.514355E+03	5.26831E+07
11	8	0	9	7	0	4.520966E+03	9.88545E+07
11	8	1	8	7	1	2.585576E+03	5.26831E+07
11	8	1	9	7	1	4.649563E+03	9.88545E+07
11	9	0	9	8	0	4.520017E+03	7.08240E+07
11	9	1	9	8	1	4.656721E+03	7.08240E+07
12	0	0	2	1	0	7.719367E+01	1.79562E+08
12	0	0	2	1	1	7.470128E+01	1.04901E+05
12	0	0	3	1	0	1.798257E+02	1.44322E+08
12	0	0	3	1	1	1.757550E+02	2.70694E+04
12	0	0	4	1	0	3.372181E+02	1.04319E+08
12	0	0	4	1	1	3.310776E+02	2.09556E+04
12	0	0	5	1	0	5.675562E+02	7.64788E+07
12	0	0	5	1	1	5.580233E+02	1.62226E+04
12	0	0	6	1	0	9.033914E+02	5.91604E+07
12	0	0	6	1	1	8.856299E+02	1.25586E+04
12	0	0	7	1	0	1.390743E+03	4.67819E+07
12	0	0	7	1	1	1.374495E+03	9.72213E+03
12	0	0	8	1	0	2.129376E+03	3.82891E+07
12	0	0	8	1	1	2.134746E+03	7.52631E+03
12	0	0	9	1	0	3.402920E+03	3.24254E+07
12	0	0	9	1	1	3.317411E+03	5.82643E+03
12	0	1	2	1	1	7.483460E+01	1.86632E+08
12	0	1	3	1	1	1.764947E+02	1.52665E+08
12	0	1	4	1	1	3.337125E+02	1.10373E+08
12	0	1	5	1	1	5.655498E+02	8.09478E+07
12	0	1	6	1	1	9.047391E+02	6.20641E+07
12	0	1	7	1	1	1.421078E+03	4.89792E+07
12	0	1	8	1	1	2.249258E+03	4.00309E+07
12	0	1	9	1	1	3.602422E+03	3.38744E+07
12	1	0	1	0	0	1.687919E+01	1.22666E+10
12	1	0	2	0	0	7.484603E+01	9.15393E+08
12	1	0	2	1	0	7.720487E+01	5.31134E+04
12	1	0	3	0	0	1.760451E+02	2.76592E+08
12	1	0	3	2	0	1.788953E+02	1.20597E+07
12	1	0	4	0	0	3.318333E+02	1.26743E+08
12	1	0	4	2	0	3.358115E+02	1.62598E+07
12	1	0	5	0	0	5.721212E+02	7.09301E+07
12	1	0	5	2	0	5.674528E+02	1.62495E+07
12	1	0	6	0	0	9.052983E+02	4.42403E+07
12	1	0	6	2	0	9.027216E+02	1.53976E+07
12	1	0	7	0	0	1.396784E+03	2.99290E+07
12	1	0	7	2	0	1.379649E+03	1.39579E+07
12	1	0	8	0	0	2.161666E+03	2.14920E+07
12	1	0	8	2	0	2.130758E+03	1.26660E+07
12	1	0	9	0	0	3.471209E+03	1.61488E+07
12	1	0	9	2	0	3.410602E+03	1.16531E+07
12	1	1	1	0	0	1.687951E+01	3.25557E+06
12	1	1	2	0	0	7.485245E+01	2.14690E+05
12	1	1	2	0	1	7.144379E+01	9.49120E+08
12	1	1	2	1	1	7.471816E+01	5.66617E+04
12	1	1	3	0	0	1.760806E+02	6.43712E+04
12	1	1	3	0	1	1.707879E+02	3.62029E+08
12	1	1	3	2	1	1.785973E+02	1.70132E+07
12	1	1	4	0	0	3.319594E+02	3.13942E+04
12	1	1	4	0	1	3.246735E+02	1.55042E+08
12	1	1	4	2	1	3.354395E+02	2.19563E+07
12	1	1	5	0	0	5.724960E+02	1.92326E+04
12	1	1	5	0	1	5.502618E+02	7.05884E+07
12	1	1	5	2	1	5.655074E+02	2.14022E+07
12	1	1	6	0	0	9.062371E+02	1.33951E+04
12	1	1	6	0	1	8.274232E+02	4.43883E+07
12	1	1	6	2	1	8.987012E+02	1.95934E+07
12	1	1	7	0	0	1.399021E+03	1.01125E+04
12	1	1	7	0	1	1.260689E+03	2.98842E+07
12	1	1	7	2	1	1.414794E+03	1.74845E+07
12	1	1	8	0	0	2.167027E+03	8.06198E+03
12	1	1	8	0	1	1.919263E+03	2.13707E+07
12	1	1	8	2	1	2.176672E+03	1.56891E+07
12	1	1	9	0	0	3.485052E+03	6.68227E+03
12	1	1	9	0	1	3.002163E+03	1.59925E+07
12	1	1	9	2	1	3.185557E+03	1.43286E+07
12	2	0	2	1	0	7.720849E+01	4.89135E+08
12	2	0	3	1	0	1.799062E+02	4.14678E+08
12	2	0	4	1	0	3.375012E+02	2.25676E+08
12	2	0	4	3	0	3.360720E+02	3.89454E+06
12	2	0	5	1	0	5.683585E+02	1.29614E+08
12	2	0	5	3	0	5.663307E+02	5.86062E+06
12	2	0	6	1	0	9.054258E+02	8.23634E+07
12	2	0	6	3	0	9.020770E+02	6.64343E+06
12	2	0	7	1	0	1.395571E+03	5.53793E+07
12	2	0	7	3	0	1.378934E+03	6.89481E+06
12	2	0	8	1	0	2.140714E+03	3.93839E+07
12	2	0	8	3	0	2.130071E+03	6.95778E+06
12	2	0	9	1	0	3.431966E+03	2.93046E+07
12	2	0	9	3	0	3.410810E+03	7.01503E+06
12	2	1	2	1	1	7.469010E+01	6.48803E+08
12	2	1	3	1	1	1.756931E+02	4.63659E+08
12	2	1	4	1	1	3.308580E+02	2.37283E+08
12	2	1	4	3	1	3.348576E+02	3.89454E+06
12	2	1	5	1	1	5.573998E+02	1.31814E+08
12	2	1	5	3	1	5.629222E+02	5.86062E+06
12	2	1	6	1	1	8.840605E+02	8.11433E+07
12	2	1	6	3	1	8.933802E+02	6.64343E+06
12	2	1	7	1	1	1.370719E+03	5.34554E+07
12	2	1	7	3	1	1.407631E+03	6.89481E+06
12	2	1	8	1	1	2.125650E+03	3.73275E+07
12	2	1	8	3	1	2.182251E+03	6.95778E+06
12	2	1	9	1	1	3.295498E+03	2.72616E+07
12	2	1	9	3	1	3.510067E+03	7.01503E+06
12	3	0	3	2	0	1.789244E+02	4.74479E+08
12	3	0	4	2	0	3.359139E+02	2.92090E+08
12	3	0	5	2	0	5.677452E+02	1.76002E+08
12	3	0	5	4	0	5.669605E+02	1.08937E+06
12	3	0	6	2	0	9.034619E+02	1.12117E+08
12	3	0	6	4	0	8.949175E+02	2.08653E+06
12	3	0	7	2	0	1.381379E+03	7.55671E+07
12	3	0	7	4	0	1.378406E+03	2.84063E+06
12	3	0	8	2	0	2.134886E+03	5.34429E+07
12	3	0	8	4	0	2.129401E+03	3.42883E+06
12	3	0	9	2	0	3.421193E+03	3.93130E+07
12	3	0	9	4	0	3.410237E+03	3.95782E+06
12	3	1	3	2	1	1.783604E+02	4.74479E+08
12	3	1	4	2	1	3.346049E+02	2.92090E+08
12	3	1	5	2	1	5.631394E+02	1.76002E+08
12	3	1	5	4	1	5.750242E+02	1.08937E+06
12	3	1	6	2	1	8.927354E+02	1.12117E+08
12	3	1	6	4	1	9.128407E+02	2.08653E+06
12	3	1	7	2	1	1.400065E+03	7.55671E+07
12	3	1	7	4	1	1.411200E+03	2.84063E+06
12	3	1	8	2	1	2.142003E+03	5.34429E+07
12	3	1	8	4	1	2.186448E+03	3.42883E+06
12	3	1	9	2	1	3.111845E+03	3.93130E+07
12	3	1	9	4	1	3.512559E+03	3.95782E+06
12	4	0	4	3	0	3.361259E+02	1.94727E+08
12	4	0	5	3	0	5.664837E+02	1.69458E+08
12	4	0	6	3	0	9.024653E+02	1.24898E+08
12	4	0	6	5	0	8.946732E+02	3.93010E+05
12	4	0	7	3	0	1.379842E+03	9.04500E+07
12	4	0	7	5	0	1.378023E+03	9.21690E+05
12	4	0	8	3	0	2.132237E+03	6.64452E+07
12	4	0	8	5	0	2.128872E+03	1.48101E+06
12	4	0	9	3	0	3.416368E+03	4.98304E+07
12	4	0	9	5	0	3.409632E+03	2.07193E+06
12	4	1	4	3	1	3.344281E+02	1.94727E+08
12	4	1	5	3	1	5.617095E+02	1.69458E+08
12	4	1	6	3	1	8.903295E+02	1.24898E+08
12	4	1	6	5	1	9.146181E+02	3.93010E+05
12	4	1	7	3	1	1.400072E+03	9.04500E+07
12	4	1	7	5	1	1.413858E+03	9.21690E+05
12	4	1	8	3	1	2.164138E+03	6.64452E+07
12	4	1	8	5	1	2.189976E+03	1.48101E+06
12	4	1	9	3	1	3.463441E+03	4.98304E+07
12	4	1	9	5	1	3.516204E+03	2.07193E+06
12	5	0	5	4	0	5.670555E+02	9.32084E+07
12	5	0	6	4	0	8.951542E+02	1.05229E+08
12	5	0	7	4	0	1.378968E+03	9.16438E+07
12	5	0	7	6	0	1.377738E+03	1.78020E+05
12	5	0	8	4	0	2.130741E+03	7.43185E+07
12	5	0	8	6	0	2.128461E+03	5.01950E+05
12	5	0	9	4	0	3.413677E+03	5.90450E+07
12	5	0	9	6	0	3.409106E+03	9.49599E+05
12	5	1	5	4	1	5.742403E+02	9.32084E+07
12	5	1	6	4	1	9.108669E+02	1.05229E+08
12	5	1	7	4	1	1.406488E+03	9.16438E+07
12	5	1	7	6	1	1.415870E+03	1.78020E+05
12	5	1	8	4	1	2.175158E+03	7.43185E+07
12	5	1	8	6	1	2.192792E+03	5.01950E+05
12	5	1	9	4	1	3.483513E+03	5.90450E+07
12	5	1	9	6	1	3.519616E+03	9.49599E+05
12	6	0	6	5	0	8.948344E+02	5.18048E+07
12	6	0	7	5	0	1.378406E+03	7.19646E+07
12	6	0	8	5	0	2.129786E+03	7.21963E+07
12	6	0	8	7	0	2.128137E+03	1.01914E+05
12	6	0	9	5	0	3.411975E+03	6.46381E+07
12	6	0	9	7	0	3.408666E+03	3.44620E+05
12	6	1	6	5	1	9.132631E+02	5.18048E+07
12	6	1	7	5	1	1.410623E+03	7.19646E+07
12	6	1	8	5	1	2.182224E+03	7.21963E+07
12	6	1	8	7	1	2.195049E+03	1.01914E+05
12	6	1	9	5	1	3.496263E+03	6.46381E+07
12	6	1	9	7	1	3.522570E+03	3.44620E+05
12	7	0	7	6	0	1.378015E+03	3.39370E+07
12	7	0	8	6	0	2.129124E+03	5.59396E+07
12	7	0	9	6	0	3.410806E+03	6.33110E+07
12	7	0	9	8	0	3.408300E+03	7.62990E+04
12	7	1	7	6	1	1.413505E+03	3.39370E+07
12	7	1	8	6	1	2.187126E+03	5.59396E+07
12	7	1	9	6	1	3.505043E+03	6.33110E+07
12	7	1	9	8	1	3.525085E+03	7.62990E+04
12	8	0	8	7	0	2.128640E+03	2.70766E+07
12	8	0	9	7	0	3.409957E+03	5.15018E+07
12	8	1	8	7	1	2.190722E+03	2.70766E+07
12	8	1	9	7	1	3.511440E+03	5.15018E+07
12	9	0	9	8	0	3.409313E+03	2.78807E+07
12	9	1	9	8	1	3.516300E+03	2.78807E+07
13	0	0	2	1	0	7.686329E+01	1.33250E+08
13	0	0	2	1	1	7.439185E+01	8.17776E+04
13	0	0	3	1	0	1.780430E+02	1.09455E+08
13	0	0	3	1	1	1.740516E+02	2.11025E+04
13	0	0	4	1	0	3.310029E+02	7.97655E+07
13	0	0	4	1	1	3.250846E+02	1.63363E+04
13	0	0	5	1	0	5.501694E+02	5.86632E+07
13	0	0	5	1	1	5.412070E+02	1.26466E+04
13	0	0	6	1	0	8.601248E+02	4.53472E+07
13	0	0	6	1	1	8.440086E+02	9.79030E+03
13	0	0	7	1	0	1.290786E+03	3.57494E+07
13	0	0	7	1	1	1.276777E+03	7.57908E+03
13	0	0	8	1	0	1.903662E+03	2.90813E+07
13	0	0	8	1	1	1.907953E+03	5.86728E+03
13	0	0	9	1	0	2.860842E+03	2.43833E+07
13	0	0	9	1	1	2.800163E+03	4.54211E+03
13	0	1	2	1	1	7.450104E+01	1.38261E+08
13	0	1	3	1	1	1.746505E+02	1.15677E+08
13	0	1	4	1	1	3.271802E+02	8.43257E+07
13	0	1	5	1	1	5.470400E+02	6.20329E+07
13	0	1	6	1	1	8.582807E+02	4.75360E+07
13	0	1	7	1	1	1.309723E+03	3.73969E+07
13	0	1	8	1	1	1.982475E+03	3.03744E+07
13	0	1	9	1	1	2.963666E+03	2.54404E+07
13	1	0	1	0	0	1.686323E+01	9.57107E+09
13	1	0	2	0	0	7.453338E+01	7.26407E+08
13	1	0	2	1	0	7.687224E+01	4.21315E+04
13	1	0	3	0	0	1.743252E+02	2.16673E+08
13	1	0	3	2	0	1.771195E+02	8.71997E+06
13	1	0	4	0	0	3.257747E+02	9.94448E+07
13	1	0	4	2	0	3.296081E+02	1.20688E+07
13	1	0	5	0	0	5.543462E+02	5.56726E+07
13	1	0	5	2	0	5.499623E+02	1.21903E+07
13	1	0	6	0	0	8.615835E+02	3.47263E+07
13	1	0	6	2	0	8.592494E+02	1.15752E+07
13	1	0	7	0	0	1.295378E+03	2.34854E+07
13	1	0	7	2	0	1.280627E+03	1.04688E+07
13	1	0	8	0	0	1.928077E+03	1.68555E+07
13	1	0	8	2	0	1.903450E+03	9.43636E+06
13	1	0	9	0	0	2.905884E+03	1.26645E+07
13	1	0	9	2	0	2.863290E+03	8.58348E+06
13	1	1	1	0	0	1.686349E+01	2.58593E+06
13	1	1	2	0	0	7.453830E+01	1.70530E+05
13	1	1	2	0	1	7.115756E+01	7.53532E+08
13	1	1	2	1	1	7.440514E+01	4.49366E+04
13	1	1	3	0	0	1.743521E+02	5.11306E+04
13	1	1	3	0	1	1.691612E+02	2.92320E+08
13	1	1	3	2	1	1.768192E+02	1.23215E+07
13	1	1	4	0	0	3.258686E+02	2.49367E+04
13	1	1	4	0	1	3.188449E+02	1.25741E+08
13	1	1	4	2	1	3.292216E+02	1.63341E+07
13	1	1	5	0	0	5.546184E+02	1.52766E+04
13	1	1	5	0	1	5.337258E+02	5.54296E+07
13	1	1	5	2	1	5.480570E+02	1.60772E+07
13	1	1	6	0	0	8.622412E+02	1.06399E+04
13	1	1	6	0	1	7.905915E+02	3.48473E+07
13	1	1	6	2	1	8.554165E+02	1.47463E+07
13	1	1	7	0	0	1.296865E+03	8.03241E+03
13	1	1	7	0	1	1.177133E+03	2.34579E+07
13	1	1	7	2	1	1.310408E+03	1.31223E+07
13	1	1	8	0	0	1.931374E+03	6.40371E+03
13	1	1	8	0	1	1.732088E+03	1.67711E+07
13	1	1	8	2	1	1.939032E+03	1.16885E+07
13	1	1	9	0	0	2.913379E+03	5.30778E+03
13	1	1	9	0	1	2.568070E+03	1.25571E+07
13	1	1	9	2	1	2.701088E+03	1.05407E+07
13	2	0	2	1	0	7.687517E+01	3.43959E+08
13	2	0	3	1	0	1.781067E+02	3.15088E+08
13	2	0	4	1	0	3.312233E+02	1.74439E+08
13	2	0	4	3	0	3.298468E+02	2.99297E+06
13	2	0	5	1	0	5.507788E+02	1.00811E+08
13	2	0	5	3	0	5.488743E+02	4.46808E+06
13	2	0	6	1	0	8.616152E+02	6.41902E+07
13	2	0	6	3	0	8.585822E+02	5.01532E+06
13	2	0	7	1	0	1.294145E+03	4.31954E+07
13	2	0	7	3	0	1.279827E+03	5.14147E+06
13	2	0	8	1	0	1.910979E+03	3.07140E+07
13	2	0	8	3	0	1.902493E+03	5.10742E+06
13	2	0	9	1	0	2.877398E+03	2.28397E+07
13	2	0	9	3	0	2.862512E+03	5.04425E+06
13	2	1	2	1	1	7.438195E+01	4.64248E+08
13	2	1	3	1	1	1.739974E+02	3.54406E+08
13	2	1	4	1	1	3.248957E+02	1.84237E+08
13	2	1	4	3	1	3.287515E+02	2.99297E+06
13	2	1	5	1	1	5.406835E+02	1.02948E+08
13	2	1	5	3	1	5.458781E+02	4.46808E+06
13	2	1	6	1	1	8.427362E+02	6.35353E+07
13	2	1	6	3	1	8.512008E+02	5.01532E+06
13	2	1	7	1	1	1.273868E+03	4.19252E+07
13	2	1	7	3	1	1.305688E+03	5.14147E+06
13	2	1	8	1	1	1.901463E+03	2.93165E+07
13	2	1	8	3	1	1.946627E+03	5.10742E+06
13	2	1	9	1	1	2.786207E+03	2.14597E+07
13	2	1	9	3	1	2.938053E+03	5.04425E+06
13	3	0	3	2	0	1.771427E+02	3.68036E+08
13	3	0	4	2	0	3.296885E+02	2.26687E+08
13	3	0	5	2	0	5.501863E+02	1.36660E+08
13	3	0	5	4	0	5.494493E+02	8.15618E+05
13	3	0	6	2	0	8.597962E+02	8.70921E+07
13	3	0	6	4	0	8.520543E+02	1.54201E+06
13	3	0	7	2	0	1.281842E+03	5.87213E+07
13	3	0	7	4	0	1.279282E+03	2.06581E+06
13	3	0	8	2	0	1.906135E+03	4.15484E+07
13	3	0	8	4	0	1.901761E+03	2.44318E+06
13	3	0	9	2	0	2.869371E+03	3.06016E+07
13	3	0	9	4	0	2.861661E+03	2.74572E+06
13	3	1	3	2	1	1.766254E+02	3.68036E+08
13	3	1	4	2	1	3.285505E+02	2.26687E+08
13	3	1	5	2	1	5.461997E+02	1.36660E+08
13	3	1	5	4	1	5.573732E+02	8.15618E+05
13	3	1	6	2	1	8.509006E+02	8.70921E+07
13	3	1	6	4	1	8.691464E+02	1.54201E+06
13	3	1	7	2	1	1.299840E+03	5.87213E+07
13	3	1	7	4	1	1.309432E+03	2.06581E+06
13	3	1	8	2	1	1.915982E+03	4.15484E+07
13	3	1	8	4	1	1.951465E+03	2.44318E+06
13	3	1	9	2	1	2.656568E+03	3.06016E+07
13	3	1	9	4	1	2.943207E+03	2.74572E+06
13	4	0	4	3	0	3.298892E+02	1.48381E+08
13	4	0	5	3	0	5.489918E+02	1.29220E+08
13	4	0	6	3	0	8.588699E+02	9.53186E+07
13	4	0	6	5	0	8.518094E+02	2.82191E+05
13	4	0	7	3	0	1.280466E+03	6.90979E+07
13	4	0	7	5	0	1.278900E+03	6.48598E+05
13	4	0	8	3	0	1.903907E+03	5.08328E+07
13	4	0	8	5	0	1.901223E+03	1.01595E+06
13	4	0	9	3	0	2.865712E+03	3.82282E+07
13	4	0	9	5	0	2.860971E+03	1.37459E+06
13	4	1	4	3	1	3.284049E+02	1.48381E+08
13	4	1	5	3	1	5.449229E+02	1.29220E+08
13	4	1	6	3	1	8.488807E+02	9.53186E+07
13	4	1	6	5	1	8.709323E+02	2.82191E+05
13	4	1	7	3	1	1.300236E+03	6.90979E+07
13	4	1	7	5	1	1.312118E+03	6.48598E+05
13	4	1	8	3	1	1.934535E+03	5.08328E+07
13	4	1	8	5	1	1.955155E+03	1.01595E+06
13	4	1	9	3	1	2.910594E+03	3.82282E+07
13	4	1	9	5	1	2.947767E+03	1.37459E+06
13	5	0	5	4	0	5.495224E+02	6.89336E+07
13	5	0	6	4	0	8.522301E+02	7.79047E+07
13	5	0	7	4	0	1.279678E+03	6.79421E+07
13	5	0	7	6	0	1.278619E+03	1.19894E+05
13	5	0	8	4	0	1.902637E+03	5.52138E+07
13	5	0	8	6	0	1.900819E+03	3.27783E+05
13	5	0	9	4	0	2.863644E+03	4.40381E+07
13	5	0	9	6	0	2.860427E+03	5.95434E+05
13	5	1	5	4	1	5.567551E+02	6.89336E+07
13	5	1	6	4	1	8.676445E+02	7.79047E+07
13	5	1	7	4	1	1.306026E+03	6.79421E+07
13	5	1	7	6	1	1.314112E+03	1.19894E+05
13	5	1	8	4	1	1.943909E+03	5.52138E+07
13	5	1	8	6	1	1.957981E+03	3.27783E+05
13	5	1	9	4	1	2.926054E+03	4.40381E+07
13	5	1	9	6	1	2.951485E+03	5.95434E+05
13	6	0	6	5	0	8.519293E+02	3.65508E+07
13	6	0	7	5	0	1.279170E+03	5.08571E+07
13	6	0	8	5	0	1.901820E+03	5.11506E+07
13	6	0	8	7	0	1.900506E+03	6.23469E+04
13	6	0	9	5	0	2.862323E+03	4.60108E+07
13	6	0	9	7	0	2.859995E+03	2.00923E+05
13	6	1	6	5	1	8.698997E+02	3.65508E+07
13	6	1	7	5	1	1.309775E+03	5.08571E+07
13	6	1	8	5	1	1.949959E+03	5.11506E+07
13	6	1	8	7	1	1.960193E+03	6.23469E+04
13	6	1	9	5	1	2.935971E+03	4.60108E+07
13	6	1	9	7	1	2.954500E+03	2.00923E+05
13	7	0	7	6	0	1.278815E+03	2.22830E+07
13	7	0	8	6	0	1.901253E+03	3.68327E+07
13	7	0	9	6	0	2.861409E+03	4.19038E+07
13	7	0	9	8	0	2.859645E+03	4.03905E+04
13	7	1	7	6	1	1.312398E+03	2.22830E+07
13	7	1	8	6	1	1.954179E+03	3.68327E+07
13	7	1	9	6	1	2.942854E+03	4.19038E+07
13	7	1	9	8	1	2.956969E+03	4.03905E+04
13	8	0	8	7	0	1.900835E+03	1.59417E+07
13	8	0	9	7	0	2.860741E+03	3.04900E+07
13	8	1	8	7	1	1.957287E+03	1.59417E+07
13	8	1	9	7	1	2.947902E+03	3.04900E+07
13	9	0	9	8	0	2.860231E+03	1.38682E+07
13	9	1	9	8	1	2.951758E+03	1.38682E+07
14	0	0	2	1	0	7.660214E+01	1.00825E+08
14	0	0	2	1	1	7.414720E+01	6.49394E+04
14	0	0	3	1	0	1.766480E+02	8.45975E+07
14	0	0	3	1	1	1.727183E+02	1.67574E+04
14	0	0	4	1	0	3.262137E+02	6.21569E+07
14	0	0	4	1	1	3.204640E+02	1.29726E+04
14	0	0	5	1	0	5.370640E+02	4.58747E+07
14	0	0	5	1	1	5.285201E+02	1.00427E+04
14	0	0	6	1	0	8.285172E+02	3.54709E+07
14	0	0	6	1	1	8.135534E+02	7.77444E+03
14	0	0	7	1	0	1.220888E+03	2.79171E+07
14	0	0	7	1	1	1.208349E+03	6.01852E+03
14	0	0	8	1	0	1.755443E+03	2.26211E+07
14	0	0	8	1	1	1.759090E+03	4.65919E+03
14	0	0	9	1	0	2.538709E+03	1.88412E+07
14	0	0	9	1	1	2.490811E+03	3.60688E+03
14	0	1	2	1	1	7.423786E+01	1.04453E+08
14	0	1	3	1	1	1.732110E+02	8.93362E+07
14	0	1	4	1	1	3.221644E+02	6.56648E+07
14	0	1	5	1	1	5.331612E+02	4.84722E+07
14	0	1	6	1	1	8.246025E+02	3.71588E+07
14	0	1	7	1	1	1.232885E+03	2.91836E+07
14	0	1	8	1	1	1.811576E+03	2.36090E+07
14	0	1	9	1	1	2.597366E+03	1.96402E+07
14	1	0	1	0	0	1.685055E+01	7.60656E+09
14	1	0	2	0	0	7.428627E+01	5.86406E+08
14	1	0	2	1	0	7.660940E+01	3.39601E+04
14	1	0	3	0	0	1.729793E+02	1.72749E+08
14	1	0	3	2	0	1.757303E+02	6.43230E+06
14	1	0	4	0	0	3.211059E+02	7.93963E+07
14	1	0	4	2	0	3.248295E+02	9.13964E+06
14	1	0	5	0	0	5.409622E+02	4.44611E+07
14	1	0	5	2	0	5.367866E+02	9.33596E+06
14	1	0	6	0	0	8.296793E+02	2.77332E+07
14	1	0	6	2	0	8.275146E+02	8.89589E+06
14	1	0	7	0	0	1.224580E+03	1.87493E+07
14	1	0	7	2	0	1.211389E+03	8.04261E+06
14	1	0	8	0	0	1.775307E+03	1.34465E+07
14	1	0	8	2	0	1.754407E+03	7.22129E+06
14	1	0	9	0	0	2.572276E+03	1.00928E+07
14	1	0	9	2	0	2.538844E+03	6.51973E+06
14	1	1	1	0	0	1.685075E+01	2.08940E+06
14	1	1	2	0	0	7.429012E+01	1.37786E+05
14	1	1	2	0	1	7.093134E+01	6.08574E+08
14	1	1	2	1	1	7.415784E+01	3.62150E+04
14	1	1	3	0	0	1.730002E+02	4.13129E+04
14	1	1	3	0	1	1.678883E+02	2.39807E+08
14	1	1	3	2	1	1.754290E+02	9.10104E+06
14	1	1	4	0	0	3.211778E+02	2.01485E+04
14	1	1	4	0	1	3.143527E+02	1.03574E+08
14	1	1	4	2	1	3.244345E+02	1.23976E+07
14	1	1	5	0	0	5.411665E+02	1.23433E+04
14	1	1	5	0	1	5.212569E+02	4.42822E+07
14	1	1	5	2	1	5.349177E+02	1.23304E+07
14	1	1	6	0	0	8.301600E+02	8.59690E+03
14	1	1	6	0	1	7.635368E+02	2.78322E+07
14	1	1	6	2	1	8.238318E+02	1.13466E+07
14	1	1	7	0	0	1.225627E+03	6.49009E+03
14	1	1	7	0	1	1.118143E+03	1.87312E+07
14	1	1	7	2	1	1.237716E+03	1.00893E+07
14	1	1	8	0	0	1.777510E+03	5.17411E+03
14	1	1	8	0	1	1.607313E+03	1.33844E+07
14	1	1	8	2	1	1.783994E+03	8.94818E+06
14	1	1	9	0	0	2.576902E+03	4.28862E+03
14	1	1	9	0	1	2.303000E+03	1.00142E+07
14	1	1	9	2	1	2.409407E+03	8.00431E+06
14	2	0	2	1	0	7.661180E+01	2.46506E+08
14	2	0	3	1	0	1.766994E+02	2.43967E+08
14	2	0	4	1	0	3.263889E+02	1.37360E+08
14	2	0	4	3	0	3.250521E+02	2.35292E+06
14	2	0	5	1	0	5.375392E+02	7.98594E+07
14	2	0	5	3	0	5.357250E+02	3.49085E+06
14	2	0	6	1	0	8.296487E+02	5.09538E+07
14	2	0	6	3	0	8.268361E+02	3.88903E+06
14	2	0	7	1	0	1.223347E+03	3.43165E+07
14	2	0	7	3	0	1.210545E+03	3.95018E+06
14	2	0	8	1	0	1.760530E+03	2.43969E+07
14	2	0	8	3	0	1.753326E+03	3.87897E+06
14	2	0	9	1	0	2.549363E+03	1.81254E+07
14	2	0	9	3	0	2.537671E+03	3.77479E+06
14	2	1	2	1	1	7.413843E+01	3.38724E+08
14	2	1	3	1	1	1.726707E+02	2.75959E+08
14	2	1	4	1	1	3.203003E+02	1.45670E+08
14	2	1	4	3	1	3.240472E+02	2.35292E+06
14	2	1	5	1	1	5.280751E+02	8.18491E+07
14	2	1	5	3	1	5.330292E+02	3.49085E+06
14	2	1	6	1	1	8.124995E+02	5.06313E+07
14	2	1	6	3	1	8.203648E+02	3.88903E+06
14	2	1	7	1	1	1.206025E+03	3.34538E+07
14	2	1	7	3	1	1.234508E+03	3.95018E+06
14	2	1	8	1	1	1.754171E+03	2.34103E+07
14	2	1	8	3	1	1.792539E+03	3.87897E+06
14	2	1	9	1	1	2.480959E+03	1.71472E+07
14	2	1	9	3	1	2.600642E+03	3.77479E+06
14	3	0	3	2	0	1.757492E+02	2.91455E+08
14	3	0	4	2	0	3.248940E+02	1.79590E+08
14	3	0	5	2	0	5.369625E+02	1.08304E+08
14	3	0	5	4	0	5.362606E+02	6.28269E+05
14	3	0	6	2	0	8.279329E+02	6.90378E+07
14	3	0	6	4	0	8.207518E+02	1.17608E+06
14	3	0	7	2	0	1.212286E+03	4.65534E+07
14	3	0	7	4	0	1.209995E+03	1.55675E+06
14	3	0	8	2	0	1.756288E+03	3.29386E+07
14	3	0	8	4	0	1.752574E+03	1.81394E+06
14	3	0	9	2	0	2.542786E+03	2.42602E+07
14	3	0	9	4	0	2.536729E+03	2.00040E+06
14	3	1	3	2	1	1.752681E+02	2.91455E+08
14	3	1	4	2	1	3.238846E+02	1.79590E+08
14	3	1	5	2	1	5.334244E+02	1.08304E+08
14	3	1	5	4	1	5.440763E+02	6.28269E+05
14	3	1	6	2	1	8.202954E+02	6.90378E+07
14	3	1	6	4	1	8.372392E+02	1.17608E+06
14	3	1	7	2	1	1.229750E+03	4.65534E+07
14	3	1	7	4	1	1.238333E+03	1.55675E+06
14	3	1	8	2	1	1.767493E+03	3.29386E+07
14	3	1	8	4	1	1.797646E+03	1.81394E+06
14	3	1	9	2	1	2.379405E+03	2.42602E+07
14	3	1	9	4	1	2.606793E+03	2.00040E+06
14	4	0	4	3	0	3.250862E+02	1.15884E+08
14	4	0	5	3	0	5.358176E+02	1.00972E+08
14	4	0	6	3	0	8.270568E+02	7.45217E+07
14	4	0	6	5	0	8.205077E+02	2.10471E+05
14	4	0	7	3	0	1.211018E+03	5.40527E+07
14	4	0	7	5	0	1.209617E+03	4.76557E+05
14	4	0	8	3	0	1.754318E+03	3.97912E+07
14	4	0	8	5	0	1.752040E+03	7.32805E+05
14	4	0	9	3	0	2.539750E+03	2.99546E+07
14	4	0	9	5	0	2.536025E+03	9.68564E+05
14	4	1	4	3	1	3.237622E+02	1.15884E+08
14	4	1	5	3	1	5.322584E+02	1.00972E+08
14	4	1	6	3	1	8.185404E+02	7.45217E+07
14	4	1	6	5	1	8.390249E+02	2.10471E+05
14	4	1	7	3	1	1.230382E+03	5.40527E+07
14	4	1	7	5	1	1.241016E+03	4.76557E+05
14	4	1	8	3	1	1.783851E+03	3.97912E+07
14	4	1	8	5	1	1.801369E+03	7.32805E+05
14	4	1	9	3	1	2.582396E+03	2.99546E+07
14	4	1	9	5	1	2.611616E+03	9.68564E+05
14	5	0	5	4	0	5.363182E+02	5.26062E+07
14	5	0	6	4	0	8.208868E+02	5.94946E+07
14	5	0	7	4	0	1.210289E+03	5.19310E+07
14	5	0	7	6	0	1.209341E+03	8.51846E+04
14	5	0	8	4	0	1.753190E+03	4.22501E+07
14	5	0	8	6	0	1.751646E+03	2.27772E+05
14	5	0	9	4	0	2.538019E+03	3.37569E+07
14	5	0	9	6	0	2.535492E+03	4.02264E+05
14	5	1	5	4	1	5.435769E+02	5.26062E+07
14	5	1	6	4	1	8.360573E+02	5.94946E+07
14	5	1	7	4	1	1.235749E+03	5.19310E+07
14	5	1	7	6	1	1.242985E+03	8.51846E+04
14	5	1	8	4	1	1.792206E+03	4.22501E+07
14	5	1	8	6	1	1.804160E+03	2.27772E+05
14	5	1	9	4	1	2.595369E+03	3.37569E+07
14	5	1	9	6	1	2.615357E+03	4.02264E+05
14	6	0	6	5	0	8.205999E+02	2.69099E+07
14	6	0	7	5	0	1.209817E+03	3.74812E+07
14	6	0	8	5	0	1.752460E+03	3.77516E+07
14	6	0	8	7	0	1.751344E+03	4.12520E+04
14	6	0	9	5	0	2.536906E+03	3.40345E+07
14	6	0	9	7	0	2.535077E+03	1.28612E+05
14	6	1	6	5	1	8.382111E+02	2.69099E+07
14	6	1	7	5	1	1.239236E+03	3.74812E+07
14	6	1	8	5	1	1.797622E+03	3.77516E+07
14	6	1	8	7	1	1.806316E+03	4.12520E+04
14	6	1	9	5	1	2.603747E+03	3.40345E+07
14	6	1	9	7	1	2.618310E+03	1.28612E+05
14	7	0	7	6	0	1.209487E+03	1.55478E+07
14	7	0	8	6	0	1.751951E+03	2.57412E+07
14	7	0	9	6	0	2.536132E+03	2.93610E+07
14	7	0	9	8	0	2.534746E+03	2.40910E+04
14	7	1	7	6	1	1.241682E+03	1.55478E+07
14	7	1	8	6	1	1.801415E+03	2.57412E+07
14	7	1	9	6	1	2.609594E+03	2.93610E+07
14	7	1	9	8	1	2.620687E+03	2.40910E+04
14	8	0	8	7	0	1.751576E+03	1.02781E+07
14	8	0	9	7	0	2.535563E+03	1.97128E+07
14	8	1	8	7	1	1.804217E+03	1.02781E+07
14	8	1	9	7	1	2.613900E+03	1.97128E+07
14	9	0	9	8	0	2.535128E+03	7.95731E+06
14	9	1	9	8	1	2.617202E+03	7.95731E+06
15	0	0	2	1	0	7.639200E+01	7.75902E+07
15	0	0	2	1	1	7.395029E+01	5.23953E+04
15	0	0	3	1	0	1.755345E+02	6.64648E+07
15	0	0	3	1	1	1.716536E+02	1.35205E+04
15	0	0	4	1	0	3.224364E+02	4.92317E+07
15	0	0	4	1	1	3.168180E+02	1.04668E+04
15	0	0	5	1	0	5.269019E+02	3.64715E+07
15	0	0	5	1	1	5.186758E+02	8.10276E+03
15	0	0	6	1	0	8.045787E+02	2.82254E+07
15	0	0	6	1	1	7.904598E+02	6.27269E+03
15	0	0	7	1	0	1.169609E+03	2.21985E+07
15	0	0	7	1	1	1.158096E+03	4.85595E+03
15	0	0	8	1	0	1.651343E+03	1.79427E+07
15	0	0	8	1	1	1.654570E+03	3.75920E+03
15	0	0	9	1	0	2.326599E+03	1.48779E+07
15	0	0	9	1	1	2.286307E+03	2.91015E+03
15	0	1	2	1	1	7.402646E+01	8.02640E+07
15	0	1	3	1	1	1.720646E+02	7.01391E+07
15	0	1	4	1	1	3.182208E+02	5.19791E+07
15	0	1	5	1	1	5.224463E+02	3.85114E+07
15	0	1	6	1	1	7.992504E+02	2.95523E+07
15	0	1	7	1	1	1.177063E+03	2.31923E+07
15	0	1	8	1	1	1.693560E+03	1.87147E+07
15	0	1	9	1	1	2.361430E+03	1.54980E+07
15	1	0	1	0	0	1.684030E+01	6.14189E+09
15	1	0	2	0	0	7.408744E+01	4.80435E+08
15	1	0	2	1	0	7.639796E+01	2.77603E+04
15	1	0	3	0	0	1.719051E+02	1.39842E+08
15	1	0	3	2	0	1.746217E+02	4.82761E+06
15	1	0	4	0	0	3.174236E+02	6.43537E+07
15	1	0	4	2	0	3.210619E+02	7.04156E+06
15	1	0	5	0	0	5.305928E+02	3.60457E+07
15	1	0	5	2	0	5.265751E+02	7.27649E+06
15	1	0	6	0	0	8.055348E+02	2.24835E+07
15	1	0	6	2	0	8.034941E+02	6.96421E+06
15	1	0	7	0	0	1.172700E+03	1.51953E+07
15	1	0	7	2	0	1.160598E+03	6.30201E+06
15	1	0	8	0	0	1.668310E+03	1.08902E+07
15	1	0	8	2	0	1.649839E+03	5.64701E+06
15	1	0	9	0	0	2.353566E+03	8.16517E+06
15	1	0	9	2	0	2.325547E+03	5.07396E+06
15	1	1	1	0	0	1.684046E+01	1.71324E+06
15	1	1	2	0	0	7.409051E+01	1.12980E+05
15	1	1	2	0	1	7.074935E+01	4.98803E+08
15	1	1	2	1	1	7.395894E+01	2.95995E+04
15	1	1	3	0	0	1.719216E+02	3.38752E+04
15	1	1	3	0	1	1.668723E+02	1.99434E+08
15	1	1	3	2	1	1.743199E+02	6.83760E+06
15	1	1	4	0	0	3.174800E+02	1.65211E+04
15	1	1	4	0	1	3.108095E+02	8.64643E+07
15	1	1	4	2	1	3.206617E+02	9.57286E+06
15	1	1	5	0	0	5.307503E+02	1.01211E+04
15	1	1	5	0	1	5.115861E+02	3.59104E+07
15	1	1	5	2	1	5.247383E+02	9.62472E+06
15	1	1	6	0	0	8.058978E+02	7.04916E+03
15	1	1	6	0	1	7.429643E+02	2.25652E+07
15	1	1	6	2	1	7.999328E+02	8.89378E+06
15	1	1	7	0	0	1.173469E+03	5.32165E+03
15	1	1	7	0	1	1.074570E+03	1.51827E+07
15	1	1	7	2	1	1.184546E+03	7.91272E+06
15	1	1	8	0	0	1.669867E+03	4.24260E+03
15	1	1	8	0	1	1.518784E+03	1.08426E+07
15	1	1	8	2	1	1.675589E+03	7.00134E+06
15	1	1	9	0	0	2.356668E+03	3.51652E+03
15	1	1	9	0	1	2.125483E+03	8.10520E+06
15	1	1	9	2	1	2.215796E+03	6.23040E+06
15	2	0	2	1	0	7.639995E+01	1.79544E+08
15	2	0	3	1	0	1.755765E+02	1.91974E+08
15	2	0	4	1	0	3.225781E+02	1.09900E+08
15	2	0	4	3	0	3.212723E+02	1.88513E+06
15	2	0	5	1	0	5.272804E+02	6.42684E+07
15	2	0	5	3	0	5.255346E+02	2.78311E+06
15	2	0	6	1	0	8.054615E+02	4.10916E+07
15	2	0	6	3	0	8.028103E+02	3.08232E+06
15	2	0	7	1	0	1.171476E+03	2.76983E+07
15	2	0	7	3	0	1.159731E+03	3.10853E+06
15	2	0	8	1	0	1.655066E+03	1.96910E+07
15	2	0	8	3	0	1.648697E+03	3.02590E+06
15	2	0	9	1	0	2.333996E+03	1.46178E+07
15	2	0	9	3	0	2.324192E+03	2.91263E+06
15	2	1	2	1	1	7.394251E+01	2.51319E+08
15	2	1	3	1	1	1.716117E+02	2.18319E+08
15	2	1	4	1	1	3.166753E+02	1.16991E+08
15	2	1	4	3	1	3.203374E+02	1.88513E+06
15	2	1	5	1	1	5.182936E+02	6.60854E+07
15	2	1	5	3	1	5.230649E+02	2.78311E+06
15	2	1	6	1	1	7.895723E+02	4.09692E+07
15	2	1	6	3	1	7.969979E+02	3.08232E+06
15	2	1	7	1	1	1.156192E+03	2.71003E+07
15	2	1	7	3	1	1.182344E+03	3.10853E+06
15	2	1	8	1	1	1.650687E+03	1.89740E+07
15	2	1	8	3	1	1.684617E+03	3.02590E+06
15	2	1	9	1	1	2.278899E+03	1.38998E+07
15	2	1	9	3	1	2.379485E+03	2.91263E+06
15	3	0	3	2	0	1.746372E+02	2.34885E+08
15	3	0	4	2	0	3.211143E+02	1.44778E+08
15	3	0	5	2	0	5.267162E+02	8.73316E+07
15	3	0	5	4	0	5.260408E+02	4.95264E+05
15	3	0	6	2	0	8.038227E+02	5.56766E+07
15	3	0	6	4	0	7.970520E+02	9.19948E+05
15	3	0	7	2	0	1.161283E+03	3.75437E+07
15	3	0	7	4	0	1.159182E+03	1.20649E+06
15	3	0	8	2	0	1.651225E+03	2.65593E+07
15	3	0	8	4	0	1.647942E+03	1.39014E+06
15	3	0	9	2	0	2.328301E+03	1.95551E+07
15	3	0	9	4	0	2.323222E+03	1.51190E+06
15	3	1	3	2	1	1.741846E+02	2.34885E+08
15	3	1	4	2	1	3.202040E+02	1.44778E+08
15	3	1	5	2	1	5.235139E+02	8.73316E+07
15	3	1	5	4	1	5.337698E+02	4.95264E+05
15	3	1	6	2	1	7.970908E+02	5.56766E+07
15	3	1	6	4	1	8.130803E+02	9.19948E+05
15	3	1	7	2	1	1.178325E+03	3.75437E+07
15	3	1	7	4	1	1.186203E+03	1.20649E+06
15	3	1	8	2	1	1.663168E+03	2.65593E+07
15	3	1	8	4	1	1.689839E+03	1.39014E+06
15	3	1	9	2	1	2.194127E+03	1.95551E+07
15	3	1	9	4	1	2.386053E+03	1.51190E+06
15	4	0	4	3	0	3.213001E+02	9.23622E+07
15	4	0	5	3	0	5.256091E+02	8.05079E+07
15	4	0	6	3	0	8.029841E+02	5.94406E+07
15	4	0	6	5	0	7.968093E+02	1.61746E+05
15	4	0	7	3	0	1.160093E+03	4.31290E+07
15	4	0	7	5	0	1.158808E+03	3.62046E+05
15	4	0	8	3	0	1.649430E+03	3.17601E+07
15	4	0	8	5	0	1.647416E+03	5.49051E+05
15	4	0	9	3	0	2.325649E+03	2.39176E+07
15	4	0	9	5	0	2.322526E+03	7.13394E+05
15	4	1	4	3	1	3.200994E+02	9.23622E+07
15	4	1	5	3	1	5.224308E+02	8.05079E+07
15	4	1	6	3	1	7.955265E+02	5.94406E+07
15	4	1	6	5	1	8.148617E+02	1.61746E+05
15	4	1	7	3	1	1.179109E+03	4.31290E+07
15	4	1	7	5	1	1.188871E+03	3.62046E+05
15	4	1	8	3	1	1.678057E+03	3.17601E+07
15	4	1	8	5	1	1.693550E+03	5.49051E+05
15	4	1	9	3	1	2.366418E+03	2.39176E+07
15	4	1	9	5	1	2.390931E+03	7.13394E+05
15	5	0	5	4	0	5.260872E+02	4.11688E+07
15	5	0	6	4	0	7.971585E+02	4.65830E+07
15	5	0	7	4	0	1.159407E+03	4.06839E+07
15	5	0	7	6	0	1.158537E+03	6.30351E+04
15	5	0	8	4	0	1.648397E+03	3.31218E+07
15	5	0	8	6	0	1.647032E+03	1.65770E+05
15	5	0	9	4	0	2.324128E+03	2.64868E+07
15	5	0	9	6	0	2.322008E+03	2.86831E+05
15	5	1	5	4	1	5.333585E+02	4.11688E+07
15	5	1	6	4	1	8.121262E+02	4.65830E+07
15	5	1	7	4	1	1.184173E+03	4.06839E+07
15	5	1	7	6	1	1.190816E+03	6.30351E+04
15	5	1	8	4	1	1.685723E+03	3.31218E+07
15	5	1	8	6	1	1.696295E+03	1.65770E+05
15	5	1	9	4	1	2.377855E+03	2.64868E+07
15	5	1	9	6	1	2.394622E+03	2.86831E+05
15	6	0	6	5	0	7.968820E+02	2.04760E+07
15	6	0	7	5	0	1.158962E+03	2.85398E+07
15	6	0	8	5	0	1.647727E+03	2.87711E+07
15	6	0	8	7	0	1.646740E+03	2.89059E+04
15	6	0	9	5	0	2.323144E+03	2.59702E+07
15	6	0	9	7	0	2.321610E+03	8.79896E+04
15	6	1	6	5	1	8.142039E+02	2.04760E+07
15	6	1	7	5	1	1.187472E+03	2.85398E+07
15	6	1	8	5	1	1.690711E+03	2.87711E+07
15	6	1	8	7	1	1.698400E+03	2.89059E+04
15	6	1	9	5	1	2.385277E+03	2.59702E+07
15	6	1	9	7	1	2.397493E+03	8.79896E+04
15	7	0	7	6	0	1.158649E+03	1.13510E+07
15	7	0	8	6	0	1.647258E+03	1.88122E+07
15	7	0	9	6	0	2.322458E+03	2.14890E+07
15	7	0	9	8	0	2.321295E+03	1.56211E+04
15	7	1	7	6	1	1.189790E+03	1.13510E+07
15	7	1	8	6	1	1.694214E+03	1.88122E+07
15	7	1	9	6	1	2.390477E+03	2.14890E+07
15	7	1	9	8	1	2.399782E+03	1.56211E+04
15	8	0	8	7	0	1.646912E+03	7.06967E+06
15	8	0	9	7	0	2.321952E+03	1.35810E+07
15	8	1	8	7	1	1.696806E+03	7.06967E+06
15	8	1	9	7	1	2.394319E+03	1.35810E+07
15	9	0	9	8	0	2.321564E+03	5.02586E+06
15	9	1	9	8	1	2.397272E+03	5.02586E+06
10	1	0	10	2	0	1.049695E+06	2.36152E+01
10	1	1	10	0	1	3.076143E+04	1.62809E+04
10	2	1	10	1	1	3.703704E+04	1.10464E+03
10	4	1	10	3	1	4.750822E+05	4.77768E-05
10	5	1	10	4	1	7.186072E+05	6.26192E-07
10	6	1	10	5	1	1.010554E+06	1.90972E-08
10	7	1	10	6	1	1.350938E+06	9.66531E-10
10	8	1	10	7	1	1.739766E+06	6.48782E-11
10	9	1	10	8	1	2.177042E+06	4.39318E-12
11	0	0	10	1	0	1.038717E+04	3.96443E+07
11	0	0	10	1	1	1.028925E+04	5.91267E+03
11	0	1	10	1	1	1.472056E+04	4.16415E+07
11	1	0	10	0	0	1.100107E+04	1.55121E+07
11	1	0	10	2	0	1.054137E+04	1.55272E+07
11	1	0	11	2	0	1.322291E+06	1.57212E+01
11	1	1	10	0	0	1.118721E+04	7.32284E+03
11	1	1	10	0	1	7.947624E+03	1.51860E+07
11	1	1	10	2	1	1.507942E+04	1.94130E+07
11	1	1	11	0	1	3.939591E+04	9.79800E+03
11	2	0	10	1	0	1.073475E+04	2.87639E+07
11	2	0	10	3	0	1.057387E+04	1.07991E+07
11	2	1	10	1	1	1.005805E+04	2.51933E+07
11	2	1	10	3	1	1.117757E+04	1.07991E+07
11	2	1	11	1	1	1.637389E+05	6.92464E+02
11	3	0	10	2	0	1.066808E+04	3.75371E+07
11	3	0	10	4	0	1.058457E+04	7.29172E+06
11	3	1	10	2	1	1.327377E+04	3.75371E+07
11	3	1	10	4	1	1.107742E+04	7.29172E+06
11	3	1	11	2	1	3.432009E+05	1.08320E-02
11	4	0	10	3	0	1.064026E+04	4.85422E+07
11	4	0	10	5	0	1.058884E+04	4.80269E+06
11	4	1	10	3	1	1.062694E+04	4.85422E+07
11	4	1	10	5	1	1.103704E+04	4.80269E+06
11	4	1	11	3	1	5.807852E+05	3.06462E-05
11	5	0	10	4	0	1.062561E+04	6.14872E+07
11	5	0	10	6	0	1.059068E+04	2.99169E+06
11	5	1	10	4	1	1.073697E+04	6.14872E+07
11	5	1	10	6	1	1.101868E+04	2.99169E+06
11	5	1	11	4	1	8.767569E+05	4.11309E-07
11	6	0	10	5	0	1.061677E+04	7.68866E+07
11	6	0	10	7	0	1.059147E+04	1.69221E+06
11	6	1	10	5	1	1.080418E+04	7.68866E+07
11	6	1	10	7	1	1.100994E+04	1.69221E+06
11	6	1	11	5	1	1.231180E+06	1.30154E-08
11	7	0	10	6	0	1.061094E+04	9.52821E+07
11	7	0	10	8	0	1.059176E+04	8.03122E+05
11	7	1	10	6	1	1.084887E+04	9.52821E+07
11	7	1	10	8	1	1.100589E+04	8.03122E+05
11	7	1	11	6	1	1.644075E+06	7.00212E-10
11	8	0	10	7	0	1.060684E+04	1.17289E+08
11	8	0	10	9	0	1.059179E+04	2.55572E+05
11	8	1	10	7	1	1.088045E+04	1.17289E+08
11	8	1	10	9	1	1.100427E+04	2.55572E+05
11	8	1	11	7	1	2.115452E+06	5.27135E-11
11	9	0	10	8	0	1.060382E+04	1.43627E+08
11	9	1	10	8	1	1.090380E+04	1.43627E+08
11	9	1	11	8	1	2.645314E+06	4.74610E-12
12	0	0	10	1	0	5.969306E+03	2.84439E+07
12	0	0	10	1	1	5.936836E+03	4.51048E+03
12	0	0	11	1	0	1.358475E+04	2.56901E+07
12	0	0	11	1	1	1.331126E+04	3.49176E+03
12	0	1	10	1	1	6.916060E+03	2.97230E+07
12	0	1	11	1	1	1.950250E+04	2.69409E+07
12	1	0	10	0	0	6.148795E+03	1.25222E+07
12	1	0	10	2	0	6.002487E+03	1.09479E+07
12	1	0	11	0	0	1.441496E+04	9.60212E+06
12	1	0	11	2	0	1.379509E+04	1.03774E+07
12	1	0	12	2	0	1.643565E+06	1.08434E+01
12	1	1	10	0	0	6.192367E+03	5.70114E+03
12	1	1	10	0	1	5.052417E+03	1.23409E+07
12	1	1	10	2	1	7.224554E+03	1.34343E+07
12	1	1	11	0	0	1.465674E+04	4.97315E+03
12	1	1	11	0	1	1.025802E+04	9.38092E+06
12	1	1	11	2	1	1.515289E+04	1.29149E+07
12	1	1	12	0	1	4.801726E+04	6.16311E+03
12	2	0	10	1	0	6.059265E+03	2.25833E+07
12	2	0	10	3	0	6.007672E+03	7.18031E+06
12	2	0	11	1	0	1.405978E+04	1.75242E+07
12	2	0	11	3	0	1.384053E+04	7.45067E+06
12	2	1	10	1	1	5.867019E+03	2.05300E+07
12	2	1	10	3	1	6.231058E+03	7.18031E+06
12	2	1	11	1	1	1.296533E+04	1.52753E+07
12	2	1	11	3	1	1.468262E+04	7.45067E+06
12	2	1	12	1	1	1.989076E+05	4.52099E+02
12	3	0	10	2	0	6.035368E+03	2.97662E+07
12	3	0	10	4	0	6.008551E+03	4.53784E+06
12	3	0	11	2	0	1.397001E+04	2.24408E+07
12	3	0	11	4	0	1.385579E+04	5.23797E+06
12	3	1	10	2	1	6.856232E+03	2.97662E+07
12	3	1	10	4	1	6.219296E+03	4.53784E+06
12	3	1	11	2	1	1.361843E+04	2.24408E+07
12	3	1	11	4	1	1.453608E+04	5.23797E+06
12	3	1	12	2	1	4.152114E+05	7.10060E-03
12	4	0	10	3	0	6.024935E+03	3.79915E+07
12	4	0	10	5	0	6.008413E+03	2.75845E+06
12	4	0	11	3	0	1.393250E+04	2.85276E+07
12	4	0	11	5	0	1.386202E+04	3.63487E+06
12	4	1	10	3	1	6.085623E+03	3.79915E+07
12	4	1	10	5	1	6.217929E+03	2.75845E+06
12	4	1	11	3	1	1.389988E+04	2.85276E+07
12	4	1	11	5	1	1.447582E+04	3.63487E+06
12	4	1	12	3	1	7.008131E+05	2.03177E-05
12	5	0	10	4	0	6.019236E+03	4.65636E+07
12	5	0	10	6	0	6.008011E+03	1.55711E+06
12	5	0	11	4	0	1.391274E+04	3.55492E+07
12	5	0	11	6	0	1.386481E+04	2.43282E+06
12	5	1	10	4	1	6.128813E+03	4.65636E+07
12	5	1	10	6	1	6.219578E+03	1.55711E+06
12	5	1	11	4	1	1.405122E+04	3.55492E+07
12	5	1	11	6	1	1.444765E+04	2.43282E+06
12	5	1	12	4	1	1.056053E+06	2.77283E-07
12	6	0	10	5	0	6.015692E+03	5.48303E+07
12	6	0	10	7	0	6.007560E+03	7.78205E+05
12	6	0	11	5	0	1.390083E+04	4.37565E+07
12	6	0	11	7	0	1.386608E+04	1.53240E+06
12	6	1	10	5	1	6.155840E+03	5.48303E+07
12	6	1	10	7	1	6.222094E+03	7.78205E+05
12	6	1	11	5	1	1.414371E+04	4.37565E+07
12	6	1	11	7	1	1.443369E+04	1.53240E+06
12	6	1	12	5	1	1.481015E+06	8.99381E-09
12	7	0	10	6	0	6.013294E+03	6.15003E+07
12	7	0	10	8	0	6.007127E+03	3.14312E+05
12	7	0	11	6	0	1.389298E+04	5.33991E+07
12	7	0	11	8	0	1.386662E+04	8.74144E+05
12	7	1	10	6	1	6.174213E+03	6.15003E+07
12	7	1	10	8	1	6.224753E+03	3.14312E+05
12	7	1	11	6	1	1.420520E+04	5.33991E+07
12	7	1	11	8	1	1.442673E+04	8.74144E+05
12	7	1	12	6	1	1.975724E+06	5.02459E-10
12	8	0	10	7	0	6.011570E+03	6.43215E+07
12	8	0	10	9	0	6.006732E+03	8.00906E+04
12	8	0	11	7	0	1.388747E+04	6.47508E+07
12	8	0	11	9	0	1.386678E+04	4.17674E+05
12	8	1	10	7	1	6.187452E+03	6.43215E+07
12	8	1	10	9	1	6.227298E+03	8.00906E+04
12	8	1	11	7	1	1.424863E+04	6.47508E+07
12	8	1	11	9	1	1.442347E+04	4.17674E+05
12	8	1	12	7	1	2.540193E+06	4.02362E-11
12	9	0	10	8	0	6.010277E+03	5.95674E+07
12	9	0	11	8	0	1.388341E+04	7.81241E+07
12	9	1	10	8	1	6.197414E+03	5.95674E+07
12	9	1	11	8	1	1.428072E+04	7.81241E+07
12	9	1	12	8	1	3.174428E+06	4.06535E-12
13	0	0	10	1	0	4.480171E+03	2.10755E+07
13	0	0	10	1	1	4.461855E+03	3.51624E+03
13	0	0	11	1	0	7.734305E+03	1.88087E+07
13	0	0	11	1	1	7.644881E+03	2.72207E+03
13	0	0	12	1	0	1.737293E+04	1.72321E+07
13	0	0	12	1	1	1.703427E+04	2.10727E+03
13	0	1	10	1	1	4.891891E+03	2.19782E+07
13	0	1	11	1	1	9.000542E+03	1.96240E+07
13	0	1	12	1	1	2.563899E+04	1.80465E+07
13	1	0	10	0	0	4.572917E+03	9.86530E+06
13	1	0	10	2	0	4.491497E+03	7.93847E+06
13	1	0	11	0	0	7.973360E+03	7.88039E+06
13	1	0	11	2	0	7.779993E+03	7.50009E+06
13	1	0	12	0	0	1.846157E+04	6.19823E+06
13	1	0	12	2	0	1.765109E+04	7.14037E+06
13	1	0	13	2	0	2.017675E+06	7.70491E+00
13	1	1	10	0	0	4.591505E+03	4.52847E+03
13	1	1	10	0	1	3.933455E+03	9.74657E+06
13	1	1	10	2	1	5.135547E+03	9.69552E+06
13	1	1	11	0	0	8.030040E+03	3.95022E+03
13	1	1	11	0	1	6.502415E+03	7.75066E+06
13	1	1	11	2	1	8.176722E+03	9.15547E+06
13	1	1	12	0	0	1.876831E+04	3.50648E+03
13	1	1	12	0	1	1.296509E+04	6.04505E+06
13	1	1	12	2	1	1.950196E+04	8.85225E+06
13	1	1	13	0	1	5.779925E+04	4.02335E+03
13	2	0	10	1	0	4.520906E+03	1.76249E+07
13	2	0	10	3	0	4.492122E+03	5.02611E+06
13	2	0	11	1	0	7.856512E+03	1.40040E+07
13	2	0	11	3	0	7.787575E+03	5.10496E+06
13	2	0	12	1	0	1.800191E+04	1.11602E+07
13	2	0	12	3	0	1.771250E+04	5.25953E+06
13	2	1	10	1	1	4.426524E+03	1.62842E+07
13	2	1	10	3	1	4.630638E+03	5.02611E+06
13	2	1	11	1	1	7.541742E+03	1.26625E+07
13	2	1	11	3	1	8.092296E+03	5.10496E+06
13	2	1	12	1	1	1.653055E+04	9.68880E+06
13	2	1	12	3	1	1.884724E+04	5.25953E+06
13	2	1	13	1	1	2.386819E+05	3.05421E+02
13	3	0	10	2	0	4.506480E+03	2.32947E+07
13	3	0	10	4	0	4.491511E+03	3.03829E+06
13	3	0	11	2	0	7.825056E+03	1.81661E+07
13	3	0	11	4	0	7.789089E+03	3.38492E+06
13	3	0	12	2	0	1.788477E+04	1.40629E+07
13	3	0	12	4	0	1.773350E+04	3.81648E+06
13	3	1	10	2	1	4.976970E+03	2.32947E+07
13	3	1	10	4	1	4.632575E+03	3.03829E+06
13	3	1	11	2	1	7.781941E+03	1.81661E+07
13	3	1	11	4	1	8.073169E+03	3.38492E+06
13	3	1	12	2	1	1.739701E+04	1.40629E+07
13	3	1	12	4	1	1.864078E+04	3.81648E+06
13	3	1	13	2	1	4.963831E+05	4.80549E-03
13	4	0	10	3	0	4.500009E+03	2.93778E+07
13	4	0	10	5	0	4.490785E+03	1.74948E+06
13	4	0	11	3	0	7.811308E+03	2.29325E+07
13	4	0	11	5	0	7.789106E+03	2.19082E+06
13	4	0	12	3	0	1.783575E+04	1.76183E+07
13	4	0	12	5	0	1.774226E+04	2.75491E+06
13	4	1	10	3	1	4.562794E+03	2.93778E+07
13	4	1	10	5	1	4.636767E+03	1.74948E+06
13	4	1	11	3	1	7.887348E+03	2.29325E+07
13	4	1	11	5	1	8.069530E+03	2.19082E+06
13	4	1	12	3	1	1.777172E+04	1.76183E+07
13	4	1	12	5	1	1.855448E+04	2.75491E+06
13	4	1	13	3	1	8.358245E+05	1.38682E-05
13	5	0	10	4	0	4.496400E+03	3.50748E+07
13	5	0	10	6	0	4.490133E+03	9.23801E+05
13	5	0	11	4	0	7.803802E+03	2.79503E+07
13	5	0	11	6	0	7.788700E+03	1.34862E+06
13	5	0	12	4	0	1.780995E+04	2.16507E+07
13	5	0	12	6	0	1.774629E+04	1.94110E+06
13	5	1	10	4	1	4.590223E+03	3.50748E+07
13	5	1	10	6	1	4.640948E+03	9.23801E+05
13	5	1	11	4	1	7.945413E+03	2.79503E+07
13	5	1	11	6	1	8.070635E+03	1.34862E+06
13	5	1	12	4	1	1.797348E+04	2.16507E+07
13	5	1	12	6	1	1.851324E+04	1.94110E+06
13	5	1	13	4	1	1.257436E+06	1.91604E-07
13	6	0	10	5	0	4.494118E+03	3.94763E+07
13	6	0	10	7	0	4.489578E+03	4.24585E+05
13	6	0	11	5	0	7.799139E+03	3.29874E+07
13	6	0	11	7	0	7.788189E+03	7.67047E+05
13	6	0	12	5	0	1.779440E+04	2.62932E+07
13	6	0	12	7	0	1.774822E+04	1.31281E+06
13	6	1	10	5	1	4.607647E+03	3.94763E+07
13	6	1	10	7	1	4.644666E+03	4.24585E+05
13	6	1	11	5	1	7.981740E+03	3.29874E+07
13	6	1	11	7	1	8.073273E+03	7.67047E+05
13	6	1	12	5	1	1.809681E+04	2.62932E+07
13	6	1	12	7	1	1.849215E+04	1.31281E+06
13	6	1	13	5	1	1.761321E+06	6.32465E-09
13	7	0	10	6	0	4.492554E+03	4.12151E+07
13	7	0	10	8	0	4.489111E+03	1.53916E+05
13	7	0	11	6	0	7.795986E+03	3.75627E+07
13	7	0	11	8	0	7.787678E+03	3.85117E+05
13	7	0	12	6	0	1.778416E+04	3.16706E+07
13	7	0	12	8	0	1.774911E+04	8.33489E+05
13	7	1	10	6	1	4.619643E+03	4.12151E+07
13	7	1	10	8	1	4.647878E+03	1.53916E+05
13	7	1	11	6	1	8.006423E+03	3.75627E+07
13	7	1	11	8	1	8.076320E+03	3.85117E+05
13	7	1	12	6	1	1.817880E+04	3.16706E+07
13	7	1	12	8	1	1.848111E+04	8.33489E+05
13	7	1	13	6	1	2.347515E+06	3.62429E-10
13	8	0	10	7	0	4.491417E+03	3.85838E+07
13	8	0	10	9	0	4.488716E+03	3.39297E+04
13	8	0	11	7	0	7.793723E+03	4.08419E+07
13	8	0	11	9	0	7.787202E+03	1.55932E+05
13	8	0	12	7	0	1.777699E+04	3.79153E+07
13	8	0	12	9	0	1.774946E+04	4.78475E+05
13	8	1	10	7	1	4.628381E+03	3.85838E+07
13	8	1	10	9	1	4.650640E+03	3.39297E+04
13	8	1	11	7	1	8.024198E+03	4.08419E+07
13	8	1	11	9	1	8.079352E+03	1.55932E+05
13	8	1	12	7	1	1.823668E+04	3.79153E+07
13	8	1	12	9	1	1.847546E+04	4.78475E+05
13	8	1	13	7	1	3.016033E+06	3.01566E-11
13	9	0	10	8	0	4.490555E+03	3.00348E+07
13	9	0	11	8	0	7.792026E+03	4.14702E+07
13	9	0	12	8	0	1.777171E+04	4.51745E+07
13	9	1	10	8	1	4.635017E+03	3.00348E+07
13	9	1	11	8	1	8.037564E+03	4.14702E+07
13	9	1	12	8	1	1.827942E+04	4.51745E+07
13	9	1	13	8	1	3.766880E+06	3.24269E-12
14	0	0	10	1	0	3.737488E+03	1.61189E+07
14	0	0	10	1	1	3.724733E+03	2.79223E+03
14	0	0	11	1	0	5.758786E+03	1.41737E+07
14	0	0	11	1	1	5.709063E+03	2.16159E+03
14	0	0	12	1	0	9.812154E+03	1.28354E+07
14	0	0	12	1	1	9.703201E+03	1.67337E+03
14	0	0	13	1	0	2.180115E+04	1.19042E+07
14	0	0	13	1	1	2.138836E+04	1.29543E+03
14	0	1	10	1	1	3.968168E+03	1.67891E+07
14	0	1	11	1	1	6.301597E+03	1.47587E+07
14	0	1	12	1	1	1.154886E+04	1.33740E+07
14	0	1	13	1	1	3.302047E+04	1.24522E+07
14	1	0	10	0	0	3.797803E+03	7.85749E+06
14	1	0	10	2	0	3.741475E+03	5.96062E+06
14	1	0	11	0	0	5.880658E+03	6.30119E+06
14	1	0	11	2	0	5.774800E+03	5.54620E+06
14	1	0	12	0	0	1.012167E+04	5.15801E+06
14	1	0	12	2	0	9.873125E+03	5.27004E+06
14	1	0	13	0	0	2.319335E+04	4.14428E+06
14	1	0	13	2	0	2.215970E+04	5.03920E+06
14	1	0	14	2	0	2.448940E+06	5.61527E+00
14	1	1	10	0	0	3.807896E+03	3.65894E+03
14	1	1	10	0	1	3.343943E+03	7.77277E+06
14	1	1	10	2	1	4.174669E+03	7.26857E+06
14	1	1	11	0	0	5.904892E+03	3.19173E+03
14	1	1	11	0	1	5.035050E+03	6.21309E+06
14	1	1	11	2	1	5.983827E+03	6.73603E+06
14	1	1	12	0	0	1.019368E+04	2.83319E+03
14	1	1	12	0	1	8.200153E+03	5.06452E+06
14	1	1	12	2	1	1.040630E+04	6.40502E+06
14	1	1	13	0	0	2.357494E+04	2.55046E+03
14	1	1	13	0	1	1.609788E+04	4.03598E+06
14	1	1	13	2	1	2.461293E+04	6.22696E+06
14	1	1	14	0	1	6.880186E+04	2.71086E+03
14	2	0	10	1	0	3.760625E+03	1.39682E+07
14	2	0	10	3	0	3.740687E+03	3.68909E+06
14	2	0	11	1	0	5.813901E+03	1.11040E+07
14	2	0	11	3	0	5.776063E+03	3.65420E+06
14	2	0	12	1	0	9.973243E+03	9.04954E+06
14	2	0	12	3	0	9.883774E+03	3.69616E+06
14	2	0	13	1	0	2.261267E+04	7.37567E+06
14	2	0	13	3	0	2.224041E+04	3.79088E+06
14	2	1	10	1	1	3.702745E+03	1.30315E+07
14	2	1	10	3	1	3.844498E+03	3.68909E+06
14	2	1	11	1	1	5.657568E+03	1.02011E+07
14	2	1	11	3	1	5.961843E+03	3.65420E+06
14	2	1	12	1	1	9.555381E+03	8.14562E+06
14	2	1	12	3	1	1.028625E+04	3.69616E+06
14	2	1	13	1	1	2.068308E+04	6.38129E+06
14	2	1	13	3	1	2.372791E+04	3.79088E+06
14	2	1	14	1	1	2.832886E+05	2.12419E+02
14	3	0	10	2	0	3.750041E+03	1.84795E+07
14	3	0	10	4	0	3.739670E+03	2.15944E+06
14	3	0	11	2	0	5.795231E+03	1.44758E+07
14	3	0	11	4	0	5.775480E+03	2.32836E+06
14	3	0	12	2	0	9.932996E+03	1.15745E+07
14	3	0	12	4	0	9.886159E+03	2.54515E+06
14	3	0	13	2	0	2.246360E+04	9.16582E+06
14	3	0	13	4	0	2.226844E+04	2.82194E+06
14	3	1	10	2	1	4.085416E+03	1.84795E+07
14	3	1	10	4	1	3.850444E+03	2.15944E+06
14	3	1	11	2	1	5.802138E+03	1.44758E+07
14	3	1	11	4	1	5.962506E+03	2.32836E+06
14	3	1	12	2	1	9.868864E+03	1.15745E+07
14	3	1	12	4	1	1.025710E+04	2.54515E+06
14	3	1	13	2	1	2.180445E+04	9.16582E+06
14	3	1	13	4	1	2.344600E+04	2.82194E+06
14	3	1	14	2	1	5.871396E+05	3.34318E-03
14	4	0	10	3	0	3.745208E+03	2.30701E+07
14	4	0	10	5	0	3.738817E+03	1.19550E+06
14	4	0	11	3	0	5.786848E+03	1.81357E+07
14	4	0	11	5	0	5.774654E+03	1.43672E+06
14	4	0	12	3	0	9.915395E+03	1.44612E+07
14	4	0	12	5	0	9.886432E+03	1.72756E+06
14	4	0	13	3	0	2.240116E+04	1.13394E+07
14	4	0	13	5	0	2.228035E+04	2.10092E+06
14	4	1	10	3	1	3.804757E+03	2.30701E+07
14	4	1	10	5	1	3.856055E+03	1.19550E+06
14	4	1	11	3	1	5.866815E+03	1.81357E+07
14	4	1	11	5	1	5.967020E+03	1.43672E+06
14	4	1	12	3	1	1.000660E+04	1.44612E+07
14	4	1	12	5	1	1.025008E+04	1.72756E+06
14	4	1	13	3	1	2.229091E+04	1.13394E+07
14	4	1	13	5	1	2.332653E+04	2.10092E+06
14	4	1	14	3	1	9.864833E+05	9.71197E-06
14	5	0	10	4	0	3.742476E+03	2.69768E+07
14	5	0	10	6	0	3.738133E+03	6.01416E+05
14	5	0	11	4	0	5.782175E+03	2.16925E+07
14	5	0	11	6	0	5.773880E+03	8.34921E+05
14	5	0	12	4	0	9.905792E+03	1.75106E+07
14	5	0	12	6	0	9.886070E+03	1.13200E+06
14	5	0	13	4	0	2.236830E+04	1.37678E+07
14	5	0	13	6	0	2.228596E+04	1.53878E+06
14	5	1	10	4	1	3.825572E+03	2.69768E+07
14	5	1	10	6	1	3.860740E+03	6.01416E+05
14	5	1	11	4	1	5.903074E+03	2.16925E+07
14	5	1	11	6	1	5.971916E+03	8.34921E+05
14	5	1	12	4	1	1.008248E+04	1.75106E+07
14	5	1	12	6	1	1.025012E+04	1.13200E+06
14	5	1	13	4	1	2.255313E+04	1.37678E+07
14	5	1	13	6	1	2.326842E+04	1.53878E+06
14	5	1	14	4	1	1.481852E+06	1.35439E-07
14	6	0	10	5	0	3.740731E+03	2.93246E+07
14	6	0	10	7	0	3.737585E+03	2.60149E+05
14	6	0	11	5	0	5.779223E+03	2.47659E+07
14	6	0	11	7	0	5.773208E+03	4.42583E+05
14	6	0	12	5	0	9.899833E+03	2.06383E+07
14	6	0	12	7	0	9.885522E+03	7.02084E+05
14	6	0	13	5	0	2.234852E+04	1.65269E+07
14	6	0	13	7	0	2.228875E+04	1.09496E+06
14	6	1	10	5	1	3.838926E+03	2.93246E+07
14	6	1	10	7	1	3.864589E+03	2.60149E+05
14	6	1	11	5	1	5.926102E+03	2.47659E+07
14	6	1	11	7	1	5.976411E+03	4.42583E+05
14	6	1	12	5	1	1.012993E+04	2.06383E+07
14	6	1	12	7	1	1.025262E+04	7.02084E+05
14	6	1	13	5	1	2.271345E+04	1.65269E+07
14	6	1	13	7	1	2.323796E+04	1.09496E+06
14	6	1	14	5	1	2.073376E+06	4.52910E-09
14	7	0	10	6	0	3.739525E+03	2.90186E+07
14	7	0	10	8	0	3.737139E+03	8.72682E+04
14	7	0	11	6	0	5.777200E+03	2.67608E+07
14	7	0	11	8	0	5.772636E+03	2.03519E+05
14	7	0	12	6	0	9.895807E+03	2.36510E+07
14	7	0	12	8	0	9.884944E+03	4.01246E+05
14	7	0	13	6	0	2.233551E+04	1.96836E+07
14	7	0	13	8	0	2.229012E+04	7.46070E+05
14	7	1	10	6	1	3.848194E+03	2.90186E+07
14	7	1	10	8	1	3.867767E+03	8.72682E+04
14	7	1	11	6	1	5.941949E+03	2.67608E+07
14	7	1	11	8	1	5.980361E+03	2.03519E+05
14	7	1	12	6	1	1.016215E+04	2.36510E+07
14	7	1	12	8	1	1.025593E+04	4.01246E+05
14	7	1	13	6	1	2.282001E+04	1.96836E+07
14	7	1	13	8	1	2.322144E+04	7.46070E+05
14	7	1	14	6	1	2.761098E+06	2.64281E-10
14	8	0	10	7	0	3.738642E+03	2.50771E+07
14	8	0	10	9	0	3.736771E+03	1.73729E+04
14	8	0	11	7	0	5.775731E+03	2.68826E+07
14	8	0	11	9	0	5.772149E+03	7.36229E+04
14	8	0	12	7	0	9.892922E+03	2.62116E+07
14	8	0	12	9	0	9.884391E+03	2.02056E+05
14	8	0	13	7	0	2.232640E+04	2.33064E+07
14	8	0	13	9	0	2.229074E+04	4.76494E+05
14	8	1	10	7	1	3.854991E+03	2.50771E+07
14	8	1	10	9	1	3.870420E+03	1.73729E+04
14	8	1	11	7	1	5.953487E+03	2.68826E+07
14	8	1	11	9	1	5.983795E+03	7.36229E+04
14	8	1	12	7	1	1.018535E+04	2.62116E+07
14	8	1	12	9	1	1.025940E+04	2.02056E+05
14	8	1	13	7	1	2.289519E+04	2.33064E+07
14	8	1	13	9	1	2.321249E+04	4.76494E+05
14	8	1	14	7	1	3.545037E+06	2.25670E-11
14	9	0	10	8	0	3.737970E+03	1.73286E+07
14	9	0	11	8	0	5.774619E+03	2.42447E+07
14	9	0	12	8	0	9.890760E+03	2.77794E+07
14	9	0	13	8	0	2.231971E+04	2.74698E+07
14	9	1	10	8	1	3.860181E+03	1.73286E+07
14	9	1	11	8	1	5.962246E+03	2.42447E+07
14	9	1	12	8	1	1.020277E+04	2.77794E+07
14	9	1	13	8	1	2.295067E+04	2.74698E+07
14	9	1	14	8	1	4.425202E+06	2.52248E-12
15	0	0	10	1	0	3.295216E+03	1.26396E+07
15	0	0	10	1	1	3.285297E+03	2.25287E+03
15	0	0	11	1	0	4.771935E+03	1.09988E+07
15	0	0	11	1	1	4.737742E+03	1.74404E+03
15	0	0	12	1	0	7.255561E+03	9.81385E+06
15	0	0	12	1	1	7.195814E+03	1.35013E+03
15	0	0	13	1	0	1.222792E+04	8.99932E+06
15	0	0	13	1	1	1.209697E+04	1.04520E+03
15	0	0	14	1	0	2.691884E+04	8.43528E+06
15	0	0	14	1	1	2.642247E+04	8.09130E+02
15	0	1	10	1	1	3.442669E+03	1.31539E+07
15	0	1	11	1	1	5.072106E+03	1.14395E+07
15	0	1	12	1	1	7.996453E+03	1.02058E+07
15	0	1	13	1	1	1.454523E+04	9.36629E+06
15	0	1	14	1	1	4.178446E+04	8.81471E+06
15	1	0	10	0	0	3.339606E+03	6.34786E+06
15	1	0	10	2	0	3.295972E+03	4.60239E+06
15	1	0	11	0	0	4.850240E+03	5.08541E+06
15	1	0	11	2	0	4.778001E+03	4.23324E+06
15	1	0	12	0	0	7.411563E+03	4.17686E+06
15	1	0	12	2	0	7.277414E+03	3.96332E+06
15	1	0	13	0	0	1.261954E+04	3.48987E+06
15	1	0	13	2	0	1.230718E+04	3.78694E+06
15	1	0	14	0	0	2.866266E+04	2.85522E+06
15	1	0	14	2	0	2.737122E+04	3.63631E+06
15	1	0	15	2	0	2.941812E+06	4.18271E+00
15	1	1	10	0	0	3.345854E+03	3.00021E+03
15	1	1	10	0	1	2.982286E+03	6.28414E+06
15	1	1	10	2	1	3.625749E+03	5.60972E+06
15	1	1	11	0	0	4.863430E+03	2.61711E+03
15	1	1	11	0	1	4.257623E+03	5.02089E+06
15	1	1	11	2	1	4.916850E+03	5.13218E+06
15	1	1	12	0	0	7.442406E+03	2.32312E+03
15	1	1	12	0	1	6.320551E+03	4.11163E+06
15	1	1	12	2	1	7.555110E+03	4.79099E+06
15	1	1	13	0	0	1.270922E+04	2.09129E+03
15	1	1	13	0	1	1.016414E+04	3.42168E+06
15	1	1	13	2	1	1.300489E+04	4.58532E+06
15	1	1	14	0	0	2.912953E+04	1.90432E+03
15	1	1	14	0	1	1.968520E+04	2.77713E+06
15	1	1	14	2	1	3.054822E+04	4.48079E+06
15	1	1	15	0	1	8.108483E+04	1.87700E+03
15	2	0	10	1	0	3.310074E+03	1.12484E+07
15	2	0	10	3	0	3.294618E+03	2.80696E+06
15	2	0	11	1	0	4.803158E+03	8.92471E+06
15	2	0	11	3	0	4.777304E+03	2.72997E+06
15	2	0	12	1	0	7.327989E+03	7.27180E+06
15	2	0	12	3	0	7.279571E+03	2.69702E+06
15	2	0	13	1	0	1.243506E+04	6.05455E+06
15	2	0	13	3	0	1.232164E+04	2.72244E+06
15	2	0	14	1	0	2.794353E+04	5.03036E+06
15	2	0	14	3	0	2.747482E+04	2.78424E+06
15	2	1	10	1	1	3.270021E+03	1.05643E+07
15	2	1	10	3	1	3.380085E+03	2.80696E+06
15	2	1	11	1	1	4.706039E+03	8.27718E+06
15	2	1	11	3	1	4.914683E+03	2.72997E+06
15	2	1	12	1	1	7.122932E+03	6.64841E+06
15	2	1	12	3	1	7.521299E+03	2.69702E+06
15	2	1	13	1	1	1.189241E+04	5.42871E+06
15	2	1	13	3	1	1.283977E+04	2.72244E+06
15	2	1	14	1	1	2.546569E+04	4.33930E+06
15	2	1	14	3	1	2.938119E+04	2.78424E+06
15	2	1	15	1	1	3.329534E+05	1.51487E+02
15	3	0	10	2	0	3.301508E+03	1.48894E+07
15	3	0	10	4	0	3.293467E+03	1.60353E+06
15	3	0	11	2	0	4.789642E+03	1.16649E+07
15	3	0	11	4	0	4.776143E+03	1.68943E+06
15	3	0	12	2	0	7.304456E+03	9.36167E+06
15	3	0	12	4	0	7.279096E+03	1.79138E+06
15	3	0	13	2	0	1.238472E+04	7.64723E+06
15	3	0	13	4	0	1.232517E+04	1.93279E+06
15	3	0	14	2	0	2.775771E+04	6.17603E+06
15	3	0	14	4	0	2.751131E+04	2.11672E+06
15	3	1	10	2	1	3.568088E+03	1.48894E+07
15	3	1	10	4	1	3.387541E+03	1.60353E+06
15	3	1	11	2	1	4.811408E+03	1.16649E+07
15	3	1	11	4	1	4.921168E+03	1.68943E+06
15	3	1	12	2	1	7.308987E+03	9.36167E+06
15	3	1	12	4	1	7.519785E+03	1.79138E+06
15	3	1	13	2	1	1.229237E+04	7.64723E+06
15	3	1	13	4	1	1.279750E+04	1.93279E+06
15	3	1	14	2	1	2.688732E+04	6.17603E+06
15	3	1	14	4	1	2.900621E+04	2.11672E+06
15	3	1	15	2	1	6.879034E+05	2.38245E-03
15	4	0	10	3	0	3.297546E+03	1.84318E+07
15	4	0	10	5	0	3.292590E+03	8.61666E+05
15	4	0	11	3	0	4.783463E+03	1.45134E+07
15	4	0	11	5	0	4.775128E+03	1.00653E+06
15	4	0	12	3	0	7.293883E+03	1.16449E+07
15	4	0	12	5	0	7.278198E+03	1.16519E+06
15	4	0	13	3	0	1.236270E+04	9.46348E+06
15	4	0	13	5	0	1.232582E+04	1.36192E+06
15	4	0	14	3	0	2.767981E+04	7.55702E+06
15	4	0	14	5	0	2.752705E+04	1.61565E+06
15	4	1	10	3	1	3.353778E+03	1.84318E+07
15	4	1	10	5	1	3.393572E+03	8.61666E+05
15	4	1	11	3	1	4.859262E+03	1.45134E+07
15	4	1	11	5	1	4.927803E+03	1.00653E+06
15	4	1	12	3	1	7.392272E+03	1.16449E+07
15	4	1	12	5	1	7.524309E+03	1.16519E+06
15	4	1	13	3	1	1.246826E+04	9.46348E+06
15	4	1	13	5	1	1.278577E+04	1.36192E+06
15	4	1	14	3	1	2.750574E+04	7.55702E+06
15	4	1	14	5	1	2.884545E+04	1.61565E+06
15	4	1	15	3	1	1.153452E+06	6.95725E-06
15	5	0	10	4	0	3.295287E+03	2.11961E+07
15	5	0	10	6	0	3.291919E+03	4.17849E+05
15	5	0	11	4	0	4.779972E+03	1.70928E+07
15	5	0	11	6	0	4.774301E+03	5.60639E+05
15	5	0	12	4	0	7.287992E+03	1.39119E+07
15	5	0	12	6	0	7.277311E+03	7.25847E+05
15	5	0	13	4	0	1.235070E+04	1.13818E+07
15	5	0	13	6	0	1.232555E+04	9.35655E+05
15	5	0	14	4	0	2.763882E+04	9.07940E+06
15	5	0	14	6	0	2.753463E+04	1.21980E+06
15	5	1	10	4	1	3.371041E+03	2.11961E+07
15	5	1	10	6	1	3.398319E+03	4.17849E+05
15	5	1	11	4	1	4.886422E+03	1.70928E+07
15	5	1	11	6	1	4.933499E+03	5.60639E+05
15	5	1	12	4	1	7.438957E+03	1.39119E+07
15	5	1	12	6	1	7.529819E+03	7.25847E+05
15	5	1	13	4	1	1.256515E+04	1.13818E+07
15	5	1	13	6	1	1.278410E+04	9.35655E+05
15	5	1	14	4	1	2.783942E+04	9.07940E+06
15	5	1	14	6	1	2.876609E+04	1.21980E+06
15	5	1	15	4	1	1.730250E+06	9.77316E-08
15	6	0	10	5	0	3.293833E+03	2.24199E+07
15	6	0	10	7	0	3.291394E+03	1.72649E+05
15	6	0	11	5	0	4.777743E+03	1.90062E+07
15	6	0	11	7	0	4.773631E+03	2.82171E+05
15	6	0	12	5	0	7.284275E+03	1.59956E+07
15	6	0	12	7	0	7.276524E+03	4.23713E+05
15	6	0	13	5	0	1.234325E+04	1.33725E+07
15	6	0	13	7	0	1.232500E+04	6.17644E+05
15	6	0	14	5	0	2.761418E+04	1.07889E+07
15	6	0	14	7	0	2.753849E+04	9.01833E+05
15	6	1	10	5	1	3.382193E+03	2.24199E+07
15	6	1	10	7	1	3.402097E+03	1.72649E+05
15	6	1	11	5	1	4.903845E+03	1.90062E+07
15	6	1	11	7	1	4.938243E+03	2.82171E+05
15	6	1	12	5	1	7.468594E+03	1.59956E+07
15	6	1	12	7	1	7.535076E+03	4.23713E+05
15	6	1	13	5	1	1.262572E+04	1.33725E+07
15	6	1	13	7	1	1.278614E+04	6.17644E+05
15	6	1	14	5	1	2.804345E+04	1.07889E+07
15	6	1	14	7	1	2.872369E+04	9.01833E+05
15	6	1	15	5	1	2.418456E+06	3.30074E-09
15	7	0	10	6	0	3.292823E+03	2.12883E+07
15	7	0	10	8	0	3.290973E+03	5.46419E+04
15	7	0	11	6	0	4.776202E+03	1.97197E+07
15	7	0	11	8	0	4.773083E+03	1.21655E+05
15	7	0	12	6	0	7.281729E+03	1.76233E+07
15	7	0	12	8	0	7.275845E+03	2.24948E+05
15	7	0	13	6	0	1.233823E+04	1.53536E+07
15	7	0	13	8	0	1.232437E+04	3.84942E+05
15	7	0	14	6	0	2.759799E+04	1.27237E+07
15	7	0	14	8	0	2.754048E+04	6.46233E+05
15	7	1	10	6	1	3.389976E+03	2.12883E+07
15	7	1	10	8	1	3.405156E+03	5.46419E+04
15	7	1	11	6	1	4.915934E+03	1.97197E+07
15	7	1	11	8	1	4.942196E+03	1.21655E+05
15	7	1	12	6	1	7.488980E+03	1.76233E+07
15	7	1	12	8	1	7.539788E+03	2.24948E+05
15	7	1	13	6	1	1.266682E+04	1.53536E+07
15	7	1	13	8	1	1.278955E+04	3.84942E+05
15	7	1	14	6	1	2.817903E+04	1.27237E+07
15	7	1	14	8	1	2.870007E+04	6.46233E+05
15	7	1	15	6	1	3.218124E+06	1.95218E-10
15	8	0	10	7	0	3.292081E+03	1.73219E+07
15	8	0	10	9	0	3.290629E+03	1.00875E+04
15	8	0	11	7	0	4.775077E+03	1.86612E+07
15	8	0	11	9	0	4.772628E+03	4.05501E+04
15	8	0	12	7	0	7.279883E+03	1.84169E+07
15	8	0	12	9	0	7.275263E+03	1.03372E+05
15	8	0	13	7	0	1.233464E+04	1.71791E+07
15	8	0	13	9	0	1.232375E+04	2.20706E+05
15	8	0	14	7	0	2.758666E+04	1.49214E+07
15	8	0	14	9	0	2.754146E+04	4.42790E+05
15	8	1	10	7	1	3.395709E+03	1.73219E+07
15	8	1	10	9	1	3.407675E+03	1.00875E+04
15	8	1	11	7	1	4.924797E+03	1.86612E+07
15	8	1	11	9	1	4.945517E+03	4.05501E+04
15	8	1	12	7	1	7.503814E+03	1.84169E+07
15	8	1	12	9	1	7.543931E+03	1.03372E+05
15	8	1	13	7	1	1.269638E+04	1.71791E+07
15	8	1	13	9	1	1.279336E+04	2.20706E+05
15	8	1	14	7	1	2.827464E+04	1.49214E+07
15	8	1	14	9	1	2.868674E+04	4.42790E+05
15	8	1	15	7	1	4.129276E+06	1.69818E-11
15	9	0	10	8	0	3.291513E+03	1.09752E+07
15	9	0	11	8	0	4.774219E+03	1.54371E+07
15	9	0	12	8	0	7.278486E+03	1.79155E+07
15	9	0	13	8	0	1.233195E+04	1.86159E+07
15	9	0	14	8	0	2.757835E+04	1.74219E+07
15	9	1	10	8	1	3.400104E+03	1.09752E+07
15	9	1	11	8	1	4.931563E+03	1.54371E+07
15	9	1	12	8	1	7.515068E+03	1.79155E+07
15	9	1	13	8	1	1.271858E+04	1.86159E+07
15	9	1	14	8	1	2.834516E+04	1.74219E+07
15	9	1	15	8	1	5.151922E+06	1.94872E-12
11	10	0	10	9	0	1.060152E+04	1.75146E+08
11	10	1	10	9	1	1.092167E+04	1.75146E+08
11	10	1	11	9	1	3.233663E+06	4.02901E-13
12	10	0	10	9	0	6.009272E+03	4.12588E+07
12	10	0	11	9	0	1.388032E+04	9.38812E+07
12	10	1	10	9	1	6.205163E+03	4.12588E+07
12	10	1	11	9	1	1.430527E+04	9.38812E+07
12	10	1	12	9	1	3.878428E+06	4.59105E-13
12	9	0	11	10	0	1.386674E+04	1.33644E+05
12	9	1	11	10	1	1.442227E+04	1.33644E+05
13	10	0	10	9	0	4.489880E+03	1.55690E+07
13	10	0	11	9	0	7.790709E+03	3.73223E+07
13	10	0	12	9	0	1.776769E+04	5.36160E+07
13	10	1	10	9	1	4.640220E+03	1.55690E+07
13	10	1	11	9	1	8.047955E+03	3.73223E+07
13	10	1	12	9	1	1.831210E+04	5.36160E+07
13	10	1	13	9	1	4.600061E+06	4.11124E-13
13	9	0	11	10	0	7.786770E+03	3.97619E+04
13	9	0	12	10	0	1.774952E+04	2.29814E+05
13	9	1	11	10	1	8.082210E+03	3.97619E+04
13	9	1	12	10	1	1.847285E+04	2.29814E+05
14	10	0	10	9	0	3.737441E+03	7.48767E+06
14	10	0	11	9	0	5.773749E+03	1.81949E+07
14	10	0	12	9	0	9.889083E+03	2.75206E+07
14	10	0	13	9	0	2.231461E+04	3.22569E+07
14	10	1	10	9	1	3.864271E+03	7.48767E+06
14	10	1	11	9	1	5.969111E+03	1.81949E+07
14	10	1	12	9	1	1.021631E+04	2.75206E+07
14	10	1	13	9	1	2.299307E+04	3.22569E+07
14	10	1	14	9	1	5.401595E+06	3.40489E-13
14	9	0	11	10	0	5.771732E+03	1.61583E+04
14	9	0	12	10	0	9.883882E+03	8.19345E+04
14	9	0	13	10	0	2.229095E+04	2.74888E+05
14	9	1	11	10	1	5.986778E+03	1.61583E+04
14	9	1	12	10	1	1.026275E+04	8.19345E+04
14	9	1	13	10	1	2.320786E+04	2.74888E+05
15	10	0	10	9	0	3.291065E+03	4.18105E+06
15	10	0	11	9	0	4.773545E+03	1.02159E+07
15	10	0	12	9	0	7.277393E+03	1.56585E+07
15	10	0	13	9	0	1.232986E+04	1.93095E+07
15	10	0	14	9	0	2.757202E+04	2.02691E+07
15	10	1	10	9	1	3.403579E+03	4.18105E+06
15	10	1	11	9	1	4.936894E+03	1.02159E+07
15	10	1	12	9	1	7.523885E+03	1.56585E+07
15	10	1	13	9	1	1.273581E+04	1.93095E+07
15	10	1	14	9	1	2.839901E+04	2.02691E+07
15	10	1	15	9	1	6.286070E+06	2.73526E-13
15	9	0	11	10	0	4.772245E+03	7.99856E+03
15	9	0	12	10	0	7.274761E+03	3.72996E+04
15	9	0	13	10	0	1.232316E+04	1.11359E+05
15	9	0	14	10	0	2.754189E+04	2.84114E+05
15	9	1	11	10	1	4.948335E+03	7.99856E+03
15	9	1	12	10	1	7.547560E+03	3.72996E+04
15	9	1	13	10	1	1.279717E+04	1.11359E+05
15	9	1	14	10	1	2.867935E+04	2.84114E+05
12	11	0	11	10	0	1.387789E+04	1.12444E+08
12	11	1	11	10	1	1.432460E+04	1.12444E+08
12	11	1	12	10	1	4.652201E+06	4.66534E-14
13	10	0	12	11	0	1.774942E+04	7.38540E+04
13	10	1	12	11	1	1.847202E+04	7.38540E+04
13	11	0	11	10	0	7.789659E+03	2.51385E+07
13	11	0	12	10	0	1.776453E+04	6.34323E+07
13	11	1	11	10	1	8.056251E+03	2.51385E+07
13	11	1	12	10	1	1.833780E+04	6.34323E+07
13	11	1	13	10	1	5.515577E+06	5.55984E-14
13	12	0	12	11	0	1.776200E+04	7.48454E+07
13	12	1	12	11	1	1.835847E+04	7.48454E+07
13	12	1	13	11	1	6.513432E+06	6.54163E-15
14	10	0	12	11	0	9.883419E+03	2.08976E+04
14	10	0	13	11	0	2.229093E+04	1.32580E+05
14	10	1	12	11	1	1.026590E+04	2.08976E+04
14	10	1	13	11	1	2.320580E+04	1.32580E+05
14	11	0	11	10	0	5.773050E+03	9.09639E+06
14	11	0	12	10	0	9.887747E+03	2.41815E+07
14	11	0	13	10	0	2.231062E+04	3.77621E+07
14	11	0	13	12	0	2.229077E+04	4.27566E+04
14	11	1	11	10	1	5.974631E+03	9.09639E+06
14	11	1	12	10	1	1.022711E+04	2.41815E+07
14	11	1	13	10	1	2.302638E+04	3.77621E+07
14	11	1	13	12	1	2.320530E+04	4.27566E+04
14	11	1	14	10	1	6.474218E+06	5.17118E-14
14	12	0	12	11	0	9.886659E+03	1.59091E+07
14	12	0	13	11	0	2.230741E+04	4.40925E+07
14	12	1	12	11	1	1.023592E+04	1.59091E+07
14	12	1	13	11	1	2.305317E+04	4.40925E+07
14	12	1	14	11	1	7.643075E+06	8.09947E-15
14	13	0	13	12	0	2.230479E+04	5.13707E+07
14	13	1	13	12	1	2.307513E+04	5.13707E+07
14	13	1	14	12	1	8.908170E+06	1.07637E-15
15	10	0	12	11	0	7.274326E+03	8.15131E+03
15	10	0	13	11	0	1.232263E+04	4.51973E+04
15	10	0	14	11	0	2.754199E+04	1.64552E+05
15	10	1	12	11	1	7.550744E+03	8.15131E+03
15	10	1	13	11	1	1.280081E+04	4.51973E+04
15	10	1	14	11	1	2.867555E+04	1.64552E+05
15	11	0	11	10	0	4.773001E+03	4.22817E+06
15	11	0	12	10	0	7.276516E+03	1.13936E+07
15	11	0	13	10	0	1.232820E+04	1.87349E+07
15	11	0	13	12	0	1.232214E+04	1.15268E+04
15	11	0	14	10	0	2.756707E+04	2.35118E+07
15	11	0	14	12	0	2.754190E+04	7.96338E+04
15	11	1	11	10	1	4.941199E+03	4.22817E+06
15	11	1	12	10	1	7.530971E+03	1.13936E+07
15	11	1	13	10	1	1.274955E+04	1.87349E+07
15	11	1	13	12	1	1.280421E+04	1.15268E+04
15	11	1	14	10	1	2.844130E+04	2.35118E+07
15	11	1	14	12	1	2.867396E+04	7.96338E+04
15	11	1	15	10	1	7.531720E+06	4.42404E-14
15	12	0	12	11	0	7.275798E+03	5.52416E+06
15	12	0	13	11	0	1.232685E+04	1.61297E+07
15	12	0	14	11	0	2.756310E+04	2.72052E+07
15	12	0	14	13	0	2.754170E+04	2.57564E+04
15	12	1	12	11	1	7.536786E+03	5.52416E+06
15	12	1	13	11	1	1.276075E+04	1.61297E+07
15	12	1	14	11	1	2.847528E+04	2.72052E+07
15	12	1	14	13	1	2.867376E+04	2.57564E+04
15	12	1	15	11	1	8.888873E+06	7.78387E-15
15	13	0	13	12	0	1.232573E+04	1.04011E+07
15	13	0	14	12	0	2.755985E+04	3.14114E+07
15	13	1	13	12	1	1.277003E+04	1.04011E+07
15	13	1	14	12	1	2.850311E+04	3.14114E+07
15	13	1	15	12	1	1.035753E+07	1.37735E-15
15	14	0	14	13	0	2.755715E+04	3.62008E+07
15	14	1	14	13	1	2.852627E+04	3.62008E+07
15	14	1	15	13	1	1.193769E+07	2.02857E-16
100	0	0	0	0	0	1.0	1.0
