  2   1   2    2   0    2   1240.14587064     339000000.0 
  3   0   2    2   1    2   266.318049748    9110000000.0 
  3   1   2    2   0    2   209.285328942   12100000000.0 
  3   1   2    3   0    2   4610.41537232   41266666.6667 
  3   2   2    2   1    2   247.658498475   42596000000.0 
  3   2   2    3   1    2   15149.4055061        956600.0 
  4   0   2    2   1    2   190.217802008    3450000000.0 
  4   0   2    3   1    2   778.014876135    2341000000.0 
  4   1   2    2   0    2   162.558579903    5790000000.0 
  4   1   2    3   0    2   628.787286073    1380000000.0 
  4   1   2    3   2    2   764.845522978   301066666.667 
  4   1   2    4   0    2   11345.5503449   9383333.33333 
  4   2   2    2   1    2   186.120566536   14184000000.0 
  4   2   2    3   1    2   713.749219884    4319600000.0 
  4   2   2    4   1    2    36245.579945        296200.0 
  4   3   2    3   2    2    748.25358328   8642571428.57 
  4   3   2    4   2    2   713169.053262   23.8485714286 
  5   0   2    2   1    2   168.562846021    1667000000.0 
  5   0   2    3   1    2   510.022868746    1079000000.0 
  5   0   2    4   1    2   1702.89969976     771000000.0 
  5   1   2    2   0    2   147.424967151    3070000000.0 
  5   1   2    3   0    2    450.07620407     827000000.0 
  5   1   2    3   2    2   515.746625849     128600000.0 
  5   1   2    4   0    2   1389.61591658     303000000.0 
  5   1   2    4   2    2   1655.92124559     156800000.0 
  5   1   2    5   0    2   22599.1875604   2996666.66667 
  5   2   2    2   1    2   166.922612125    6574000000.0 
  5   2   2    3   1    2   495.296895382    2170800000.0 
  5   2   2    4   1    2   1549.11875137     876400000.0 
  5   2   2    4   3    2   1621.96388024      31952000.0 
  5   2   2    5   1    2   71198.2998672        106760.0 
  5   3   2    3   2    2    512.18430084    2848000000.0 
  5   3   2    4   2    2   1617.76398574    1616000000.0 
  5   3   2    5   2    2   2038628.72483           3.713 
  5   4   2    4   3    2   1620.01013321    2660000000.0 
  6   0   2    2   1    2   158.905829937     935000000.0 
  6   0   2    3   1    2   430.806771943     590000000.0 
  6   0   2    4   1    2   1055.11550959     401000000.0 
  6   0   2    5   1    2    3161.7503539     308000000.0 
  6   1   2    2   0    2   140.356893889    1800000000.0 
  6   1   2    3   0    2   390.102479985     502000000.0 
  6   1   2    3   2    2   438.496562748      67320000.0 
  6   1   2    4   0    2   942.323834841     206000000.0 
  6   1   2    4   2    2   1057.66779433      77680000.0 
  6   1   2    5   0    2   2591.79904227   94366666.6667 
  6   1   2    5   2    2   3053.08342538   78213333.3333 
  6   1   2    6   0    2   39521.7880067   1183333.33333 
  6   2   2    2   1    2   158.066549355    3621200000.0 
  6   2   2    3   1    2   424.693336366    1221600000.0 
  6   2   2    4   1    2   1019.18363938     530120000.0 
  6   2   2    4   3    2   1050.21532901      13628800.0 
  6   2   2    5   1    2   2859.63955878     259040000.0 
  6   2   2    5   3    2   2984.97155117      24760000.0 
  6   2   2    6   1    2   123283.026832         44992.0 
  6   3   2    3   2    2   437.113879167    1347000000.0 
  6   3   2    4   2    2   1048.82457881     806100000.0 
  6   3   2    5   2    2   2977.94820346     451600000.0 
  6   3   2    5   4    2   2982.36319841       7111000.0 
  6   3   2    6   2    2   3337974.50549           2.045 
  6   4   2    4   3    2   1049.77062725     858400000.0 
  6   4   2    5   3    2   2982.26559585     691500000.0 
  6   5   2    5   4    2   2982.32415662    1029000000.0 
  7   0   2    2   1    2   153.659453065     587000000.0 
  7   0   2    3   1    2   394.307982418     359000000.0 
  7   0   2    4   1    2    860.12189827     237300000.0 
  7   0   2    5   1    2   1882.73257123     174000000.0 
  7   0   2    6   1    2   5275.37801586     141200000.0 
  7   1   2    2   0    2   136.424301461    1140000000.0 
  7   1   2    3   0    2   361.166411934     323000000.0 
  7   1   2    3   2    2   402.269222444      39900000.0 
  7   1   2    4   0    2   789.525155888     137000000.0 
  7   1   2    4   2    2   868.919771512   44426666.6667 
  7   1   2    5   0    2   1691.44589547      69500000.0 
  7   1   2    5   2    2   1876.47008515      42680000.0 
  7   1   2    6   0    2   4335.00432898   36566666.6667 
  7   1   2    6   2    2   5069.28800435   40966666.6667 
  7   1   2    7   0    2   63219.5065097        544000.0 
  7   2   2    2   1    2   153.167307913    2209200000.0 
  7   2   2    3   1    2   391.083405018     754400000.0 
  7   2   2    4   1    2   844.925307372     333240000.0 
  7   2   2    4   3    2    866.14221828       7140000.0 
  7   2   2    5   1    2   1811.41849157     174000000.0 
  7   2   2    5   3    2   1861.16440846      12120000.0 
  7   2   2    6   1    2   4751.25875806      96480000.0 
  7   2   2    6   3    2   4950.81623783      15980000.0 
  7   2   2    7   1    2   196357.082729         20268.0 
  7   3   2    3   2    2   401.620219156     757700000.0 
  7   3   2    4   2    2   865.329303277     460100000.0 
  7   3   2    5   2    2   1858.79546187     270900000.0 
  7   3   2    5   4    2   1860.51462557       2907000.0 
  7   3   2    6   2    2   4938.74199248     161800000.0 
  7   3   2    6   4    2   4946.16738223       6943000.0 
  7   3   2    7   2    2   5148401.35594           1.126 
  7   4   2    4   3    2   865.974001785     403900000.0 
  7   4   2    5   3    2   1860.48043903     342800000.0 
  7   4   2    6   3    2   4945.97946202     235400000.0 
  7   4   2    6   5    2   4946.08684325       2097000.0 
  7   5   2    5   4    2   1860.50322992     318100000.0 
  7   5   2    6   4    2   4946.08684325     332900000.0 
  7   6   2    6   5    2   4946.08684325     463200000.0 
  8   0   2    2   1    2   150.461926401     387000000.0 
  8   0   2    3   1    2   373.916959777     234200000.0 
  8   0   2    4   1    2   768.682140027     153100000.0 
  8   0   2    5   1    2   1493.77509454     109200000.0 
  8   0   2    6   1    2   3050.06545734      84800000.0 
  8   0   2    7   1    2   8164.32914137      72100000.0 
  8   1   2    2   0    2   133.992827284     772000000.0 
  8   1   2    3   0    2   344.611259297     219000000.0 
  8   1   2    3   2    2   381.838090548   25466666.6667 
  8   1   2    4   0    2   714.490983534      93700000.0 
  8   1   2    4   2    2   778.896311957   27893333.3333 
  8   1   2    5   0    2   1380.78853105   48966666.6667 
  8   1   2    5   2    2   1501.66113161   26006666.6667 
  8   1   2    6   0    2   2749.56437255      28500000.0 
  8   1   2    6   2    2   3027.73348691      24040000.0 
  8   1   2    7   0    2   6719.00313609      16300000.0 
  8   1   2    7   2    2   7817.32862391      22640000.0 
  8   1   2    8   0    2   94969.8158827        276000.0 
  8   2   2    2   1    2   150.147087845    1450800000.0 
  8   2   2    3   1    2    371.97858619     499040000.0 
  8   2   2    4   1    2    760.53490358     222040000.0 
  8   2   2    4   3    2   777.682211299       4261800.0 
  8   2   2    5   1    2   1463.31251467     117920000.0 
  8   2   2    5   3    2   1495.69975281       6899000.0 
  8   2   2    6   1    2   2925.70451574      69440000.0 
  8   2   2    6   3    2   3000.55001646       8622000.0 
  8   2   2    7   1    2   7330.29067495      42320000.0 
  8   2   2    7   3    2   7628.28284181      10080000.0 
  8   2   2    8   1    2   293553.079632         10572.0 
  8   3   2    3   2    2   381.513625172     473300000.0 
  8   3   2    4   2    2   777.089352732     289100000.0 
  8   3   2    5   2    2   1494.30663829     172400000.0 
  8   3   2    5   4    2    1495.4174865       1493000.0 
  8   3   2    6   2    2   2996.66234783     107900000.0 
  8   3   2    6   4    2   2999.39450393       3275000.0 
  8   3   2    7   2    2   7609.30083419      68650000.0 
  8   3   2    7   4    2   7620.75516195       5296000.0 
  8   3   2    8   2    2   7531132.56204           0.643 
  8   4   2    4   3    2   777.609895877     227800000.0 
  8   4   2    5   3    2   1495.39785454     196000000.0 
  8   4   2    6   3    2   2999.33527086     141500000.0 
  8   4   2    6   5    2   2999.37475931        816500.0 
  8   4   2    7   3    2   7620.43652055      96050000.0 
  8   4   2    7   5    2   7620.62770219       2411000.0 
  8   5   2    5   4    2   1495.41257846     146200000.0 
  8   5   2    6   4    2   2999.37475931     161200000.0 
  8   5   2    7   4    2   7620.62770219     130800000.0 
  8   5   2    7   6    2   7620.62770219        744100.0 
  8   6   2    6   5    2   2999.37475931     136100000.0 
  8   6   2    7   5    2   7620.62770219     175500000.0 
  8   7   2    7   6    2   7620.62770219     232900000.0 
  9   0   2    2   1    2   148.358850488     258000000.0 
  9   0   2    3   1    2   361.192799823     162100000.0 
  9   0   2    4   1    2   716.773059538     102500000.0 
  9   0   2    5   1    2   1309.48551294      73400000.0 
  9   0   2    6   1    2   2369.24328629      56100000.0 
  9   0   2    7   1    2   4614.71908766      44800000.0 
  9   0   2    8   1    2    11949.684932      39900000.0 
  9   1   2    2   0    2   132.377847614     531000000.0 
  9   1   2    3   0    2   334.127620859     155000000.0 
  9   1   2    3   2    2   369.009270311   17786666.6667 
  9   1   2    4   0    2    670.85020376      65400000.0 
  9   1   2    4   2    2   727.317217926      18320000.0 
  9   1   2    5   0    2   1226.58478072      34900000.0 
  9   1   2    5   2    2   1321.04382618   17146666.6667 
  9   1   2    6   0    2   2199.04946532      21100000.0 
  9   1   2    6   2    2   2373.44767921   15746666.6667 
  9   1   2    7   0    2   4168.75875099      13200000.0 
  9   1   2    7   2    2   4566.85876488      14000000.0 
  9   1   2    8   0    2   9844.68863097       8310000.0 
  9   1   2    8   2    2   11410.1306292   13573333.3333 
  9   1   2    9   0    2   135800.562317   151333.333333 
  9   2   2    2   1    2   148.150962615    1010000000.0 
  9   2   2    3   1    2   359.963074108     346280000.0 
  9   2   2    4   1    2   711.946471481     153240000.0 
  9   2   2    4   3    2   726.951167687       2730000.0 
  9   2   2    5   1    2   1293.46535778      83060000.0 
  9   2   2    5   3    2   1318.23717555       4352000.0 
  9   2   2    6   1    2   2317.31477086      49860000.0 
  9   2   2    6   3    2   2362.51530259       5223000.0 
  9   2   2    7   1    2   4421.72320652      31796000.0 
  9   2   2    7   3    2   4522.91088853       5847000.0 
  9   2   2    8   1    2   10736.2404716      20948000.0 
  9   2   2    8   3    2    11126.853403       6452000.0 
  9   2   2    9   1    2   477436.451275          4412.0 
  9   3   2    3   2    2    368.85323498     317300000.0 
  9   3   2    4   2    2   726.311173386     194400000.0 
  9   3   2    5   2    2   1317.22154927     116500000.0 
  9   3   2    5   4    2   1318.08463645        881400.0 
  9   3   2    6   2    2   2360.31848487      73660000.0 
  9   3   2    6   4    2   2362.01316223       1828000.0 
  9   3   2    7   2    2   4517.01458801      48950000.0 
  9   3   2    7   4    2    4521.0484171       2760000.0 
  9   3   2    8   2    2   11098.8008038      32890000.0 
  9   3   2    8   4    2   11115.4526603       3791000.0 
  9   3   2    9   2    2   10596128.3721          0.3833 
  9   4   2    4   3    2   726.766470075     143100000.0 
  9   4   2    5   3    2   1318.07129096     123900000.0 
  9   4   2    6   3    2   2361.98255082      90510000.0 
  9   4   2    6   5    2   2362.00703988        406300.0 
  9   4   2    7   3    2   4520.95869819      64430000.0 
  9   4   2    7   5    2   4521.02598704       1089000.0 
  9   4   2    8   3    2    11115.045923      44650000.0 
  9   4   2    8   5    2   11115.3170779       2080000.0 
  9   5   2    5   4    2   1318.08272993      81430000.0 
  9   5   2    6   4    2   2362.00703988      91020000.0 
  9   5   2    7   4    2   4521.02598704      77680000.0 
  9   5   2    7   6    2   4521.02598704        274500.0 
  9   5   2    8   4    2   11115.3170779      59050000.0 
  9   5   2    8   6    2   11115.3170779        966000.0 
  9   6   2    6   5    2   2362.00703988      60490000.0 
  9   6   2    7   5    2   4521.02598704      82200000.0 
  9   6   2    8   5    2   11115.3170779      76980000.0 
  9   6   2    8   7    2   11115.3170779        302300.0 
  9   7   2    7   6    2   4521.02598704      64730000.0 
  9   7   2    8   6    2   11115.3170779      99360000.0 
  9   8   2    8   7    2   11115.3170779     127300000.0 
 10   0   2    2   1    2   146.897437442     186300000.0 
 10   0   2    3   1    2   352.651381845     116900000.0 
 10   0   2    4   1    2   683.901484004      73100000.0 
 10   0   2    5   1    2    1203.7810104      52400000.0 
 10   0   2    6   1    2   2044.43424729      38700000.0 
 10   0   2    7   1    2   3524.16577933      31200000.0 
 10   0   2    8   1    2   6633.87775208      25640000.0 
 10   0   2    9   1    2   16752.2588394      23250000.0 
 10   1   2    2   0    2   131.247787733     388000000.0 
 10   1   2    3   0    2   327.020695313     113000000.0 
 10   1   2    3   2    2   360.360222986      12680000.0 
 10   1   2    4   0    2   642.802503021      48000000.0 
 10   1   2    4   2    2    694.46473374   12893333.3333 
 10   1   2    5   0    2   1135.95849419      26000000.0 
 10   1   2    5   2    2   1216.51660239   12106666.6667 
 10   1   2    6   0    2   1923.87618175      15600000.0 
 10   1   2    6   2    2   2056.04763398      10620000.0 
 10   1   2    7   0    2   3279.53157109      10300000.0 
 10   1   2    7   2    2   3520.99124531   9600666.66667 
 10   1   2    8   0    2   6001.69289031       6860000.0 
 10   1   2    8   2    2   6549.49811479       8668000.0 
 10   1   2    9   0    2   13811.0522726       4470000.0 
 10   1   2    9   2    2   15886.2494334   8168666.66667 
 10   1   2   10   0    2   186964.924087   88766.6666667 
 10   2   2    2   1    2   146.751098526     728000000.0 
 10   2   2    3   1    2   351.809178409     250920000.0 
 10   2   2    4   1    2   680.741100605     111080000.0 
 10   2   2    4   3    2   694.446618997       1900240.0 
 10   2   2    5   1    2   1194.02382107      61000000.0 
 10   2   2    5   3    2   1215.11668902       2944000.0 
 10   2   2    6   1    2   2016.44928637      36320000.0 
 10   2   2    6   3    2   2050.62972564       3440000.0 
 10   2   2    7   1    2   3441.82603791      23996000.0 
 10   2   2    7   3    2   3502.94661013       3716000.0 
 10   2   2    8   1    2    6348.0073841      16260000.0 
 10   2   2    8   3    2   6482.97944694       3956000.0 
 10   2   2    9   1    2   15041.7122609      11168000.0 
 10   2   2    9   3    2   15556.2068318       4230000.0 
 10   2   2   10   1    2   694563.292684          2255.6 
 10   3   2    3   2    2   360.300950939     223800000.0 
 10   3   2    4   2    2    693.87946178     137400000.0 
 10   3   2    5   2    2   1214.29090735      82520000.0 
 10   3   2    5   4    2   1215.02434003        570000.0 
 10   3   2    6   2    2   2049.08041015      52380000.0 
 10   3   2    6   4    2   2050.35750366       1140000.0 
 10   3   2    7   2    2   3499.71787713      35130000.0 
 10   3   2    7   4    2    3502.1388685       1639000.0 
 10   3   2    8   2    2   6474.50418126      24580000.0 
 10   3   2    8   4    2   6480.16725452       2127000.0 
 10   3   2    9   2    2   15516.7388639      17270000.0 
 10   3   2    9   4    2   15539.7595539       2679000.0 
 10   3   2   10   2    2   14464556.1905           0.238 
 10   4   2    4   3    2   694.294994236      96640000.0 
 10   4   2    5   3    2    1215.0129999      83870000.0 
 10   4   2    6   3    2   2050.33443732      61580000.0 
 10   4   2    6   5    2   2050.35289035        235100.0 
 10   4   2    7   3    2    3502.0850323      44330000.0 
 10   4   2    7   5    2   3502.12540929        590900.0 
 10   4   2    8   3    2   6480.02901292      32130000.0 
 10   4   2    8   5    2   6480.12117333       1042000.0 
 10   4   2    9   3    2   15539.2295756      22880000.0 
 10   4   2    9   5    2   15539.4945602       1640000.0 
 10   5   2    5   4    2      1215.02272      50830000.0 
 10   5   2    6   4    2   2050.35289035      57120000.0 
 10   5   2    7   4    2   3502.12540929      49380000.0 
 10   5   2    7   6    2   3502.12540929        131600.0 
 10   5   2    8   4    2   6480.12117333      39400000.0 
 10   5   2    8   6    2   6480.12117333        416100.0 
 10   5   2    9   4    2   15539.4945602      29560000.0 
 10   5   2    9   6    2   15539.4945602        916600.0 
 10   6   2    6   5    2   2050.35289035      32960000.0 
 10   6   2    7   5    2   3502.12540929      45400000.0 
 10   6   2    8   5    2   6480.12117333      44730000.0 
 10   6   2    8   7    2   6480.12117333        105500.0 
 10   6   2    9   5    2   15539.4945602      37660000.0 
 10   6   2    9   7    2   15539.4945602        431100.0 
 10   7   2    7   6    2   3502.12540929      27700000.0 
 10   7   2    8   6    2   6480.12117333      44790000.0 
 10   7   2    9   6    2   15539.4945602      47540000.0 
 10   7   2    9   8    2   15539.4945602        136200.0 
 10   8   2    8   7    2   6480.12117333      33450000.0 
 10   8   2    9   7    2   15539.4945602      59580000.0 
 10   9   2    9   8    2   15539.4945602      74270000.0 
 11   0   2    2   1    2   146.242201765     129200000.0 
 11   0   2    3   1    2   347.203313887      83710000.0 
 11   0   2    4   1    2   662.402923895      54600000.0 
 11   0   2    5   1    2   1137.42032278      38020000.0 
 11   0   2    6   1    2   1858.62485748      28130000.0 
 11   0   2    7   1    2   3004.09122377      21950000.0 
 11   0   2    8   1    2   5000.28555281      18000000.0 
 11   0   2    9   1    2   9173.02893036      15540000.0 
 11   0   2   10   1    2   22717.4990651      14360000.0 
 11   1   2    2   0    2   130.673420498     280200000.0 
 11   1   2    3   0    2   322.369852571      82840000.0 
 11   1   2    3   2    2   354.387218109       9040000.0 
 11   1   2    4   0    2   624.141827028      36250000.0 
 11   1   2    4   2    2   672.274721173       9637000.0 
 11   1   2    5   0    2   1077.99388645      19410000.0 
 11   1   2    5   2    2   1149.63602163       8634000.0 
 11   1   2    6   0    2   1762.21010373      11750000.0 
 11   1   2    6   2    2   1871.47310161       7518000.0 
 11   1   2    7   0    2   2834.63474723       7723000.0 
 11   1   2    7   2    2   3011.57692969       6603000.0 
 11   1   2    8   0    2   4660.09215176       5366000.0 
 11   1   2    8   2    2   4980.90777909       5933000.0 
 11   1   2    9   0    2   8303.26784998       3835000.0 
 11   1   2    9   2    2   9028.43510051       5503000.0 
 11   1   2   10   0    2   18720.6902644       2597000.0 
 11   1   2   10   2    2   21559.2656383       5273000.0 
 11   1   2   11   0    2   248437.033806         55560.0 
 11   2   2    2   1    2   146.129542199     535500000.0 
 11   2   2    3   1    2   346.568961085     185500000.0 
 11   2   2    4   1    2   660.097833905      83750000.0 
 11   2   2    4   3    2   672.101675189       1380000.0 
 11   2   2    5   1    2   1130.64074027      45000000.0 
 11   2   2    5   3    2   1148.63759318       2095000.0 
 11   2   2    6   1    2   1840.59027055      27140000.0 
 11   2   2    6   3    2   1868.16207041       2404000.0 
 11   2   2    7   1    2   2957.25740396      17760000.0 
 11   2   2    7   3    2   3002.06241538       2535000.0 
 11   2   2    8   1    2   4871.86129689      12320000.0 
 11   2   2    8   3    2   4953.42664717       2613000.0 
 11   2   2    9   1    2   8749.89956407       8891000.0 
 11   2   2    9   3    2   8935.47983487       2712000.0 
 11   2   2   10   1    2   20287.7983837       6347000.0 
 11   2   2   10   3    2    21025.519485       2846000.0 
 11   2   2   11   1    2   802171.690141          2003.0 
 11   3   2    3   2    2    354.22411501     164100000.0 
 11   3   2    4   2    2    671.68801532     100900000.0 
 11   3   2    5   2    2   1147.92135957      60680000.0 
 11   3   2    5   4    2   1148.57678715        392900.0 
 11   3   2    6   2    2   1866.93349231      38580000.0 
 11   3   2    6   4    2   1867.99357156        766600.0 
 11   3   2    7   2    2   2999.83882649      25950000.0 
 11   3   2    7   4    2   3001.61743392       1067000.0 
 11   3   2    8   2    2   4948.88039275      18300000.0 
 11   3   2    8   4    2     4952.188378       1326000.0 
 11   3   2    9   2    2   8923.75451688      13360000.0 
 11   3   2    9   4    2   8931.36371655       1592000.0 
 11   3   2   10   2    2   20971.8088926       9745000.0 
 11   3   2   10   4    2   21002.7436157       1902000.0 
 11   3   2   11   2    2   18984729.9998          0.1533 
 11   4   2    4   3    2   672.077386466      68700000.0 
 11   4   2    5   3    2   1148.56665343      59720000.0 
 11   4   2    6   3    2   1867.97442588      43960000.0 
 11   4   2    6   5    2   1867.98974239        150000.0 
 11   4   2    7   3    2    3001.5778864      31770000.0 
 11   4   2    7   5    2   3001.60754695        361800.0 
 11   4   2    8   3    2   4952.10764281      23260000.0 
 11   4   2    8   5    2   4952.16146598        603200.0 
 11   4   2    9   3    2    8931.1886467      17290000.0 
 11   4   2    9   5    2   8931.27618077        887000.0 
 11   4   2   10   3    2   21001.7755243      12660000.0 
 11   4   2   10   5    2   21002.2595589       1252000.0 
 11   5   2    5   4    2   1148.57533946      34210000.0 
 11   5   2    6   4    2   1867.98974239      38560000.0 
 11   5   2    7   4    2   3001.60754695      33500000.0 
 11   5   2    7   6    2   3001.60754695         74150.0 
 11   5   2    8   4    2   4952.16146598      27050000.0 
 11   5   2    8   6    2   4952.16146598        218700.0 
 11   5   2    9   4    2   8931.27618077      21260000.0 
 11   5   2    9   6    2   8931.27618077        440000.0 
 11   5   2   10   4    2   21002.2595589      16030000.0 
 11   5   2   10   6    2   21002.2595589        780000.0 
 11   6   2    6   5    2   1867.98974239      20270000.0 
 11   6   2    7   5    2   3001.60754695      28080000.0 
 11   6   2    8   5    2   4952.16146598      28020000.0 
 11   6   2    8   7    2   4952.16146598         48610.0 
 11   6   2    9   5    2   8931.27618077      24790000.0 
 11   6   2    9   7    2   8931.27618077        177000.0 
 11   6   2   10   5    2   21002.2595589      20050000.0 
 11   6   2   10   7    2   21002.2595589        441200.0 
 11   7   2    7   6    2   3001.60754695      14680000.0 
 11   7   2    8   6    2   4952.16146598      24060000.0 
 11   7   2    9   6    2   8931.27618077      26880000.0 
 11   7   2    9   8    2   8931.27618077         45030.0 
 11   7   2   10   6    2   21002.2595589      24840000.0 
 11   7   2   10   8    2   21002.2595589        209400.0 
 11   8   2    8   7    2   4952.16146598      13740000.0 
 11   8   2    9   7    2   8931.27618077      25770000.0 
 11   8   2   10   7    2   21002.2595589      30580000.0 
 11   8   2   10   9    2   21002.2595589         66640.0 
 11   9   2    9   8    2   8931.27618077      18470000.0 
 11   9   2   10   8    2   21002.2595589      37450000.0 
 11  10   2   10   9    2   21002.2595589      45670000.0 
 12   0   2    2   1    2   145.445744365      96740000.0 
 12   0   2    3   1    2    342.74729813      63400000.0 
 12   0   2    4   1    2   646.370737845      41390000.0 
 12   0   2    5   1    2    1090.9562644      28730000.0 
 12   0   2    6   1    2   1737.68964537      21130000.0 
 12   0   2    7   1    2     2700.338525      16340000.0 
 12   0   2    8   1    2   4211.71187577      13200000.0 
 12   0   2    9   1    2   6827.81154469      11130000.0 
 12   0   2   10   1    2   12275.4366539       9832000.0 
 12   0   2   11   1    2   29922.7372431       9249000.0 
 12   1   2    2   0    2   130.052903604     213000000.0 
 12   1   2    3   0    2   318.619491701      63420000.0 
 12   1   2    3   2    2    349.86013151       6852000.0 
 12   1   2    4   0    2   610.235042406      27880000.0 
 12   1   2    4   2    2   656.167964337       7280000.0 
 12   1   2    5   0    2   1037.17016329      14980000.0 
 12   1   2    5   2    2   1103.32236388       6483000.0 
 12   1   2    6   0    2   1655.67814764       9097000.0 
 12   1   2    6   2    2   1751.76959542       5596000.0 
 12   1   2    7   0    2   2568.76563429       6002000.0 
 12   1   2    7   2    2   2713.22672177       4855000.0 
 12   1   2    8   0    2   3982.46237217       4202000.0 
 12   1   2    8   2    2   4214.43884842       4290000.0 
 12   1   2    9   0    2   6371.56109942       3065000.0 
 12   1   2    9   2    2   6790.06184522       3888000.0 
 12   1   2   10   0    2   11119.7930445       2277000.0 
 12   1   2   10   2    2   12063.2112363       3636000.0 
 12   1   2   11   0    2   24668.1746569       1593000.0 
 12   1   2   11   2    2   28355.6971715       3506000.0 
 12   1   2   12   0    2   323258.971266         35810.0 
 12   2   2    2   1    2   145.360064303     408000000.0 
 12   2   2    3   1    2   342.271876539     141800000.0 
 12   2   2    4   1    2   644.682005272      64190000.0 
 12   2   2    4   3    2   656.126861061       1032000.0 
 12   2   2    5   1    2   1086.15415055      34550000.0 
 12   2   2    5   3    2   1102.75224873       1550000.0 
 12   2   2    6   1    2    1725.5381306      20870000.0 
 12   2   2    6   3    2   1749.74806019       1754000.0 
 12   2   2    7   1    2   2671.10755459      13680000.0 
 12   2   2    7   3    2   2707.60772289       1819000.0 
 12   2   2    8   1    2   4141.03118269       9525000.0 
 12   2   2    8   3    2   4199.81306861       1834000.0 
 12   2   2    9   1    2   6643.97034056       6938000.0 
 12   2   2    9   3    2   6750.42624117       1848000.0 
 12   2   2   10   1    2   11693.7049584       5207000.0 
 12   2   2   10   3    2   11935.0775356       1891000.0 
 12   2   2   11   1    2   26686.5915014       3845000.0 
 12   2   2   11   3    2   27645.1488032       1963000.0 
 12   2   2   12   1    2   1042639.63387          1301.0 
 12   3   2    3   2    2   349.737808051     124100000.0 
 12   3   2    4   2    2   655.737816277      76370000.0 
 12   3   2    5   2    2    1102.1067412      45970000.0 
 12   3   2    5   4    2   1102.71088157        283700.0 
 12   3   2    6   2    2   1748.70716107      29260000.0 
 12   3   2    6   4    2   1749.63719587        544000.0 
 12   3   2    7   2    2   2705.88718777      19700000.0 
 12   3   2    7   4    2   2707.33422066        740700.0 
 12   3   2    8   2    2   4196.75705549      13920000.0 
 12   3   2    8   4    2   4199.13571998        894100.0 
 12   3   2    9   2    2   6744.28117853      10230000.0 
 12   3   2    9   4    2   6748.62652744       1032000.0 
 12   3   2   10   2    2   11919.4663318       7739000.0 
 12   3   2   10   4    2   11929.4527936       1183000.0 
 12   3   2   11   2    2   27574.0450254       5824000.0 
 12   3   2   11   4    2   27614.9895451       1366000.0 
 12   3   2   12   2    2   24628838.9184           0.102 
 12   4   2    4   3    2   656.108909522      50780000.0 
 12   4   2    5   3    2   1102.70154103      44190000.0 
 12   4   2    6   3    2   1749.62039947      32570000.0 
 12   4   2    6   5    2   1749.63383657        102500.0 
 12   4   2    7   3    2   2707.30204756      23580000.0 
 12   4   2    7   5    2   2707.32617731        240300.0 
 12   4   2    8   3    2   4199.07767169      17320000.0 
 12   4   2    8   5    2   4199.11637037        386100.0 
 12   4   2    9   3    2   6748.52657148      12990000.0 
 12   4   2    9   5    2   6748.57654909        540200.0 
 12   4   2   10   3    2   11929.1404634       9906000.0 
 12   4   2   10   5    2   11929.2966265        719200.0 
 12   4   2   11   3    2   27613.3159601       7438000.0 
 12   4   2   11   5    2   27614.1527273        947700.0 
 12   5   2    5   4    2    1102.7095472      24300000.0 
 12   5   2    6   4    2   1749.63383657      27440000.0 
 12   5   2    7   4    2   2707.32617731      23890000.0 
 12   5   2    7   6    2   2707.32617731         46420.0 
 12   5   2    8   4    2   4199.11637037      19380000.0 
 12   5   2    8   6    2   4199.11637037        130900.0 
 12   5   2    9   4    2   6748.57654909      15400000.0 
 12   5   2    9   6    2   6748.57654909        247600.0 
 12   5   2   10   4    2   11929.2966265      12140000.0 
 12   5   2   10   6    2   11929.2966265        406000.0 
 12   5   2   11   4    2   27614.1527273       9269000.0 
 12   5   2   11   6    2   27614.1527273        634300.0 
 12   6   2    6   5    2   1749.63383657      13510000.0 
 12   6   2    7   5    2   2707.32617731      18760000.0 
 12   6   2    8   5    2   4199.11637037      18820000.0 
 12   6   2    8   7    2   4199.11637037         26570.0 
 12   6   2    9   5    2   6748.57654909      16850000.0 
 12   6   2    9   7    2   6748.57654909         89850.0 
 12   6   2   10   5    2   11929.2966265      14300000.0 
 12   6   2   10   7    2   11929.2966265        202900.0 
 12   6   2   11   5    2   27614.1527273      11410000.0 
 12   6   2   11   7    2   27614.1527273        399600.0 
 12   7   2    7   6    2   2707.32617731       8849000.0 
 12   7   2    8   6    2   4199.11637037      14590000.0 
 12   7   2    9   6    2   6748.57654909      16510000.0 
 12   7   2    9   8    2   6748.57654909         19890.0 
 12   7   2   10   6    2   11929.2966265      16040000.0 
 12   7   2   10   8    2   11929.2966265         81950.0 
 12   7   2   11   6    2   27614.1527273      13920000.0 
 12   7   2   11   8    2   27614.1527273        227900.0 
 12   8   2    8   7    2   4199.11637037       7060000.0 
 12   8   2    9   7    2   6748.57654909      13430000.0 
 12   8   2   10   7    2   11929.2966265      16770000.0 
 12   8   2   10   9    2   11929.2966265         20880.0 
 12   8   2   11   7    2   27614.1527273      16880000.0 
 12   8   2   11   9    2   27614.1527273        108900.0 
 12   9   2    9   8    2   6748.57654909       7269000.0 
 12   9   2   10   8    2   11929.2966265      15530000.0 
 12   9   2   11   8    2   27614.1527273      20370000.0 
 12   9   2   11  10    2   27614.1527273         34850.0 
 12  10   2   10   9    2   11929.2966265      10760000.0 
 12  10   2   11   9    2   27614.1527273      24480000.0 
 12  11   2   11  10    2   27614.1527273      29320000.0 
 13   0   2    2   1    2   144.833569672      71410000.0 
 13   0   2    3   1    2   339.367048067      48520000.0 
 13   0   2    4   1    2   634.453203816      31940000.0 
 13   0   2    5   1    2   1057.43157719      22200000.0 
 13   0   2    6   1    2   1654.15739842      16280000.0 
 13   0   2    7   1    2   2503.85232974      12510000.0 
 13   0   2    8   1    2   3752.43276631      10020000.0 
 13   0   2    9   1    2   5697.34185288       8322000.0 
 13   0   2   10   1    2   9047.79769056       7179000.0 
 13   0   2   11   1    2   16005.1117044       6462000.0 
 13   0   2   12   1    2   38510.2074969       6175000.0 
 13   1   2    2   0    2   129.574117569     178700000.0 
 13   1   2    3   0    2   315.761019204      52830000.0 
 13   1   2    3   2    2   346.416660838       5621000.0 
 13   1   2    4   0    2   599.835070656      23070000.0 
 13   1   2    4   2    2    644.15884501       5903000.0 
 13   1   2    5   0    2    1007.4815257      12320000.0 
 13   1   2    5   2    2   1069.78700924       5194000.0 
 13   1   2    6   0    2   1581.29214965       7444000.0 
 13   1   2    6   2    2   1668.71524605       4425000.0 
 13   1   2    7   0    2   2394.03909206       4890000.0 
 13   1   2    7   2    2   2519.03801499       3784000.0 
 13   1   2    8   0    2   3577.65090632       3414000.0 
 13   1   2    8   2    2   3763.76216359       3286000.0 
 13   1   2    9   0    2    5394.9218528       2492000.0 
 13   1   2    9   2    2   5691.96824425       2916000.0 
 13   1   2   10   0    2   8450.09820013       1878000.0 
 13   1   2   10   2    2   8984.01924442       2654000.0 
 13   1   2   11   0    2   14503.2314744       1433000.0 
 13   1   2   11   2    2   15703.9194871       2492000.0 
 13   1   2   12   0    2   31740.4054336       1026000.0 
 13   1   2   12   2    2   36425.9119799       2411000.0 
 13   1   2   13   0    2   409006.750449         24350.0 
 13   2   2    2   1    2   144.766798354     318300000.0 
 13   2   2    3   1    2   339.000676315     111400000.0 
 13   2   2    4   1    2    633.17389809      50540000.0 
 13   2   2    4   3    2   644.210303072        799500.0 
 13   2   2    5   1    2   1053.88265663      27230000.0 
 13   2   2    5   3    2   1069.50199989       1190000.0 
 13   2   2    6   1    2   1645.48930384      16460000.0 
 13   2   2    6   3    2   1667.49078666       1332000.0 
 13   2   2    7   1    2   2484.04527216      10790000.0 
 13   2   2    7   3    2   2515.58193397       1363000.0 
 13   2   2    8   1    2   3708.12105034       7518000.0 
 13   2   2    8   3    2   3755.18521113       1351000.0 
 13   2   2    9   1    2   5595.81351936       5486000.0 
 13   2   2    9   3    2    5671.1394343       1333000.0 
 13   2   2   10   1    2   8794.40102684       4150000.0 
 13   2   2   10   3    2   8930.22588517       1326000.0 
 13   2   2   11   1    2   15228.9020355       3214000.0 
 13   2   2   11   3    2   15536.3153408       1346000.0 
 13   2   2   12   1    2   34303.2953134       2439000.0 
 13   2   2   12   3    2    35521.440711       1386000.0 
 13   2   2   13   1    2   1352028.24926           824.8 
 13   3   2    3   2    2   346.324107698      96230000.0 
 13   3   2    4   2    2    643.83889668      59250000.0 
 13   3   2    5   2    2   1068.90485195      35690000.0 
 13   3   2    5   4    2   1069.47313076        212500.0 
 13   3   2    6   2    2   1666.56981082      22730000.0 
 13   3   2    6   4    2   1667.41450829        402100.0 
 13   3   2    7   2    2     2514.152212      15310000.0 
 13   3   2    7   4    2   2515.40139397        538800.0 
 13   3   2    8   2    2   3752.86546769      10830000.0 
 13   3   2    8   4    2   3754.76744569        637200.0 
 13   3   2    9   2    2   5667.08358209       7969000.0 
 13   3   2    9   4    2   5670.15138788        716000.0 
 13   3   2   10   2    2   8922.18181818       6061000.0 
 13   3   2   10   4    2   8927.77615581        792300.0 
 13   3   2   11   2    2   15515.9462635       4722000.0 
 13   3   2   11   4    2   15528.9022187        882600.0 
 13   3   2   12   2    2   35430.2892691       3649000.0 
 13   3   2   12   4    2   35482.7131843        995300.0 
 13   3   2   13   2    2   31423001.3788         0.06445 
 13   4   2    4   3    2   644.197096236      38690000.0 
 13   4   2    5   3    2   1069.46559994      33690000.0 
 13   4   2    6   3    2    1667.4023044      24850000.0 
 13   4   2    6   5    2   1667.41450829         73580.0 
 13   4   2    7   3    2    2515.3805641      18020000.0 
 13   4   2    7   5    2   2515.40139397        169100.0 
 13   4   2    8   3    2    3754.7365038      13250000.0 
 13   4   2    8   5    2   3754.76744569        264900.0 
 13   4   2    9   3    2   5670.11610687       9968000.0 
 13   4   2    9   5    2   5670.15138788        358400.0 
 13   4   2   10   3    2   8927.68869034       7660000.0 
 13   4   2   10   5    2   8927.77615581        456200.0 
 13   4   2   11   3    2   15528.6375952       5980000.0 
 13   4   2   11   5    2   15528.9022187        571200.0 
 13   4   2   12   3    2   35481.3316201       4593000.0 
 13   4   2   12   5    2   35482.7131843        718300.0 
 13   5   2    5   4    2   1069.47313076      17970000.0 
 13   5   2    6   4    2   1667.41450829      20310000.0 
 13   5   2    7   4    2   2515.40139397      17710000.0 
 13   5   2    7   6    2   2515.40139397         31260.0 
 13   5   2    8   4    2   3754.76744569      14400000.0 
 13   5   2    8   6    2   3754.76744569         85460.0 
 13   5   2    9   4    2   5670.15138788      11480000.0 
 13   5   2    9   6    2   5670.15138788        155200.0 
 13   5   2   10   4    2   8927.77615581       9145000.0 
 13   5   2   10   6    2   8927.77615581        240900.0 
 13   5   2   11   4    2   15528.9022187       7288000.0 
 13   5   2   11   6    2   15528.9022187        351600.0 
 13   5   2   12   4    2   35482.7131843       5645000.0 
 13   5   2   12   6    2   35482.7131843        506100.0 
 13   6   2    6   5    2   1667.41450829       9530000.0 
 13   6   2    7   5    2   2515.40139397      13260000.0 
 13   6   2    8   5    2   3754.76744569      13340000.0 
 13   6   2    8   7    2   3754.76744569         16260.0 
 13   6   2    9   5    2   5670.15138788      12000000.0 
 13   6   2    9   7    2   5670.15138788         52390.0 
 13   6   2   10   5    2   8927.77615581      10290000.0 
 13   6   2   10   7    2   8927.77615581        110700.0 
 13   6   2   11   5    2   15528.9022187       8601000.0 
 13   6   2   11   7    2   15528.9022187        200000.0 
 13   6   2   12   5    2   35482.7131843       6856000.0 
 13   6   2   12   7    2   35482.7131843        342300.0 
 13   7   2    7   6    2   2515.40139397       5810000.0 
 13   7   2    8   6    2   3754.76744569       9604000.0 
 13   7   2    9   6    2   5670.15138788      10930000.0 
 13   7   2    9   8    2   5670.15138788         10530.0 
 13   7   2   10   6    2   8927.77615581      10750000.0 
 13   7   2   10   8    2   8927.77615581         40130.0 
 13   7   2   11   6    2   15528.9022187       9794000.0 
 13   7   2   11   8    2   15528.9022187        100400.0 
 13   7   2   12   6    2   35482.7131843       8258000.0 
 13   7   2   12   8    2   35482.7131843        217300.0 
 13   8   2    8   7    2   3754.76744569       4157000.0 
 13   8   2    9   7    2   5670.15138788       7950000.0 
 13   8   2   10   7    2   8927.77615581      10060000.0 
 13   8   2   10   9    2   8927.77615581          8847.0 
 13   8   2   11   7    2   15528.9022187      10650000.0 
 13   8   2   11   9    2   15528.9022187         40660.0 
 13   8   2   12   7    2   35482.7131843       9886000.0 
 13   8   2   12   9    2   35482.7131843        124800.0 
 13   9   2    9   8    2   5670.15138788       3616000.0 
 13   9   2   10   8    2   8927.77615581       7831000.0 
 13   9   2   11   8    2   15528.9022187      10810000.0 
 13   9   2   11  10    2   15528.9022187         10370.0 
 13   9   2   12   8    2   35482.7131843      11780000.0 
 13   9   2   12  10    2   35482.7131843         59920.0 
 13  10   2   10   9    2   8927.77615581       4059000.0 
 13  10   2   11   9    2   15528.9022187       9731000.0 
 13  10   2   12   9    2   35482.7131843      13980000.0 
 13  10   2   12  11    2   35482.7131843         19260.0 
 13  11   2   11  10    2   15528.9022187       6554000.0 
 13  11   2   12  10    2   35482.7131843      16540000.0 
 13  12   2   12  11    2   35482.7131843      19510000.0 
 14   0   2    2   1    2   144.352549143      53090000.0 
 14   0   2    3   1    2   336.737800619      37600000.0 
 14   0   2    4   1    2   625.325207632      25020000.0 
 14   0   2    5   1    2   1032.31646918      17440000.0 
 14   0   2    6   1    2   1593.51143023      12780000.0 
 14   0   2    7   1    2   2367.46851228       9787000.0 
 14   0   2    8   1    2   3454.21582712       7788000.0 
 14   0   2    9   1    2    5037.0734943       6412000.0 
 14   0   2   10   1    2   7488.86072829       5453000.0 
 14   0   2   11   1    2   11697.6077636       4795000.0 
 14   0   2   12   1    2   20418.7196666       4386000.0 
 14   0   2   13   1    2   48632.0333013       4275000.0 
 14   1   2    2   0    2    129.19716927     139200000.0 
 14   1   2    3   0    2   313.531810885      41870000.0 
 14   1   2    3   2    2   343.735433717       4472000.0 
 14   1   2    4   0    2   591.841373241      18460000.0 
 14   1   2    4   2    2   634.949208497       4705000.0 
 14   1   2    5   0    2   985.133321586       9919000.0 
 14   1   2    5   2    2   1044.62370177       4135000.0 
 14   1   2    6   0    2   1526.92454243       6013000.0 
 14   1   2    6   2    2   1608.28481066       3508000.0 
 14   1   2    7   0    2   2271.58568049       3959000.0 
 14   1   2    7   2    2   2383.82466889       2982000.0 
 14   1   2    8   0    2    3310.9291865       2771000.0 
 14   1   2    8   2    2   3469.70906391       2568000.0 
 14   1   2    9   0    2   4810.54864304       2029000.0 
 14   1   2    9   2    2   5045.32843159       2252000.0 
 14   1   2   10   0    2   7099.30694921       1539000.0 
 14   1   2   10   2    2   7472.40317833       2018000.0 
 14   1   2   11   0    2    10932.886708       1196000.0 
 14   1   2   11   2    2   11601.5511732       1853000.0 
 14   1   2   12   0    2    18510.776981        936300.0 
 14   1   2   12   2    2   20012.0133521       1754000.0 
 14   1   2   13   0    2   40060.9768321        678200.0 
 14   1   2   13   2    2   45919.2260015       1691000.0 
 14   1   2   14   0    2    511660.32566         16780.0 
 14   2   2    2   1    2   144.299517918     248800000.0 
 14   2   2    3   1    2   336.449361672      88030000.0 
 14   2   2    4   1    2   624.331260375      40140000.0 
 14   2   2    4   3    2   635.058947003        629800.0 
 14   2   2    5   1    2   1029.61046709      21690000.0 
 14   2   2    5   3    2   1044.51354375        931400.0 
 14   2   2    6   1    2   1587.07278715      13140000.0 
 14   2   2    6   3    2   1607.53013897       1035000.0 
 14   2   2    7   1    2    2353.2844393       8625000.0 
 14   2   2    7   3    2   2381.56938894       1049000.0 
 14   2   2    8   1    2   3424.10388791       6013000.0 
 14   2   2    8   3    2   3464.19558036       1028000.0 
 14   2   2    9   1    2   4973.29636745       4392000.0 
 14   2   2    9   3    2   5032.70598501        999200.0 
 14   2   2   10   1    2    7348.7499496       3329000.0 
 14   2   2   10   3    2   7443.35024137        975200.0 
 14   2   2   11   1    2   11359.3158984       2599000.0 
 14   2   2   11   3    2    11529.479997        964800.0 
 14   2   2   12   1    2   19409.7220388       2067000.0 
 14   2   2   12   3    2   19793.8016421        974900.0 
 14   2   2   13   1    2   43274.1494919       1619000.0 
 14   2   2   13   3    2   44768.7074429        998900.0 
 14   2   2   14   1    2   1690662.41187           566.0 
 14   3   2    3   2    2   343.662580757      76090000.0 
 14   3   2    4   2    2   634.700667181      46890000.0 
 14   3   2    5   2    2   1043.95114228      28260000.0 
 14   3   2    5   4    2   1044.49319101        163700.0 
 14   3   2    6   2    2   1606.69118606      18010000.0 
 14   3   2    6   4    2   1607.47626095        306700.0 
 14   3   2    7   2    2   2380.32520707      12140000.0 
 14   3   2    7   4    2   2381.44491223        406000.0 
 14   3   2    8   2    2   3462.30025418       8583000.0 
 14   3   2    8   4    2   3463.91904939        473100.0 
 14   3   2    9   2    2     5029.678217       6318000.0 
 14   3   2    9   4    2   5032.09458228        521700.0 
 14   3   2   10   2    2   7438.12526018       4810000.0 
 14   3   2   10   4    2   7442.01291966        563200.0 
 14   3   2   11   2    2   11519.1323364       3765000.0 
 14   3   2   11   4    2   11526.2716924        607200.0 
 14   3   2   12   2    2   19768.0385266       3008000.0 
 14   3   2   12   4    2    19784.347373        663700.0 
 14   3   2   13   2    2   44654.6302739       2379000.0 
 14   3   2   13   4    2   44718.1784277        736000.0 
 14   3   2   14   2    2    39620306.086         0.04506 
 14   4   2    4   3    2   635.048768046      30220000.0 
 14   4   2    5   3    2   1044.48600787      26330000.0 
 14   4   2    6   3    2   1607.46491867      19430000.0 
 14   4   2    6   5    2   1607.47626095         54880.0 
 14   4   2    7   3    2   2381.42624185      14090000.0 
 14   4   2    7   5    2   2381.44491223        124300.0 
 14   4   2    8   3    2   3463.89271541      10380000.0 
 14   4   2    8   5    2   3463.91904939        191100.0 
 14   4   2    9   3    2   5032.06679478       7811000.0 
 14   4   2    9   5    2   5032.09458228        252500.0 
 14   4   2   10   3    2   7441.95214373       6015000.0 
 14   4   2   10   5    2   7442.01291966        311700.0 
 14   4   2   11   3    2   11526.1259028       4729000.0 
 14   4   2   11   5    2   11526.2716924        374600.0 
 14   4   2   12   3    2   19783.9178481       3771000.0 
 14   4   2   12   5    2    19784.347373        450400.0 
 14   4   2   13   3    2   44718.1784277       2956000.0 
 14   4   2   13   5    2   44718.1784277        547800.0 
 14   5   2    5   4    2   1044.49319101      13720000.0 
 14   5   2    6   4    2   1607.47626095      15510000.0 
 14   5   2    7   4    2   2381.44491223      13540000.0 
 14   5   2    7   6    2   2381.44491223         22210.0 
 14   5   2    8   4    2   3463.91904939      11020000.0 
 14   5   2    8   6    2   3463.91904939         59390.0 
 14   5   2    9   4    2   5032.09458228       8802000.0 
 14   5   2    9   6    2   5032.09458228        104900.0 
 14   5   2   10   4    2   7442.01291966       7034000.0 
 14   5   2   10   6    2   7442.01291966        156800.0 
 14   5   2   11   4    2   11526.2716924       5656000.0 
 14   5   2   11   6    2   11526.2716924        217700.0 
 14   5   2   12   4    2    19784.347373       4566000.0 
 14   5   2   12   6    2    19784.347373        295200.0 
 14   5   2   13   4    2   44718.1784277       3590000.0 
 14   5   2   13   6    2   44718.1784277        401200.0 
 14   6   2    6   5    2   1607.47626095       7016000.0 
 14   6   2    7   5    2   2381.44491223       9773000.0 
 14   6   2    8   5    2   3463.91904939       9843000.0 
 14   6   2    8   7    2   3463.91904939         10760.0 
 14   6   2    9   5    2   5032.09458228       8874000.0 
 14   6   2    9   7    2   5032.09458228         33530.0 
 14   6   2   10   5    2   7442.01291966       7646000.0 
 14   6   2   10   7    2   7442.01291966         67830.0 
 14   6   2   11   5    2   11526.2716924       6457000.0 
 14   6   2   11   7    2   11526.2716924        115400.0 
 14   6   2   12   5    2    19784.347373       5381000.0 
 14   6   2   12   7    2    19784.347373        183100.0 
 14   6   2   13   5    2   44718.1784277       4309000.0 
 14   6   2   13   7    2   44718.1784277        285500.0 
 14   7   2    7   6    2   2381.44491223       4054000.0 
 14   7   2    8   6    2   3463.91904939       6712000.0 
 14   7   2    9   6    2   5032.09458228       7655000.0 
 14   7   2    9   8    2   5032.09458228          6281.0 
 14   7   2   10   6    2   7442.01291966       7566000.0 
 14   7   2   10   8    2   7442.01291966         22750.0 
 14   7   2   11   6    2   11526.2716924       6977000.0 
 14   7   2   11   8    2   11526.2716924         53060.0 
 14   7   2   12   6    2    19784.347373       6167000.0 
 14   7   2   12   8    2    19784.347373        104600.0 
 14   7   2   13   6    2   44718.1784277       5132000.0 
 14   7   2   13   8    2   44718.1784277        194500.0 
 14   8   2    8   7    2   3463.91904939       2680000.0 
 14   8   2    9   7    2   5032.09458228       5140000.0 
 14   8   2   10   7    2   7442.01291966       6538000.0 
 14   8   2   10   9    2   7442.01291966          4530.0 
 14   8   2   11   7    2   11526.2716924       7009000.0 
 14   8   2   11   9    2   11526.2716924         19200.0 
 14   8   2   12   7    2    19784.347373       6834000.0 
 14   8   2   12   9    2    19784.347373         52680.0 
 14   8   2   13   7    2   44718.1784277       6077000.0 
 14   8   2   13   9    2   44718.1784277        124200.0 
 14   9   2    9   8    2   5032.09458228       2075000.0 
 14   9   2   10   8    2   7442.01291966       4518000.0 
 14   9   2   11   8    2   11526.2716924       6321000.0 
 14   9   2   11  10    2   11526.2716924          4213.0 
 14   9   2   12   8    2    19784.347373       7243000.0 
 14   9   2   12  10    2    19784.347373         21360.0 
 14   9   2   13   8    2   44718.1784277       7162000.0 
 14   9   2   13  10    2   44718.1784277         71670.0 
 14  10   2   10   9    2   7442.01291966       1952000.0 
 14  10   2   11   9    2   11526.2716924       4744000.0 
 14  10   2   12   9    2    19784.347373       7176000.0 
 14  10   2   12  11    2    19784.347373          5449.0 
 14  10   2   13   9    2   44718.1784277       8410000.0 
 14  10   2   13  11    2   44718.1784277         34570.0 
 14  11   2   11  10    2   11526.2716924       2372000.0 
 14  11   2   12  10    2    19784.347373       6305000.0 
 14  11   2   13  10    2   44718.1784277       9846000.0 
 14  11   2   13  12    2   44718.1784277         11150.0 
 14  12   2   12  11    2    19784.347373       4148000.0 
 14  12   2   13  11    2   44718.1784277      11500000.0 
 14  13   2   13  12    2   44718.1784277      13390000.0 
 15   0   2    2   1    2   143.967588821      35210000.0 
 15   0   2    3   1    2   334.650379979      28220000.0 
 15   0   2    4   1    2   618.164812376      19430000.0 
 15   0   2    5   1    2   1012.94662191      13720000.0 
 15   0   2    6   1    2   1547.82330431      10110000.0 
 15   0   2    7   1    2   2268.00692896       7747000.0 
 15   0   2    8   1    2   3246.49007991       6152000.0 
 15   0   2    9   1    2   4607.19867335       5040000.0 
 15   0   2   10   1    2    6576.5539141       4251000.0 
 15   0   2   11   1    2   9614.34702792       3688000.0 
 15   0   2   12   1    2   14815.1821685       3298000.0 
 15   0   2   13   1    2   25584.4528048       3150000.0 
 15   0   2   14   1    2   60352.8074707       3038000.0 
 15   1   2    2   0    2   128.894783087     100800000.0 
 15   1   2    3   0    2   311.756921387      32110000.0 
 15   1   2    3   2    2   341.603273032       3574000.0 
 15   1   2    4   0    2   585.548602999      14570000.0 
 15   1   2    4   2    2   627.711968082       3805000.0 
 15   1   2    5   0    2   967.820673219       7975000.0 
 15   1   2    5   2    2    1025.1775985       3359000.0 
 15   1   2    6   0    2   1485.73079469       4883000.0 
 15   1   2    6   2    2   1562.64979294       2850000.0 
 15   1   2    7   0    2   2181.59911517       3236000.0 
 15   1   2    7   2    2   2284.91953723       2414000.0 
 15   1   2    8   0    2   3123.16268931       2277000.0 
 15   1   2    8   2    2   3264.06086352       2068000.0 
 15   1   2    9   0    2   4424.09888435       1674000.0 
 15   1   2    9   2    2    4621.8968062       1800000.0 
 15   1   2   10   0    2   6288.63367539       1275000.0 
 15   1   2   10   2    2   6579.64042802       1596000.0 
 15   1   2   11   0    2   9121.97481431        997800.0 
 15   1   2   11   2    2   9582.80270049       1443000.0 
 15   1   2   12   0    2   13854.0963269        796300.0 
 15   1   2   12   2    2   14678.2056279       1338000.0 
 15   1   2   13   0    2   23190.9970988        631800.0 
 15   1   2   13   2    2   25040.3121565       1269000.0 
 15   1   2   14   0    2   49719.9388913        468500.0 
 15   1   2   14   2    2   56925.7271364       1228000.0 
 15   1   2   15   0    2   629328.066298         11860.0 
 15   2   2    2   1    2   143.924750203     187600000.0 
 15   2   2    3   1    2   334.419004406      68760000.0 
 15   2   2    4   1    2   617.375790379      31840000.0 
 15   2   2    4   3    2   627.863773506        506400.0 
 15   2   2    5   1    2   1010.82972455      17350000.0 
 15   2   2    5   3    2   1025.19028526        745200.0 
 15   2   2    6   1    2   1542.88599365      10560000.0 
 15   2   2    6   3    2   1562.21313246        823200.0 
 15   2   2    7   1    2   2257.42189281       6958000.0 
 15   2   2    7   3    2   2283.43663002        828400.0 
 15   2   2    8   1    2   3224.84505108       4863000.0 
 15   2   2    8   3    2   3260.38218657        804900.0 
 15   2   2    9   1    2   4563.72844007       3558000.0 
 15   2   2    9   3    2   4613.70664209        773600.0 
 15   2   2   10   1    2   6488.33396228       2701000.0 
 15   2   2   10   3    2   6561.96786946        744400.0 
 15   2   2   11   1    2   9426.96542735       2113000.0 
 15   2   2   11   3    2   9543.86208919        723000.0 
 15   2   2   12   1    2   14374.8842932       1694000.0 
 15   2   2   12   3    2   14584.4729682        713400.0 
 15   2   2   13   1    2   24299.1584449       1429000.0 
 15   2   2   13   3    2   24763.3642219        718900.0 
 15   2   2   14   1    2   53657.6011305       1114000.0 
 15   2   2   14   3    2   55494.0040192        734400.0 
 15   2   2   15   1    2   2090062.01835           394.7 
 15   3   2    3   2    2   341.545017696      61020000.0 
 15   3   2    4   2    2   627.515292494      37660000.0 
 15   3   2    5   2    2   1024.65310308      22730000.0 
 15   3   2    5   4    2   1025.17529185        129000.0 
 15   3   2    6   2    2   1561.43150392      14490000.0 
 15   3   2    6   4    2   1562.17296124        239900.0 
 15   3   2    7   2    2    2282.3157088       9774000.0 
 15   3   2    7   4    2   2283.34508498        314700.0 
 15   3   2    8   2    2   3258.74987931       6913000.0 
 15   3   2    8   4    2   3260.18389061        362600.0 
 15   3   2    9   2    2   4611.25525003       5089000.0 
 15   3   2    9   4    2   4613.28621837        394300.0 
 15   3   2   10   2    2   6558.09547113       3874000.0 
 15   3   2   10   4    2   6561.11743911        418200.0 
 15   3   2   11   2    2   9537.16982909       3034000.0 
 15   3   2   11   4    2   9542.06324607        440600.0 
 15   3   2   12   2    2   14571.4132208       2433000.0 
 15   3   2   12   4    2     14580.27264        467100.0 
 15   3   2   13   2    2   24731.1053817       1994000.0 
 15   3   2   13   4    2   24750.5850399        504100.0 
 15   3   2   14   2    2   55352.4290834       1605000.0 
 15   3   2   14   4    2   55429.8686131        552000.0 
 15   3   2   15   2    2   47961423.1579          0.0321 
 15   4   2    4   3    2   627.855554239      24080000.0 
 15   4   2    5   3    2   1025.16837197      20990000.0 
 15   4   2    6   3    2   1562.16224927      15500000.0 
 15   4   2    6   5    2   1562.17296124         42170.0 
 15   4   2    7   3    2    2283.3279211      11250000.0 
 15   4   2    7   5    2   2283.34508498         94400.0 
 15   4   2    8   3    2   3260.16056326       8281000.0 
 15   4   2    8   5    2   3260.18389061        143200.0 
 15   4   2    9   3    2   4613.26286374       6236000.0 
 15   4   2    9   5    2   4613.28621837        186000.0 
 15   4   2   10   3    2   6561.07019944       4806000.0 
 15   4   2   10   5    2   6561.11743911        224700.0 
 15   4   2   11   3    2   9541.96333023       3784000.0 
 15   4   2   11   5    2   9542.06324607        262400.0 
 15   4   2   12   3    2   14580.0393594       3036000.0 
 15   4   2   12   5    2     14580.27264        303800.0 
 15   4   2   13   3    2   24750.5850399       2468000.0 
 15   4   2   13   5    2   24750.5850399        355100.0 
 15   4   2   14   3    2   55429.8686131       1970000.0 
 15   4   2   14   5    2   55429.8686131        421300.0 
 15   5   2    5   4    2   1025.17529185      10730000.0 
 15   5   2    6   4    2   1562.17296124      12150000.0 
 15   5   2    7   4    2   2283.34508498      10610000.0 
 15   5   2    7   6    2   2283.34508498         16440.0 
 15   5   2    8   4    2   3260.18389061       8636000.0 
 15   5   2    8   6    2   3260.18389061         43220.0 
 15   5   2    9   4    2   4613.28621837       6906000.0 
 15   5   2    9   6    2   4613.28621837         74790.0 
 15   5   2   10   4    2   6561.11743911       5527000.0 
 15   5   2   10   6    2   6561.11743911        109000.0 
 15   5   2   11   4    2   9542.06324607       4457000.0 
 15   5   2   11   6    2   9542.06324607        146200.0 
 15   5   2   12   4    2     14580.27264       3627000.0 
 15   5   2   12   6    2     14580.27264        189300.0 
 15   5   2   13   4    2   24750.5850399       2968000.0 
 15   5   2   13   6    2   24750.5850399        244000.0 
 15   5   2   14   4    2   55429.8686131       2367000.0 
 15   5   2   14   6    2   55429.8686131        318000.0 
 15   6   2    6   5    2   1562.17296124       5339000.0 
 15   6   2    7   5    2   2283.34508498       7441000.0 
 15   6   2    8   5    2   3260.18389061       7502000.0 
 15   6   2    8   7    2   3260.18389061          7537.0 
 15   6   2    9   5    2   4613.28621837       6771000.0 
 15   6   2    9   7    2   4613.28621837         22940.0 
 15   6   2   10   5    2   6561.11743911       5846000.0 
 15   6   2   10   7    2   6561.11743911         45010.0 
 15   6   2   11   5    2   9542.06324607       4956000.0 
 15   6   2   11   7    2   9542.06324607         73570.0 
 15   6   2   12   5    2     14580.27264       4171000.0 
 15   6   2   12   7    2     14580.27264        110500.0 
 15   6   2   13   5    2   24750.5850399       3487000.0 
 15   6   2   13   7    2   24750.5850399        161000.0 
 15   6   2   14   5    2   55429.8686131       2813000.0 
 15   6   2   14   7    2   55429.8686131        235100.0 
 15   7   2    7   6    2   2283.34508498       2960000.0 
 15   7   2    8   6    2   3260.18389061       4905000.0 
 15   7   2    9   6    2   4613.28621837       5603000.0 
 15   7   2    9   8    2   4613.28621837          4073.0 
 15   7   2   10   6    2   6561.11743911       5551000.0 
 15   7   2   10   8    2   6561.11743911         14250.0 
 15   7   2   11   6    2   9542.06324607       5142000.0 
 15   7   2   11   8    2   9542.06324607         31720.0 
 15   7   2   12   6    2     14580.27264       4595000.0 
 15   7   2   12   8    2     14580.27264         58650.0 
 15   7   2   13   6    2   24750.5850399       4003000.0 
 15   7   2   13   8    2   24750.5850399        100400.0 
 15   7   2   14   6    2   55429.8686131       3317000.0 
 15   7   2   14   8    2   55429.8686131        168500.0 
 15   8   2    8   7    2   3260.18389061       1843000.0 
 15   8   2    9   7    2   4613.28621837       3541000.0 
 15   8   2   10   7    2   6561.11743911       4516000.0 
 15   8   2   10   9    2   6561.11743911          2630.0 
 15   8   2   11   7    2   9542.06324607       4866000.0 
 15   8   2   11   9    2   9542.06324607         10570.0 
 15   8   2   12   7    2     14580.27264       4802000.0 
 15   8   2   12   9    2     14580.27264         26950.0 
 15   8   2   13   7    2   24750.5850399       4479000.0 
 15   8   2   13   9    2   24750.5850399         57550.0 
 15   8   2   14   7    2   55429.8686131       3891000.0 
 15   8   2   14   9    2   55429.8686131        115500.0 
 15   9   2    9   8    2   4613.28621837       1310000.0 
 15   9   2   10   8    2   6561.11743911       2862000.0 
 15   9   2   11   8    2   9542.06324607       4025000.0 
 15   9   2   11  10    2   9542.06324607          2085.0 
 15   9   2   12   8    2     14580.27264       4671000.0 
 15   9   2   12  10    2     14580.27264          9725.0 
 15   9   2   13   8    2   24750.5850399       4854000.0 
 15   9   2   13  10    2   24750.5850399         29040.0 
 15   9   2   14   8    2   55429.8686131       4542000.0 
 15   9   2   14  10    2   55429.8686131         74080.0 
 15  10   2   10   9    2   6561.11743911       1090000.0 
 15  10   2   11   9    2   9542.06324607       2664000.0 
 15  10   2   12   9    2     14580.27264       4083000.0 
 15  10   2   12  11    2     14580.27264          2125.0 
 15  10   2   13   9    2   24750.5850399       5035000.0 
 15  10   2   13  11    2   24750.5850399         11780.0 
 15  10   2   14   9    2   55429.8686131       5285000.0 
 15  10   2   14  11    2   55429.8686131         42900.0 
 15  11   2   11  10    2   9542.06324607       1102000.0 
 15  11   2   12  10    2     14580.27264       2971000.0 
 15  11   2   13  10    2   24750.5850399       4885000.0 
 15  11   2   13  12    2   24750.5850399          3005.0 
 15  11   2   14  10    2   55429.8686131       6130000.0 
 15  11   2   14  12    2   55429.8686131         20760.0 
 15  12   2   12  11    2     14580.27264       1440000.0 
 15  12   2   13  11    2   24750.5850399       4206000.0 
 15  12   2   14  11    2   55429.8686131       7093000.0 
 15  12   2   14  13    2   55429.8686131          6716.0 
 15  13   2   13  12    2   24750.5850399       2712000.0 
 15  13   2   14  12    2   55429.8686131       8190000.0 
 15  14   2   14  13    2   55429.8686131       9439000.0 
100	0	0	0	0	0	1.0	1.0
# upper n l s  lower  n l s   Energy (Angstrom) Einstein A (s-1)
# File computed on 09/05/18 using the RAP package (Witthoeft, 2011) using AUTOSTRUCTURE and NIST data 