  2   1   2   1   0   2   33.7506300503       8.124e+11 
  3   1   2   1   0   2    28.477094077       2.169e+11 
  3   2   2   2   1   2   182.253415279   83830000000.0 
  3   0   2   2   1   2   182.253391754    8187000000.0 
  3   1   2   2   0   2   182.253405259   29110000000.0 
  4   1   2   1   0   2   27.0005043539   88420000000.0 
  4   2   2   2   1   2   135.002531623   26740000000.0 
  4   0   2   2   1   2    135.00252601    3343000000.0 
  4   1   2   2   0   2   135.002530311   12540000000.0 
  4   3   2   3   2   2   520.724090581   17880000000.0 
  4   1   2   3   2   2   520.724016966     450700000.0 
  4   2   2   3   1   2   520.724185769    9126000000.0 
  4   0   2   3   1   2   520.724102275    2380000000.0 
  4   1   2   3   0   2   520.724209009    3975000000.0 
  5   1   2   1   0   2   26.3676800804   44570000000.0 
  5   2   2   2   1   2    120.53797398   12220000000.0 
  5   0   2   2   1   2   120.537970824    1671000000.0 
  5   1   2   2   0   2   120.537973662    6417000000.0 
  5   3   2   3   2   2   355.963718132    5890000000.0 
  5   1   2   3   2   2   355.963691129     193900000.0 
  5   2   2   3   1   2   355.963763657    4398000000.0 
  5   0   2   3   1   2   355.963736139    1173000000.0 
  5   1   2   3   0   2   355.963780871    2124000000.0 
  5   4   2   4   3   2   1125.02102593    5516000000.0 
  5   2   2   4   3   2   1125.02094231      65450000.0 
  5   3   2   4   2   2    1125.0211219    3351000000.0 
  5   1   2   4   2   2   1125.02085217     244400000.0 
  5   2   2   4   1   2   1125.02128593    1927000000.0 
  5   0   2   4   1   2   1125.02101106     836500000.0 
  5   1   2   4   0   2    1125.0212419     955900000.0 
  6   1   2   1   0   2   26.0362008025   25580000000.0 
  6   0   2   2   1   2   113.908385223     953100000.0 
  6   2   2   2   1   2   113.908384885    6672000000.0 
  6   1   2   2   0   2   113.908387183    3706000000.0 
  6   1   2   3   2   2    303.75569938     101500000.0 
  6   3   2   3   2   2   303.755698661    2783000000.0 
  6   0   2   3   1   2   303.755736235     657600000.0 
  6   2   2   3   1   2   303.755733836    2435000000.0 
  6   1   2   3   0   2   303.755764728    1238000000.0 
  6   4   2   4   3   2   729.013620336    1780000000.0 
  6   2   2   4   3   2   729.013582894      27810000.0 
  6   1   2   4   2   2   729.013650779     122100000.0 
  6   3   2   4   2   2   729.013646639    1669000000.0 
  6   0   2   4   1   2   729.013741002     464500000.0 
  6   2   2   4   1   2    729.01372718    1118000000.0 
  6   1   2   4   0   2   729.013814428     577800000.0 
  6   4   2   5   3   2   2071.06139477    1434000000.0 
  6   2   2   5   3   2   2071.06109258      50670000.0 
  6   5   2   5   4   2   2071.06143242    2133000000.0 
  6   3   2   5   4   2   2071.06128839      14750000.0 
  6   1   2   5   2   2   2071.06160517     124400000.0 
  6   3   2   5   2   2   2071.06157175     937800000.0 
  6   0   2   5   1   2   2071.06211823     347700000.0 
  6   2   2   5   1   2   2071.06200667     582900000.0 
  6   1   2   5   0   2   2071.06253668     315000000.0 
  7   1   2   1   0   2   25.8403266171   16030000000.0 
  7   2   2   2   1   2   110.252067475    4060000000.0 
  7   0   2   2   1   2   110.252066894     594700000.0 
  7   1   2   2   0   2   110.252068503    2330000000.0 
  7   3   2   3   2   2   279.075551115    1565000000.0 
  7   1   2   3   2   2   279.075548277      60120000.0 
  7   2   2   3   1   2   279.075584575    1491000000.0 
  7   0   2   3   1   2   279.075580848     405600000.0 
  7   1   2   3   0   2   279.075603437     781300000.0 
  7   2   2   4   3   2   601.374885961      14570000.0 
  7   4   2   4   3   2   601.374879532     837500000.0 
  7   3   2   4   2   2   601.374911837     951800000.0 
  7   1   2   4   2   2   601.374898661      69900000.0 
  7   2   2   4   1   2   601.374984146     692200000.0 
  7   0   2   4   1   2   601.374966843     281900000.0 
  7   1   2   4   0   2   601.375010022     366700000.0 
  7   2   2   5   3   2   1292.01638065      24790000.0 
  7   4   2   5   3   2   1292.01635098     710800000.0 
  7   3   2   5   4   2   1292.01637607       6031000.0 
  7   5   2   5   4   2   1292.01631361     659600000.0 
  7   3   2   5   2   2   1292.01648635     561600000.0 
  7   1   2   5   2   2   1292.01642553      68820000.0 
  7   2   2   5   1   2    1292.0167364     376400000.0 
  7   0   2   5   1   2   1292.01665653     209700000.0 
  7   1   2   5   0   2   1292.01678806     206300000.0 
  7   4   2   6   5   2   3434.77586259       4349000.0 
  7   6   2   6   5   2   3434.77576031     960600000.0 
  7   3   2   6   4   2   3434.77612541      14400000.0 
  7   5   2   6   4   2   3434.77568393     690200000.0 
  7   2   2   6   1   2   3434.77637657     221000000.0 
  7   0   2   6   1   2    3434.7758121     164000000.0 
  7   2   2   6   3   2   3434.77646849      32730000.0 
  7   4   2   6   3   2   3434.77625875     488000000.0 
  7   1   2   6   0   2   3434.77621991     126900000.0 
  7   3   2   6   2   2   3434.77695657     336400000.0 
  7   1   2   6   2   2   3434.77652675      66190000.0 
  8   1   2   1   0   2   25.7147662478   10700000000.0 
  8   2   2   2   1   2   108.002025126    2661000000.0 
  8   0   2   2   1   2   108.002024775     396000000.0 
  8   1   2   2   0   2   108.002026347    1559000000.0 
  8   3   2   3   2   2   265.095883819     977600000.0 
  8   1   2   3   2   2   265.095882955      38720000.0 
  8   2   2   3   1   2   265.095914289     980100000.0 
  8   0   2   3   1   2   265.095912175     268000000.0 
  8   1   2   3   0   2   265.095932728     523600000.0 
  8   2   2   4   3   2   540.010100306       8696000.0 
  8   4   2   4   3   2   540.010095922     472400000.0 
  8   3   2   4   2   2   540.010120018     597900000.0 
  8   1   2   4   2   2   540.010116434      44030000.0 
  8   2   2   4   1   2   540.010179475     457000000.0 
  8   0   2   4   1   2   540.010170707     184100000.0 
  8   1   2   4   0   2   540.010206228     246000000.0 
  8   2   2   5   3   2   1038.48097525      14110000.0 
  8   4   2   5   3   2   1038.48095904     406500000.0 
  8   3   2   5   4   2   1038.48096803       3097000.0 
  8   5   2   5   4   2   1038.48095265     303200000.0 
  8   3   2   5   2   2   1038.48103928     357100000.0 
  8   1   2   5   2   2   1038.48102602      42080000.0 
  8   2   2   5   1   2   1038.48120508     250700000.0 
  8   0   2   5   1   2   1038.48117265     134800000.0 
  8   1   2   5   0   2   1038.48126023     138900000.0 
  8   4   2   6   5   2   2082.89612428       1693000.0 
  8   6   2   6   5   2   2082.89592718     282100000.0 
  8   3   2   6   4   2   2082.89619188       6791000.0 
  8   5   2   6   4   2   2082.89612999     334300000.0 
  8   2   2   6   1   2   2082.89630138     152900000.0 
  8   0   2   6   1   2   2082.89617094     105100000.0 
  8   2   2   6   3   2   2082.89633519      17660000.0 
  8   4   2   6   3   2   2082.89626996     293300000.0 
  8   1   2   6   0   2   2082.89633138      87910000.0 
  8   3   2   6   2   2   2082.89649753     223800000.0 
  8   1   2   6   2   2   2082.89644421      39420000.0 
  8   3   2   7   2   2   5292.09865553     142800000.0 
  8   1   2   7   2   2   5292.09831132      37250000.0 
  8   2   2   7   3   2   5292.09896286      20660000.0 
  8   4   2   7   3   2   5292.09854182     199200000.0 
  8   3   2   7   4   2   5292.09915341      10980000.0 
  8   5   2   7   4   2   5292.09875388     271300000.0 
  8   5   2   7   6   2   5292.09899667       1543000.0 
  8   7   2   7   6   2   5292.09895364     483000000.0 
  8   2   2   7   1   2   5292.09998321      97790000.0 
  8   0   2   7   1   2   5292.09914112      85190000.0 
  8   4   2   7   5   2   5292.09958982       5000000.0 
  8   6   2   7   5   2   5292.09831746     363900000.0 
  8   1   2   7   0   2   5292.09965129      58800000.0 
  9   1   2   1   0   2   25.6293851906    7501000000.0 
  9   2   2   2   1   2   106.511737322    1842000000.0 
  9   0   2   2   1   2   106.511737087     277000000.0 
  9   1   2   2   0   2   106.511738581    1094000000.0 
  9   3   2   3   2   2    256.29387146     655200000.0 
  9   1   2   3   2   2   256.293870833      26470000.0 
  9   2   2   3   1   2    256.29389971     679500000.0 
  9   0   2   3   1   2   256.293898347     186400000.0 
  9   1   2   3   0   2   256.293917356     367700000.0 
  9   2   2   4   3   2   504.701746448       5652000.0 
  9   4   2   4   3   2    504.70174301     296800000.0 
  9   3   2   4   2   2   504.701764562     401900000.0 
  9   1   2   4   2   2    504.70176213      29660000.0 
  9   2   2   4   1   2   504.701815603     317500000.0 
  9   0   2   4   1   2    504.70181032     127000000.0 
  9   1   2   4   0   2   504.701840565     172800000.0 
  9   2   2   5   3   2   915.335207145       8900000.0 
  9   4   2   5   3   2   915.335195836     256800000.0 
  9   3   2   5   4   2   915.335204479       1829000.0 
  9   5   2   5   4   2   915.335192986     168900000.0 
  9   3   2   5   2   2   915.335259828     241200000.0 
  9   1   2   5   2   2   915.335251829      27790000.0 
  9   2   2   5   1   2   915.335385697     174600000.0 
  9   0   2   5   1   2    915.33536832      91980000.0 
  9   1   2   5   0   2   915.335433782      97520000.0 
  9   6   2   6   5   2   1640.28067128     125400000.0 
  9   3   2   6   4   2   1640.28073328       3790000.0 
  9   5   2   6   4   2   1640.28069637     188700000.0 
  9   2   2   6   1   2   1640.28079174     107300000.0 
  9   0   2   6   1   2   1640.28073594      70640000.0 
  9   2   2   6   3   2    1640.2808127      10700000.0 
  9   4   2   6   3   2   1640.28077639     187700000.0 
  9   1   2   6   0   2   1640.28082717      61830000.0 
  9   3   2   6   2   2   1640.28092283     152700000.0 
  9   1   2   6   2   2   1640.28089714      25360000.0 
  9   3   2   7   2   2   3139.59961349     101600000.0 
  9   1   2   7   2   2   3139.59951938      23470000.0 
  9   2   2   7   3   2   3139.59968704      11980000.0 
  9   4   2   7   3   2     3139.599554     133600000.0 
  9   3   2   7   4   2   3139.59978872       5722000.0 
  9   5   2   7   4   2   3139.59965351     161100000.0 
  9   7   2   7   6   2   3139.59972274     134200000.0 
  9   2   2   7   1   2   3139.60004616      71050000.0 
  9   0   2   7   1   2   3139.59984173      57150000.0 
  9   4   2   7   5   2   3139.59992285       2257000.0 
  9   6   2   7   5   2   3139.59986877     170500000.0 
  9   1   2   7   0   2     3139.599991      42440000.0 
  9   3   2   8   2   2    7718.9674011      68440000.0 
  9   1   2   8   2   2   7718.96683226      22090000.0 
  9   2   2   8   3   2    7718.9680811      13230000.0 
  9   4   2   8   3   2   7718.96727687      92580000.0 
  9   3   2   8   4   2   7718.96829686       7860000.0 
  9   5   2   8   4   2   7718.96747956     122400000.0 
  9   2   2   8   1   2    7718.9688134      48430000.0 
  9   0   2   8   1   2   7718.96757764      47680000.0 
  9   4   2   8   5   2   7718.96812687       4314000.0 
  9   6   2   8   5   2   7718.96779995     159600000.0 
  9   6   2   8   7   2   7718.96789148        626800.0 
  9   8   2   8   7   2   7718.96786533     264000000.0 
  9   1   2   8   0   2   7718.96862379      30170000.0 
  9   5   2   8   6   2   7718.97018647       2003000.0 
  9   7   2   8   6   2   7718.97008839     206000000.0 
 10   1   2   1   0   2   25.5686596249    5460000000.0 
 10   2   2   2   1   2   105.470727453    1329000000.0 
 10   0   2   2   1   2   105.470727287     201300000.0 
 10   1   2   2   0   2   105.470728729     797100000.0 
 10   3   2   3   2   2   250.348103428     462300000.0 
 10   1   2   3   2   2   250.348103036      18930000.0 
 10   2   2   3   1   2   250.348130354     490800000.0 
 10   0   2   3   1   2   250.348129419     135000000.0 
 10   1   2   3   0   2   250.348147425     268000000.0 
 10   2   2   4   3   2   482.151873322       3902000.0 
 10   4   2   4   3   2   482.151871001     200400000.0 
 10   3   2   4   2   2   482.151889955     284000000.0 
 10   1   2   4   2   2   482.151888501      21000000.0 
 10   2   2   4   1   2   482.151936435     229600000.0 
 10   0   2   4   1   2   482.151932966      91410000.0 
 10   1   2   4   0   2   482.151960084     125900000.0 
 10   2   2   5   3   2   843.765784419       6020000.0 
 10   4   2   5   3   2   843.765777309     173900000.0 
 10   5   2   5   4   2   843.765774575     105400000.0 
 10   3   2   5   2   2   843.765829497     170800000.0 
 10   1   2   5   2   2   843.765825044      19400000.0 
 10   2   2   5   1   2    843.76593614     126400000.0 
 10   0   2   5   1   2   843.765925515      65660000.0 
 10   1   2   5   0   2   843.765979657      71000000.0 
 10   6   2   6   5   2   1423.85473354      68340000.0 
 10   3   2   6   4   2   1423.85479005       2364000.0 
 10   5   2   6   4   2   1423.85476758     118500000.0 
 10   2   2   6   1   2   1423.85483321      77770000.0 
 10   0   2   6   1   2   1423.85480295      49860000.0 
 10   2   2   6   3   2     1423.854849       7043000.0 
 10   4   2   6   3   2   1423.85482876     127700000.0 
 10   1   2   6   0   2   1423.85486747      44950000.0 
 10   3   2   6   2   2   1423.85493288     108600000.0 
 10   1   2   6   2   2    1423.8549202      17380000.0 
 10   3   2   7   2   2   2432.03068719      72890000.0 
 10   1   2   7   2   2    2432.0306502      15710000.0 
 10   2   2   7   3   2   2432.03072873       7617000.0 
 10   4   2   7   3   2   2432.03066967      91920000.0 
 10   3   2   7   4   2   2432.03079234       3399000.0 
 10   5   2   7   4   2   2432.03072679     102400000.0 
 10   7   2   7   6   2   2432.03077092      57430000.0 
 10   2   2   7   1   2   2432.03094423      51790000.0 
 10   0   2   7   1   2   2432.03085595      39790000.0 
 10   4   2   7   5   2     2432.030891       1225000.0 
 10   6   2   7   5   2   2432.03081182      94140000.0 
 10   1   2   7   0   2   2432.03093319      30870000.0 
 10   3   2   8   2   2   4500.08392814      51070000.0 
 10   1   2   8   2   2   4500.08380148      14540000.0 
 10   2   2   8   3   2   4500.08415037       8114000.0 
 10   4   2   8   3   2   4500.08394814      66620000.0 
 10   3   2   8   4   2   4500.08423259       4411000.0 
 10   5   2   8   4   2   4500.08400815      81690000.0 
 10   2   2   8   1   2   4500.08439926      36470000.0 
 10   0   2   8   1   2   4500.08409704      33170000.0 
 10   4   2   8   5   2   4500.08423704       2160000.0 
 10   6   2   8   5   2   4500.08396592      92750000.0 
 10   8   2   8   7   2   4500.08351703      69370000.0 
 10   1   2   8   0   2   4500.08441038      22480000.0 
 10   5   2   8   6   2   4500.08492816        862800.0 
 10   7   2   8   6   2   4500.08490372      92870000.0 
 10   3   2   9   2   2   10791.3193983      35960000.0 
 10   1   2   9   2   2   10791.3186699      13710000.0 
 10   2   2   9   3   2   10791.3202673       8675000.0 
 10   4   2   9   3   2   10791.3191044      47450000.0 
 10   3   2   9   4   2   10791.3209702       5553000.0 
 10   5   2   9   4   2   10791.3196795      61290000.0 
 10   2   2   9   1   2   10791.3213791      26120000.0 
 10   0   2   9   1   2   10791.3196411      28330000.0 
 10   4   2   9   5   2   10791.3207018       3401000.0 
 10   6   2   9   5   2   10791.3191428      78100000.0 
 10   5   2   9   6   2   10791.3203184       1901000.0 
 10   7   2   9   6   2   10791.3201779      98570000.0 
 10   6   2   9   7   2   10791.3193344        894000.0 
 10   8   2   9   7   2   10791.3165741     123500000.0 
 10   7   2   9   8   2    10791.320229        282500.0 
 10   9   2   9   8   2   10791.3202162     154000000.0 
 10   1   2   9   0   2   10791.3210852      16740000.0 
 11   1   2   1   0   2   25.5239144709    4097000000.0 
 11   2   2   2   1   2   104.713501649     990500000.0 
 11   0   2   2   1   2   104.713501528     150900000.0 
 11   1   2   2   0   2   104.713502935     598600000.0 
 11   3   2   3   2   2   246.123478789     339100000.0 
 11   1   2   3   2   2   246.123478529      14030000.0 
 11   2   2   3   1   2   246.123504781     366200000.0 
 11   0   2   3   1   2   246.123504109     100900000.0 
 11   1   2   3   0   2   246.123521433     201300000.0 
 11   2   2   4   3   2   466.723012755       2817000.0 
 11   4   2   4   3   2    466.72301101     142400000.0 
 11   3   2   4   2   2    466.72302846     208600000.0 
 11   1   2   4   2   2   466.723027528      15440000.0 
 11   2   2   4   1   2   466.723071894     171400000.0 
 11   0   2   4   1   2   466.723069479      68040000.0 
 11   1   2   4   0   2   466.723094603      94560000.0 
 11   2   2   5   3   2   797.622340955       4284000.0 
 11   4   2   5   3   2   797.622335858     123800000.0 
 11   5   2   5   4   2   797.622334043      70940000.0 
 11   3   2   5   2   2   797.622381587     125600000.0 
 11   1   2   5   2   2   797.622378864      14130000.0 
 11   2   2   5   1   2   797.622476535      94420000.0 
 11   0   2   5   1   2   797.622469484      48580000.0 
 11   1   2   5   0   2   797.622517028      53260000.0 
 11   6   2   6   5   2   1297.21543294      42030000.0 
 11   3   2   6   4   2   1297.21546285       1590000.0 
 11   5   2   6   4   2   1297.21544826      79960000.0 
 11   2   2   6   1   2   1297.21549775      58110000.0 
 11   0   2   6   1   2    1297.2154791      36590000.0 
 11   2   2   6   3   2   1297.21551086       4921000.0 
 11   4   2   6   3   2   1297.21549738      91150000.0 
 11   1   2   6   0   2   1297.21553044      33670000.0 
 11   3   2   6   2   2   1297.21558141      79940000.0 
 11   1   2   6   2   2    1297.2155742      12490000.0 
 11   3   2   7   2   2   2084.45296864      53830000.0 
 11   1   2   7   2   2   2084.45295004      11100000.0 
 11   2   2   7   3   2   2084.45299677       5194000.0 
 11   4   2   7   3   2   2084.45296196      65880000.0 
 11   3   2   7   4   2   2084.45304588       2213000.0 
 11   5   2   7   4   2   2084.45300821      69470000.0 
 11   7   2   7   6   2   2084.45302919      30440000.0 
 11   2   2   7   1   2   2084.45315507      38720000.0 
 11   0   2   7   1   2   2084.45310691      28880000.0 
 11   4   2   7   5   2   2084.45312455        750300.0 
 11   6   2   7   5   2   2084.45310405      58220000.0 
 11   1   2   7   0   2   2084.45315793      23070000.0 
 11   3   2   8   2   2   3439.01152014      38000000.0 
 11   1   2   8   2   2   3439.01146952      10050000.0 
 11   2   2   8   3   2   3439.01164343       5359000.0 
 11   4   2   8   3   2   3439.01154869      48230000.0 
 11   3   2   8   4   2   3439.01169794       2750000.0 
 11   5   2   8   4   2   3439.01159541      56080000.0 
 11   2   2   8   1   2   3439.01178879      27380000.0 
 11   0   2   8   1   2   3439.01165771      23760000.0 
 11   4   2   8   5   2   3439.01171741       1251000.0 
 11   6   2   8   5   2    3439.0116616      58110000.0 
 11   8   2   8   7   2   3439.01167458      28480000.0 
 11   1   2   8   0   2   3439.01182513      16790000.0 
 11   5   2   8   6   2   3439.01213272        453500.0 
 11   7   2   8   6   2    3439.0120873      49900000.0 
 11   3   2   9   2   2   6202.31093587      27770000.0 
 11   1   2   9   2   2   6202.31077123       9353000.0 
 11   2   2   9   3   2   6202.31120182       5563000.0 
 11   4   2   9   3   2   6202.31089365      35850000.0 
 11   3   2   9   4   2   6202.31145511       3300000.0 
 11   5   2   9   4   2   6202.31112161      44080000.0 
 11   2   2   9   1   2   6202.31156908      20220000.0 
 11   0   2   9   1   2   6202.31114272      20300000.0 
 11   4   2   9   5   2   6202.31142133       1839000.0 
 11   6   2   9   5   2   6202.31123981      51400000.0 
 11   5   2   9   6   2   6202.31133268        912500.0 
 11   7   2   9   6   2   6202.31118493      55740000.0 
 11   6   2   9   7   2   6202.31130313        367000.0 
 11   8   2   9   7   2   6202.31128625      53450000.0 
 11   9   2   9   8   2   6202.31036597      38290000.0 
 11   1   2   9   0   2   6202.31156908      12790000.0 
 11   3   2  10   2   2   14585.0929315      20290000.0 
 11   1   2  10   2   2   14585.0920211       8852000.0 
 11   2   2  10   3   2   14585.0943088       5839000.0 
 11   4   2  10   3   2   14585.0926047      26240000.0 
 11   2   2  10   1   2   14585.0956394      15070000.0 
 11   0   2  10   1   2   14585.0932817      17670000.0 
 11   3   2  10   4   2   14585.0950558       3942000.0 
 11   5   2  10   4   2   14585.0932117      33240000.0 
 11   4   2  10   5   2   14585.0949625       2597000.0 
 11   6   2  10   5   2   14585.0939587      41570000.0 
 11   1   2  10   0   2   14585.0951959       9886000.0 
 11   6   2  10   7   2   14585.0942155        914900.0 
 11   8   2  10   7   2   14585.0941221      63410000.0 
 11  10   2  10   9   2   14585.0941454      94690000.0 
 11   5   2  10   6   2   14585.0960596       1617000.0 
 11   7   2  10   6   2   14585.0952426      51510000.0 
 11   7   2  10   8   2   14585.1002849        434200.0 
 11   9   2  10   8   2   14585.0956628      77650000.0 
 12   1   2   1   0   2   25.4899868265    3153000000.0 
 12   2   2   2   1   2   104.144809618     758500000.0 
 12   0   2   2   1   2   104.144809526     116000000.0 
 12   1   2   2   0   2   104.144810907     460900000.0 
 12   3   2   3   2   2   243.004558386     256500000.0 
 12   1   2   3   2   2   243.004558204      10690000.0 
 12   2   2   3   1   2   243.004583697     280600000.0 
 12   0   2   3   1   2   243.004583198      77400000.0 
 12   1   2   3   0   2   243.004600027     155000000.0 
 12   2   2   4   3   2   455.633519248       2106000.0 
 12   4   2   4   3   2   455.633517881     105300000.0 
 12   3   2   4   2   2   455.633534307     157900000.0 
 12   1   2   4   2   2   455.633533669      11700000.0 
 12   2   2   4   1   2    455.63357561     131400000.0 
 12   0   2   4   1   2   455.633573856      52030000.0 
 12   1   2   4   0   2   455.633597594      72800000.0 
 12   2   2   5   3   2   765.770624423       3169000.0 
 12   4   2   5   3   2   765.770620562      91620000.0 
 12   5   2   5   4   2    765.77061921      50390000.0 
 12   3   2   5   2   2   765.770662132      95160000.0 
 12   1   2   5   2   2    765.77066033      10630000.0 
 12   2   2   5   1   2   765.770749391      72390000.0 
 12   0   2   5   1   2   765.770744436      36990000.0 
 12   1   2   5   0   2    765.77078768      40970000.0 
 12   6   2   6   5   2   1215.02271968      28010000.0 
 12   3   2   6   4   2   1215.02274333       1128000.0 
 12   5   2   6   4   2    1215.0227328      56890000.0 
 12   2   2   6   1   2    1215.0227733      44540000.0 
 12   0   2   6   1   2   1215.02276082      27690000.0 
 12   2   2   6   3   2    1215.0227848       3592000.0 
 12   4   2   6   3   2   1215.02277508      67530000.0 
 12   1   2   6   0   2    1215.0228044      25860000.0 
 12   3   2   6   2   2   1215.02284733      60620000.0 
 12   1   2   6   2   2    1215.0228428       9311000.0 
 12   3   2   7   2   2    1880.0877236      40860000.0 
 12   1   2   7   2   2   1880.08771274       8173000.0 
 12   2   2   7   3   2   1880.08774493       3728000.0 
 12   4   2   7   3   2   1880.08772166      48900000.0 
 12   3   2   7   4   2   1880.08778644       1536000.0 
 12   5   2   7   4   2   1880.08776122      49550000.0 
 12   7   2   7   6   2    1880.0877876      18350000.0 
 12   2   2   7   1   2   1880.08787371      29670000.0 
 12   0   2   7   1   2   1880.08784384      21680000.0 
 12   4   2   7   5   2   1880.08785393        498300.0 
 12   6   2   7   5   2   1880.08783996      38910000.0 
 12   1   2   7   0   2   1880.08788186      17680000.0 
 12   3   2   8   2   2   2916.05440203      28890000.0 
 12   1   2   8   2   2    2916.0543759       7285000.0 
 12   2   2   8   3   2   2916.05448694       3762000.0 
 12   4   2   8   3   2   2916.05443095      35920000.0 
 12   3   2   8   4   2   2916.05452987       1854000.0 
 12   5   2   8   4   2   2916.05446921      40180000.0 
 12   2   2   8   1   2   2916.05459145      20980000.0 
 12   0   2   8   1   2    2916.0545196      17640000.0 
 12   4   2   8   5   2   2916.05455226        800700.0 
 12   6   2   8   5   2   2916.05451867      39030000.0 
 12   8   2   8   7   2   2916.05451867      14640000.0 
 12   1   2   8   0   2   2916.05463158      12830000.0 
 12   7   2   8   6   2   2916.05484527      30240000.0 
 12   3   2   9   2   2   4686.51596576      21250000.0 
 12   1   2   9   2   2   4686.51589828       6640000.0 
 12   2   2   9   3   2   4686.51610797       3793000.0 
 12   4   2   9   3   2   4686.51596335      26940000.0 
 12   3   2   9   4   2   4686.51626222       2140000.0 
 12   5   2   9   4   2   4686.51610556      31920000.0 
 12   2   2   9   1   2   4686.51631766      15540000.0 
 12   0   2   9   1   2   4686.51613207      14880000.0 
 12   4   2   9   5   2   4686.51626463       1120000.0 
 12   6   2   9   5   2   4686.51617786      34950000.0 
 12   5   2   9   6   2   4686.51622607        513400.0 
 12   7   2   9   6   2   4686.51619955      34230000.0 
 12   8   2   9   7   2   4686.51618027      27840000.0 
 12   9   2   9   8   2   4686.51620679      15070000.0 
 12   1   2   9   0   2   4686.51635381       9764000.0 
 12   3   2  10   2   2   8284.24530606      16090000.0 
 12   1   2  10   2   2   8284.24509519       6217000.0 
 12   2   2  10   3   2   8284.24572028       3882000.0 
 12   4   2  10   3   2   8284.24526841      20540000.0 
 12   2   2  10   1   2   8284.24614955      11920000.0 
 12   0   2  10   1   2   8284.24556965      12980000.0 
 12   3   2  10   4   2    8284.2459914       2453000.0 
 12   5   2  10   4   2   8284.24550187      25170000.0 
 12   4   2  10   5   2   8284.24602905       1491000.0 
 12   6   2  10   5   2   8284.24575793      29640000.0 
 12   1   2  10   0   2   8284.24611943       7709000.0 
 12   6   2  10   7   2   8284.24584078        420700.0 
 12   8   2  10   7   2   8284.24573534      34780000.0 
 12  10   2  10   9   2   8284.24413121      22310000.0 
 12   5   2  10   6   2   8284.24642067        841900.0 
 12   7   2  10   6   2   8284.24633783      33250000.0 
 12   7   2  10   8   2   8284.24796455        169900.0 
 12   9   2  10   8   2   8284.24795702      32210000.0 
 12   3   2  11   2   2   19176.2264339      12130000.0 
 12   1   2  11   2   2    19176.225304       5911000.0 
 12   2   2  11   3   2   19176.2284516       4028000.0 
 12   4   2  11   3   2   19176.2260304      15420000.0 
 12   2   2  11   1   2   19176.2300254       9172000.0 
 12   0   2  11   1   2   19176.2269181      11480000.0 
 12   3   2  11   4   2   19176.2293797       2832000.0 
 12   5   2  11   4   2   19176.2267567      19220000.0 
 12   1   2  11   0   2   19176.2293797       6137000.0 
 12   4   2  11   5   2   19176.2292183       1965000.0 
 12   6   2  11   5   2   19176.2277656      23660000.0 
 12   5   2  11   6   2   19176.2284919       1315000.0 
 12   7   2  11   6   2    19176.228048      28870000.0 
 12   7   2  11   8   2   19176.2282095        472600.0 
 12   9   2  11   8   2   19176.2281691      42240000.0 
 12  11   2  11  10   2   19176.2281691      60790000.0 
 12   6   2  11   7   2   19176.2291779        828500.0 
 12   8   2  11   7   2    19176.228613      35010000.0 
 12   8   2  11   9   2    19176.236603        225800.0 
 12  10   2  11   9   2   19176.2279673      50760000.0 
 13   1   2   1   0   2   25.4636454874    2478000000.0 
 13   2   2   2   1   2    103.70648967     593900000.0 
 13   0   2   2   1   2   103.706489599      91140000.0 
 13   1   2   2   0   2   103.706490961     362400000.0 
 13   3   2   3   2   2   240.631466762     199000000.0 
 13   1   2   3   2   2   240.631466635       8337000.0 
 13   2   2   3   1   2   240.631491563     219800000.0 
 13   0   2   3   1   2   240.631491181      60690000.0 
 13   1   2   3   0   2   240.631507645     121900000.0 
 13   2   2   4   3   2   447.361305377       1618000.0 
 13   4   2   4   3   2   447.361304323      80220000.0 
 13   3   2   4   2   2    447.36131996     122600000.0 
 13   1   2   4   2   2    447.36131952       9085000.0 
 13   2   2   4   1   2   447.361359711     102900000.0 
 13   0   2   4   1   2   447.361358393      40700000.0 
 13   1   2   4   0   2   447.361381146      57240000.0 
 13   2   2   5   3   2   742.689670326       2416000.0 
 13   4   2   5   3   2    742.68966742      69860000.0 
 13   5   2   5   4   2   742.689666331      37270000.0 
 13   3   2   5   2   2   742.689705978      73890000.0 
 13   1   2   5   2   2   742.689704767       8208000.0 
 13   2   2   5   1   2   742.689787875      56720000.0 
 13   0   2   5   1   2   742.689784243      28830000.0 
 13   1   2   5   0   2   742.689824556      32190000.0 
 13   6   2   6   5   2   1157.92578726      19760000.0 
 13   3   2   6   4   2   1157.92580668        833700.0 
 13   5   2   6   4   2   1157.92579888      42120000.0 
 13   2   2   6   1   2   1157.92583346      34900000.0 
 13   0   2   6   1   2   1157.92582463      21490000.0 
 13   2   2   6   3   2   1157.92584391       2712000.0 
 13   4   2   6   3   2   1157.92583684      51530000.0 
 13   1   2   6   0   2   1157.92586333      20290000.0 
 13   3   2   6   2   2   1157.92590114      47090000.0 
 13   1   2   6   2   2    1157.9258982       7142000.0 
 13   3   2   7   2   2   1746.80604108      31750000.0 
 13   1   2   7   2   2   1746.80603438       6213000.0 
 13   2   2   7   3   2   1746.80605849       2780000.0 
 13   4   2   7   3   2   1746.80604242      37360000.0 
 13   3   2   7   4   2   1746.80609532       1117000.0 
 13   5   2   7   4   2   1746.80607758      36730000.0 
 13   7   2   7   6   2   1746.80610101      12050000.0 
 13   2   2   7   1   2   1746.80616966      23230000.0 
 13   0   2   7   1   2   1746.80614957      16720000.0 
 13   4   2   7   5   2    1746.8061566        350700.0 
 13   6   2   7   5   2   1746.80614622      27500000.0 
 13   1   2   7   0   2   1746.80618037      13850000.0 
 13   3   2   8   2   2   2607.47721751      22460000.0 
 13   1   2   8   2   2   2607.47720259       5474000.0 
 13   2   2   8   3   2   2607.47728317       2761000.0 
 13   4   2   8   3   2   2607.47724735      27480000.0 
 13   3   2   8   4   2   2607.47731973       1321000.0 
 13   5   2   8   4   2   2607.47728018      29850000.0 
 13   2   2   8   1   2   2607.47736673      16410000.0 
 13   0   2   8   1   2   2607.47732196      13500000.0 
 13   4   2   8   5   2   2607.47734435        549300.0 
 13   6   2   8   5   2   2607.47732122      27650000.0 
 13   8   2   8   7   2   2607.47732793       8619000.0 
 13   1   2   8   0   2   2607.47740702      10020000.0 
 13   7   2   8   6   2   2607.47758235      19910000.0 
 13   3   2   9   2   2    3937.6053959      16550000.0 
 13   1   2   9   2   2   3937.60536187       4914000.0 
 13   2   2   9   3   2   3937.60549118       2727000.0 
 13   4   2   9   3   2   3937.60540951      20670000.0 
 13   3   2   9   4   2   3937.60560517       1484000.0 
 13   5   2   9   4   2     3937.605515      23810000.0 
 13   2   2   9   1   2    3937.6056392      12150000.0 
 13   0   2   9   1   2   3937.60553712      11270000.0 
 13   4   2   9   5   2   3937.60562219        743200.0 
 13   6   2   9   5   2   3937.60556944      24880000.0 
 13   5   2   9   6   2   3937.60560007        321900.0 
 13   7   2   9   6   2   3937.60558476      22660000.0 
 13   8   2   9   7   2   3937.60558646      16480000.0 
 13   9   2   9   8   2   3937.60558135       7498000.0 
 13   1   2   9   0   2   3937.60568344       7601000.0 
 13   3   2  10   2   2   6199.84384401      12590000.0 
 13   1   2  10   2   2   6199.84375965       4513000.0 
 13   2   2  10   3   2   6199.84406335       2717000.0 
 13   4   2  10   3   2   6199.84386088      15880000.0 
 13   2   2  10   1   2   6199.84430378       9337000.0 
 13   0   2  10   1   2   6199.84405069       9701000.0 
 13   3   2  10   4   2   6199.84422785       1643000.0 
 13   5   2  10   4   2    6199.8440043      18960000.0 
 13   4   2  10   5   2   6199.84428691        945900.0 
 13   6   2  10   5   2   6199.84415615      21340000.0 
 13   1   2  10   0   2   6199.84433331       5990000.0 
 13   6   2  10   7   2   6199.84420255        229600.0 
 13   8   2  10   7   2   6199.84418146      20860000.0 
 13  10   2  10   9   2   6199.84419411       8417000.0 
 13   5   2  10   6   2    6199.8445189        499500.0 
 13   7   2  10   6   2   6199.84448094      22280000.0 
 13   9   2  10   8   2   6199.84536674      16240000.0 
 13   3   2  11   2   2   10783.8532634       9822000.0 
 13   1   2  11   2   2   10783.8530081       4254000.0 
 13   2   2  11   3   2   10783.8538632       2760000.0 
 13   4   2  11   3   2   10783.8532506      12400000.0 
 13   2   2  11   1   2   10783.8543609       7386000.0 
 13   0   2  11   1   2   10783.8535952       8603000.0 
 13   3   2  11   4   2    10783.854195       1830000.0 
 13   5   2  11   4   2   10783.8535186      15110000.0 
 13   1   2  11   0   2    10783.854297       4867000.0 
 13   4   2  11   5   2   10783.8542588       1184000.0 
 13   6   2  11   5   2   10783.8538632      17830000.0 
 13   5   2  11   6   2   10783.8540673        729100.0 
 13   7   2  11   6   2   10783.8539525      20310000.0 
 13   7   2  11   8   2   10783.8540035        208200.0 
 13   9   2  11   8   2    10783.853927      22420000.0 
 13  11   2  11  10   2   10783.8540035      13590000.0 
 13   6   2  11   7   2   10783.8543098        414700.0 
 13   8   2  11   7   2    10783.854246      22080000.0 
 13  10   2  11   9   2   10783.8567983      20180000.0 
 13   3   2  12   2   2   24640.6582435       7603000.0 
 13   1   2  12   2   2    24640.656911       4064000.0 
 13   2   2  12   3   2   24640.6611085       2844000.0 
 13   4   2  12   3   2   24640.6579104       9525000.0 
 13   2   2  12   1   2   24640.6629741       5837000.0 
 13   0   2  12   1   2   24640.6589764       7716000.0 
 13   3   2  12   4   2   24640.6622412       2063000.0 
 13   5   2  12   4   2   24640.6587099      11710000.0 
 13   1   2  12   0   2   24640.6620413       3971000.0 
 13   4   2  12   5   2   24640.6622412       1489000.0 
 13   6   2  12   5   2   24640.6601757      14220000.0 
 13   5   2  12   6   2   24640.6611085       1049000.0 
 13   7   2  12   6   2   24640.6605089      17120000.0 
 13   6   2  12   7   2   24640.6609087        709800.0 
 13   8   2  12   7   2   24640.6605755      20500000.0 
 13  10   2  12   9   2   24640.6607754      28990000.0 
 13   8   2  12   9   2   24640.6606421        258700.0 
 13  12   2  12  11   2   24640.6607754      40470000.0 
 13   7   2  12   8   2   24640.6614417        450600.0 
 13   9   2  12   8   2   24640.6610419      24420000.0 
 13  11   2  12  10   2   24640.6757002      34300000.0 
 13   9   2  12  10   2   24640.6753004        124200.0 
100	0	0	0 0	0	1.0	   1.0
# n,l,2,n,l,2,  Energy (Angstrom) Einstein A (s-1)
# File computed  using the RAP package (Witthoeft, 2011) using AUTOSTRUCTURE data 
# For the final state of H-like C