  2   1   2   1   0   2   3.75007000541        6.58e+13 
  3   1   2   1   0   2   3.16412156424       1.757e+13 
  3   2   2   2   1   2   20.2503794855       6.791e+12 
  3   0   2   2   1   2   20.2503768721       6.631e+11 
  3   1   2   2   0   2   20.2503783621       2.358e+12 
  4   1   2   1   0   2   3.00005603943       7.162e+12 
  4   2   2   2   1   2   15.0002812972       2.166e+12 
  4   0   2   2   1   2   15.0002806736       2.708e+11 
  4   1   2   2   0   2   15.0002811455       1.015e+12 
  4   3   2   3   2   2   57.8582322905       1.448e+12 
  4   1   2   3   2   2   57.8582241102   36500000000.0 
  4   2   2   3   1   2   57.8582428629       7.392e+11 
  4   0   2   3   1   2    57.858233585       1.928e+11 
  4   1   2   3   0   2   57.8582454443       3.219e+11 
  5   1   2   1   0   2   2.92974223126       3.611e+12 
  5   2   2   2   1   2   13.3931082246         9.9e+11 
  5   0   2   2   1   2   13.3931078739       1.353e+11 
  5   1   2   2   0   2   13.3931081846       5.197e+11 
  5   3   2   3   2   2    39.551524238       4.771e+11 
  5   1   2   3   2   2   39.5515212381   15710000000.0 
  5   2   2   3   1   2   39.5515292949       3.562e+11 
  5   0   2   3   1   2   39.5515262368   95020000000.0 
  5   1   2   3   0   2   39.5515312075        1.72e+11 
  5   4   2   4   3   2   125.002336217       4.468e+11 
  5   2   2   4   3   2   125.002326925    5302000000.0 
  5   3   2   4   2   2   125.002346867       2.714e+11 
  5   1   2   4   2   2   125.002316903   19790000000.0 
  5   2   2   4   1   2   125.002365109       1.561e+11 
  5   0   2   4   1   2   125.002334563   67750000000.0 
  5   1   2   4   0   2    125.00236021   77430000000.0 
  6   1   2   1   0   2   2.89291120039       2.072e+12 
  6   0   2   2   1   2   12.6564872511   77200000000.0 
  6   2   2   2   1   2   12.6564872135       5.404e+11 
  6   1   2   2   0   2   12.6564874648       3.002e+11 
  6   1   2   3   2   2   33.7506332658    8218000000.0 
  6   3   2   3   2   2   33.7506331862       2.254e+11 
  6   0   2   3   1   2   33.7506373591   53270000000.0 
  6   2   2   3   1   2   33.7506370922       1.972e+11 
  6   1   2   3   0   2   33.7506405253       1.003e+11 
  6   4   2   4   3   2   81.0015133692       1.442e+11 
  6   2   2   4   3   2    81.001509209    2253000000.0 
  6   1   2   4   2   2   81.0015167525    9891000000.0 
  6   3   2   4   2   2   81.0015162939       1.352e+11 
  6   0   2   4   1   2   81.0015267795   37630000000.0 
  6   2   2   4   1   2   81.0015252422   90560000000.0 
  6   1   2   4   0   2   81.0015349372   46800000000.0 
  6   4   2   5   3   2   230.117932764       1.161e+11 
  6   2   2   5   3   2   230.117899187    4105000000.0 
  6   5   2   5   4   2   230.117936907       1.728e+11 
  6   3   2   5   4   2   230.117920938    1195000000.0 
  6   1   2   5   2   2    230.11795613   10080000000.0 
  6   3   2   5   2   2   230.117952428   75970000000.0 
  6   0   2   5   1   2   230.118013142   28170000000.0 
  6   2   2   5   1   2   230.118000735   47210000000.0 
  6   1   2   5   0   2   230.118059648   25520000000.0 
  7   1   2   1   0   2     2.871147402       1.298e+12 
  7   2   2   2   1   2   12.2502297233       3.289e+11 
  7   0   2   2   1   2   12.2502296587   48170000000.0 
  7   1   2   2   0   2   12.2502298336       1.888e+11 
  7   3   2   3   2   2   31.0083945695       1.268e+11 
  7   1   2   3   2   2   31.0083942543    4869000000.0 
  7   2   2   3   1   2   31.0083982855       1.207e+11 
  7   0   2   3   1   2   31.0083978716   32860000000.0 
  7   1   2   3   0   2    31.008400382   63290000000.0 
  7   2   2   4   3   2    66.819431772    1180000000.0 
  7   4   2   4   3   2   66.8194310611   67840000000.0 
  7   3   2   4   2   2   66.8194346486   77090000000.0 
  7   1   2   4   2   2   66.8194331846    5662000000.0 
  7   2   2   4   1   2   66.8194426824   56070000000.0 
  7   0   2   4   1   2   66.8194407608   22830000000.0 
  7   1   2   4   0   2    66.819445559   29700000000.0 
  7   2   2   5   3   2    143.55737563    2008000000.0 
  7   4   2   5   3   2   143.557372349   57570000000.0 
  7   3   2   5   4   2   143.557375119     488500000.0 
  7   5   2   5   4   2   143.557368174   53430000000.0 
  7   3   2   5   2   2   143.557387374   45490000000.0 
  7   1   2   5   2   2   143.557380617    5574000000.0 
  7   2   2   5   1   2   143.557415151   30480000000.0 
  7   0   2   5   1   2   143.557406281   16990000000.0 
  7   1   2   5   0   2   143.557420904   16710000000.0 
  7   4   2   6   5   2   381.641762622     352300000.0 
  7   6   2   6   5   2    381.64175113   77810000000.0 
  7   3   2   6   4   2   381.641791776    1166000000.0 
  7   5   2   6   4   2   381.641742691   55910000000.0 
  7   2   2   6   1   2   381.641819555   17900000000.0 
  7   0   2   6   1   2   381.641756868   13290000000.0 
  7   2   2   6   3   2   381.641829736    2651000000.0 
  7   4   2   6   3   2   381.641806544   39530000000.0 
  7   1   2   6   0   2   381.641802245   10280000000.0 
  7   3   2   6   2   2   381.641884127   27250000000.0 
  7   1   2   6   2   2   381.641836369    5361000000.0 
  8   1   2   1   0   2   2.85719624986        8.67e+11 
  8   2   2   2   1   2   12.0002250177       2.156e+11 
  8   0   2   2   1   2   12.0002249787   32080000000.0 
  8   1   2   2   0   2   12.0002251497       1.263e+11 
  8   3   2   3   2   2   29.4550982031   79180000000.0 
  8   1   2   3   2   2   29.4550981075    3136000000.0 
  8   2   2   3   1   2   29.4551015869   79390000000.0 
  8   0   2   3   1   2   29.4551013523   21710000000.0 
  8   1   2   3   0   2   29.4551036367   42410000000.0 
  8   2   2   4   3   2   60.0011222546     704400000.0 
  8   4   2   4   3   2   60.0011217687   38260000000.0 
  8   3   2   4   2   2   60.0011244461   48430000000.0 
  8   1   2   4   2   2    60.001124049    3567000000.0 
  8   2   2   4   1   2    60.001131052   37020000000.0 
  8   0   2   4   1   2   60.0011300782   14910000000.0 
  8   1   2   4   0   2   60.0011340269   19930000000.0 
  8   2   2   5   3   2   115.386775028    1143000000.0 
  8   4   2   5   3   2   115.386773231   32930000000.0 
  8   3   2   5   4   2   115.386774225     250900000.0 
  8   5   2   5   4   2   115.386772517   24560000000.0 
  8   3   2   5   2   2   115.386782142   28920000000.0 
  8   1   2   5   2   2   115.386780674    3409000000.0 
  8   2   2   5   1   2    115.38680056   20310000000.0 
  8   0   2   5   1   2   115.386796959   10920000000.0 
  8   1   2   5   0   2   115.386806701   11250000000.0 
  8   4   2   6   5   2   231.432902709     137100000.0 
  8   6   2   6   5   2   231.432880797   22850000000.0 
  8   3   2   6   4   2   231.432910227     550000000.0 
  8   5   2   6   4   2   231.432903356   27080000000.0 
  8   2   2   6   1   2   231.432922347   12390000000.0 
  8   0   2   6   1   2   231.432907858    8512000000.0 
  8   2   2   6   3   2   231.432926091    1430000000.0 
  8   4   2   6   3   2   231.432918861   23760000000.0 
  8   1   2   6   0   2   231.432925732    7120000000.0 
  8   3   2   6   2   2   231.432944188   18130000000.0 
  8   1   2   6   2   2   231.432938281    3193000000.0 
  8   3   2   7   2   2   588.010961877   11570000000.0 
  8   1   2   7   2   2   588.010923745    3018000000.0 
  8   2   2   7   3   2   588.010995646    1673000000.0 
  8   4   2   7   3   2   588.010948977   16130000000.0 
  8   3   2   7   4   2   588.011016932     889500000.0 
  8   5   2   7   4   2   588.010972577   21970000000.0 
  8   5   2   7   6   2   588.010999858     125000000.0 
  8   7   2   7   6   2   588.010995077   39120000000.0 
  8   2   2   7   1   2   588.011109018    7921000000.0 
  8   0   2   7   1   2    588.01101549    6901000000.0 
  8   4   2   7   5   2   588.011065498     405000000.0 
  8   6   2   7   5   2   588.010924049   29470000000.0 
  8   1   2   7   0   2   588.011072555    4763000000.0 
  9   1   2   1   0   2   2.84770946572       6.076e+11 
  9   2   2   2   1   2   11.8346374838       1.492e+11 
  9   0   2   2   1   2   11.8346374577   22430000000.0 
  9   1   2   2   0   2     11.83463762   88630000000.0 
  9   3   2   3   2   2   28.4770968302   53070000000.0 
  9   1   2   3   2   2   28.4770967598    2144000000.0 
  9   2   2   3   1   2   28.4770999677   55040000000.0 
  9   0   2   3   1   2   28.4770998164   15100000000.0 
  9   1   2   3   0   2   28.4771019279   29780000000.0 
  9   2   2   4   3   2   56.0779718283     457800000.0 
  9   4   2   4   3   2   56.0779714469   24040000000.0 
  9   3   2   4   2   2   56.0779738409   32560000000.0 
  9   1   2   4   2   2   56.0779735679    2403000000.0 
  9   2   2   4   1   2   56.0779795129   25720000000.0 
  9   0   2   4   1   2   56.0779789262   10290000000.0 
  9   1   2   4   0   2   56.0779822836   14000000000.0 
  9   2   2   5   3   2   101.703911912     720900000.0 
  9   4   2   5   3   2   101.703910658   20800000000.0 
  9   3   2   5   4   2   101.703911611     148100000.0 
  9   5   2   5   4   2   101.703910327   13680000000.0 
  9   3   2   5   2   2   101.703917762   19530000000.0 
  9   1   2   5   2   2   101.703916864    2251000000.0 
  9   2   2   5   1   2   101.703931747   14150000000.0 
  9   0   2   5   1   2   101.703929818    7450000000.0 
  9   1   2   5   0   2   101.703937085    7899000000.0 
  9   6   2   6   5   2   182.253407942   10160000000.0 
  9   3   2   6   4   2   182.253414831     307000000.0 
  9   5   2   6   4   2   182.253410708   15290000000.0 
  9   2   2   6   1   2   182.253421308    8689000000.0 
  9   0   2   6   1   2   182.253415112    5722000000.0 
  9   2   2   6   3   2    182.25342363     866300000.0 
  9   4   2   6   3   2   182.253419602   15200000000.0 
  9   1   2   6   0   2   182.253425227    5008000000.0 
  9   3   2   6   2   2   182.253435892   12370000000.0 
  9   1   2   6   2   2   182.253433009    2054000000.0 
  9   3   2   7   2   2   348.844401592    8233000000.0 
  9   1   2   7   2   2   348.844391029    1901000000.0 
  9   2   2   7   3   2   348.844409672     970800000.0 
  9   4   2   7   3   2   348.844394915   10820000000.0 
  9   3   2   7   4   2   348.844420969     463500000.0 
  9   5   2   7   4   2   348.844405866   13050000000.0 
  9   7   2   7   6   2   348.844413704   10870000000.0 
  9   2   2   7   1   2   348.844449574    5755000000.0 
  9   0   2   7   1   2   348.844426872    4629000000.0 
  9   4   2   7   5   2   348.844435926     182800000.0 
  9   6   2   7   5   2   348.844429903   13810000000.0 
  9   1   2   7   0   2   348.844443404    3437000000.0 
  9   3   2   8   2   2   857.663045213    5543000000.0 
  9   1   2   8   2   2   857.662981362    1790000000.0 
  9   2   2   8   3   2   857.663120203    1071000000.0 
  9   4   2   8   3   2   857.663031006    7499000000.0 
  9   3   2   8   4   2     857.6631445     636700000.0 
  9   5   2   8   4   2   857.663053204    9917000000.0 
  9   2   2   8   1   2   857.663201327    3923000000.0 
  9   0   2   8   1   2   857.663064101    3862000000.0 
  9   4   2   8   5   2   857.663125369     349400000.0 
  9   6   2   8   5   2   857.663088964   12930000000.0 
  9   6   2   8   7   2   857.663099134      50770000.0 
  9   8   2   8   7   2   857.663096309   21380000000.0 
  9   1   2   8   0   2    857.66318034    2444000000.0 
  9   5   2   8   6   2   857.663354133     162300000.0 
  9   7   2   8   6   2   857.663343478   16690000000.0 
 10   1   2   1   0   2   2.84096218064       4.422e+11 
 10   2   2   2   1   2   11.7189697206       1.076e+11 
 10   0   2   2   1   2   11.7189697021   16310000000.0 
 10   1   2   2   0   2   11.7189698586   64570000000.0 
 10   3   2   3   2   2   27.8164559371   37440000000.0 
 10   1   2   3   2   2   27.8164558933    1534000000.0 
 10   2   2   3   1   2   27.8164589283   39750000000.0 
 10   0   2   3   1   2    27.816458824   10930000000.0 
 10   1   2   3   0   2   27.8164608245   21710000000.0 
 10   2   2   4   3   2   53.5724303704     316000000.0 
 10   4   2   4   3   2   53.5724301105   16230000000.0 
 10   3   2   4   2   2    53.572432216   23010000000.0 
 10   1   2   4   2   2   53.5724320534    1701000000.0 
 10   2   2   4   1   2   53.5724373836   18590000000.0 
 10   0   2   4   1   2   53.5724369965    7404000000.0 
 10   1   2   4   0   2   53.5724400077   10200000000.0 
 10   2   2   5   3   2    93.751753832     487600000.0 
 10   4   2   5   3   2   93.7517530363   14090000000.0 
 10   5   2   5   4   2   93.7517527305    8537000000.0 
 10   3   2   5   2   2   93.7517588302   13840000000.0 
 10   1   2   5   2   2   93.7517583325    1572000000.0 
 10   2   2   5   1   2   93.7517706871   10240000000.0 
 10   0   2   5   1   2   93.7517695017    5319000000.0 
 10   1   2   5   0   2   93.7517755145    5751000000.0 
 10   6   2   6   5   2    158.20608151    5535000000.0 
 10   3   2   6   4   2   158.206087783     191500000.0 
 10   5   2   6   4   2   158.206085297    9595000000.0 
 10   2   2   6   1   2   158.206092587    6299000000.0 
 10   0   2   6   1   2   158.206089211    4039000000.0 
 10   2   2   6   3   2   158.206094336     570500000.0 
 10   4   2   6   3   2    158.20609207   10340000000.0 
 10   1   2   6   0   2   158.206096372    3641000000.0 
 10   3   2   6   2   2   158.206103653    8793000000.0 
 10   1   2   6   2   2   158.206102236    1408000000.0 
 10   3   2   7   2   2   270.225631918    5904000000.0 
 10   1   2   7   2   2   270.225627784    1272000000.0 
 10   2   2   7   3   2   270.225636542     616900000.0 
 10   4   2   7   3   2   270.225629931    7445000000.0 
 10   3   2   7   4   2   270.225643546     275300000.0 
 10   5   2   7   4   2   270.225636294    8294000000.0 
 10   7   2   7   6   2   270.225641254    4652000000.0 
 10   2   2   7   1   2   270.225660486    4195000000.0 
 10   0   2   7   1   2   270.225650637    3223000000.0 
 10   4   2   7   5   2    270.22565454      99240000.0 
 10   6   2   7   5   2   270.225645749    7626000000.0 
 10   1   2   7   0   2   270.225659211    2500000000.0 
 10   3   2   8   2   2   500.009325404    4136000000.0 
 10   1   2   8   2   2   500.009311248    1178000000.0 
 10   2   2   8   3   2   500.009350123     657200000.0 
 10   4   2   8   3   2   500.009327489    5396000000.0 
 10   3   2   8   4   2    500.00935915     357300000.0 
 10   5   2   8   4   2   500.009334321    6617000000.0 
 10   2   2   8   1   2   500.009377696    2954000000.0 
 10   0   2   8   1   2   500.009343978    2687000000.0 
 10   4   2   8   5   2   500.009359561     175000000.0 
 10   6   2   8   5   2   500.009329465    7513000000.0 
 10   8   2   8   7   2   500.009279697    5619000000.0 
 10   1   2   8   0   2   500.009378876    1821000000.0 
 10   5   2   8   6   2     500.0094366      69890000.0 
 10   7   2   8   6   2   500.009433856    7522000000.0 
 10   3   2   9   2   2   1199.03548807    2912000000.0 
 10   1   2   9   2   2   1199.03540666    1111000000.0 
 10   2   2   9   3   2   1199.03558526     702700000.0 
 10   4   2   9   3   2    1199.0354551    3844000000.0 
 10   3   2   9   4   2   1199.03566241     449800000.0 
 10   5   2   9   4   2   1199.03551963    4965000000.0 
 10   2   2   9   1   2   1199.03571005    2116000000.0 
 10   0   2   9   1   2   1199.03551616    2295000000.0 
 10   4   2   9   5   2   1199.03563354     275500000.0 
 10   6   2   9   5   2   1199.03546046    6326000000.0 
 10   5   2   9   6   2   1199.03559078     154000000.0 
 10   7   2   9   6   2     1199.035575    7985000000.0 
 10   6   2   9   7   2   1199.03548129      72410000.0 
 10   8   2   9   7   2   1199.03517522   10010000000.0 
 10   7   2   9   8   2   1199.03558053      22880000.0 
 10   9   2   9   8   2   1199.03557879   12470000000.0 
 10   1   2   9   0   2   1199.03567487    1356000000.0 
 11   1   2   1   0   2   2.83599049686       3.319e+11 
 11   2   2   2   1   2   11.6348335201   80230000000.0 
 11   0   2   2   1   2   11.6348335066   12220000000.0 
 11   1   2   2   0   2   11.6348336593   48490000000.0 
 11   3   2   3   2   2   27.3470531996   27470000000.0 
 11   1   2   3   2   2   27.3470531704    1136000000.0 
 11   2   2   3   1   2   27.3470560868   29660000000.0 
 11   0   2   3   1   2   27.3470560118    8171000000.0 
 11   1   2   3   0   2   27.3470579365   16310000000.0 
 11   2   2   4   3   2   51.8581125295     228200000.0 
 11   4   2   4   3   2   51.8581123341   11540000000.0 
 11   3   2   4   2   2   51.8581142727   16900000000.0 
 11   1   2   4   2   2    51.858114168    1250000000.0 
 11   2   2   4   1   2   51.8581191011   13880000000.0 
 11   0   2   4   1   2   51.8581188313    5511000000.0 
 11   1   2   4   0   2   51.8581216213    7659000000.0 
 11   2   2   5   3   2   88.6247045574     347000000.0 
 11   4   2   5   3   2   88.6247039868   10030000000.0 
 11   5   2   5   4   2   88.6247037765    5746000000.0 
 11   3   2   5   2   2   88.6247090644   10170000000.0 
 11   1   2   5   2   2   88.6247087584    1144000000.0 
 11   2   2   5   1   2   88.6247196194    7648000000.0 
 11   0   2   5   1   2   88.6247188316    3935000000.0 
 11   1   2   5   0   2   88.6247241125    4314000000.0 
 11   6   2   6   5   2   144.135048113    3404000000.0 
 11   3   2   6   4   2   144.135051433     128800000.0 
 11   5   2   6   4   2     144.1350498    6477000000.0 
 11   2   2   6   1   2   144.135055313    4707000000.0 
 11   0   2   6   1   2   144.135053229    2964000000.0 
 11   2   2   6   3   2   144.135056765     398600000.0 
 11   4   2   6   3   2   144.135055256    7383000000.0 
 11   1   2   6   0   2   144.135058929    2727000000.0 
 11   3   2   6   2   2   144.135064605    6475000000.0 
 11   1   2   6   2   2   144.135063796    1012000000.0 
 11   3   2   7   2   2   231.605885422    4360000000.0 
 11   1   2   7   2   2   231.605883332     899100000.0 
 11   2   2   7   3   2   231.605888541     420700000.0 
 11   4   2   7   3   2   231.605884645    5336000000.0 
 11   3   2   7   4   2   231.605893963     179200000.0 
 11   5   2   7   4   2   231.605889748    5627000000.0 
 11   7   2   7   6   2   231.605892126    2466000000.0 
 11   2   2   7   1   2    231.60590613    3136000000.0 
 11   0   2   7   1   2    231.60590075    2339000000.0 
 11   4   2   7   5   2   231.605902722      60770000.0 
 11   6   2   7   5   2   231.605900456    4716000000.0 
 11   1   2   7   0   2   231.605906419    1868000000.0 
 11   3   2   8   2   2   382.112391191    3078000000.0 
 11   1   2   8   2   2   382.112385503     814300000.0 
 11   2   2   8   3   2   382.112404874     434100000.0 
 11   4   2   8   3   2   382.112394267    3907000000.0 
 11   3   2   8   4   2   382.112410899     222800000.0 
 11   5   2   8   4   2   382.112399426    4543000000.0 
 11   2   2   8   1   2   382.112420977    2218000000.0 
 11   0   2   8   1   2   382.112406332    1924000000.0 
 11   4   2   8   5   2   382.112412998     101300000.0 
 11   6   2   8   5   2   382.112406829    4707000000.0 
 11   8   2   8   7   2   382.112408319    2307000000.0 
 11   1   2   8   0   2   382.112424999    1360000000.0 
 11   5   2   8   6   2   382.112459159      36730000.0 
 11   7   2   8   6   2   382.112454112    4042000000.0 
 11   3   2   9   2   2   689.145659437    2250000000.0 
 11   1   2   9   2   2   689.145640935     757600000.0 
 11   2   2   9   3   2   689.145689091     450600000.0 
 11   4   2   9   3   2    689.14565459    2904000000.0 
 11   3   2   9   4   2   689.145717025     267300000.0 
 11   5   2   9   4   2    689.14567971    3570000000.0 
 11   2   2   9   1   2   689.145730315    1638000000.0 
 11   0   2   9   1   2   689.145682681    1644000000.0 
 11   4   2   9   5   2   689.145713534     149000000.0 
 11   6   2   9   5   2   689.145693469    4163000000.0 
 11   5   2   9   6   2   689.145703215      73910000.0 
 11   7   2   9   6   2   689.145686798    4515000000.0 
 11   6   2   9   7   2   689.145700348      29730000.0 
 11   8   2   9   7   2   689.145698628    4329000000.0 
 11   9   2   9   8   2   689.145595906    3102000000.0 
 11   1   2   9   0   2   689.145729533    1036000000.0 
 11   3   2  10   2   2   1620.56588013    1644000000.0 
 11   1   2  10   2   2   1620.56577782     717000000.0 
 11   2   2  10   3   2   1620.56603604     472900000.0 
 11   4   2  10   3   2   1620.56584526    2126000000.0 
 11   2   2  10   1   2   1620.56618475    1220000000.0 
 11   0   2  10   1   2   1620.56592134    1431000000.0 
 11   3   2  10   4   2   1620.56611789     319300000.0 
 11   5   2  10   4   2   1620.56591154    2693000000.0 
 11   4   2  10   5   2   1620.56610607     210300000.0 
 11   6   2  10   5   2   1620.56599512    3367000000.0 
 11   1   2  10   0   2   1620.56613201     800800000.0 
 11   6   2  10   7   2   1620.56602394      74110000.0 
 11   8   2  10   7   2   1620.56601443    5136000000.0 
 11  10   2  10   9   2    1620.5660176    7670000000.0 
 11   5   2  10   6   2   1620.56622769     131000000.0 
 11   7   2  10   6   2   1620.56613691    4173000000.0 
 11   7   2  10   8   2   1620.56669601      35170000.0 
 11   9   2  10   8   2   1620.56618331    6290000000.0 
 12   1   2   1   0   2    2.8322207586       2.554e+11 
 12   2   2   2   1   2   11.5716455166   61440000000.0 
 12   0   2   2   1   2   11.5716455063    9398000000.0 
 12   1   2   2   0   2   11.5716456563   37330000000.0 
 12   3   2   3   2   2    27.000506488   20780000000.0 
 12   1   2   3   2   2    27.000506468     865800000.0 
 12   2   2   3   1   2   27.0005092995   22730000000.0 
 12   0   2   3   1   2   27.0005092438    6269000000.0 
 12   1   2   3   0   2   27.0005111141   12560000000.0 
 12   2   2   4   3   2   50.6259465834     170600000.0 
 12   4   2   4   3   2    50.625946431    8528000000.0 
 12   3   2   4   2   2   50.6259482555   12790000000.0 
 12   1   2   4   2   2   50.6259481852     947500000.0 
 12   2   2   4   1   2   50.6259528464   10640000000.0 
 12   0   2   4   1   2   50.6259526504    4215000000.0 
 12   1   2   4   0   2   50.6259552885    5897000000.0 
 12   2   2   5   3   2   85.0856249398     256700000.0 
 12   4   2   5   3   2   85.0856245092    7421000000.0 
 12   5   2   5   4   2   85.0856243559    4082000000.0 
 12   3   2   5   2   2   85.0856291242    7708000000.0 
 12   1   2   5   2   2   85.0856289256     860700000.0 
 12   2   2   5   1   2   85.0856388229    5863000000.0 
 12   0   2   5   1   2   85.0856382691    2996000000.0 
 12   1   2   5   0   2   85.0856430779    3319000000.0 
 12   6   2   6   5   2   135.002524414    2269000000.0 
 12   3   2   6   4   2   135.002527038      91380000.0 
 12   5   2   6   4   2   135.002525872    4608000000.0 
 12   2   2   6   1   2   135.002530367    3608000000.0 
 12   0   2   6   1   2   135.002528973    2243000000.0 
 12   2   2   6   3   2   135.002531641     290900000.0 
 12   4   2   6   3   2   135.002530557    5470000000.0 
 12   1   2   6   0   2   135.002533825    2095000000.0 
 12   3   2   6   2   2   135.002538595    4910000000.0 
 12   1   2   6   2   2   135.002538095     754200000.0 
 12   3   2   7   2   2   208.898635965    3309000000.0 
 12   1   2   7   2   2   208.898634768     662000000.0 
 12   2   2   7   3   2   208.898638321     301900000.0 
 12   4   2   7   3   2   208.898635725    3961000000.0 
 12   3   2   7   4   2   208.898642913     124400000.0 
 12   5   2   7   4   2   208.898640122    4013000000.0 
 12   7   2   7   6   2   208.898643071    1486000000.0 
 12   2   2   7   1   2    208.89865263    2403000000.0 
 12   0   2   7   1   2   208.898649292    1756000000.0 
 12   4   2   7   5   2   208.898650432      40360000.0 
 12   6   2   7   5   2   208.898648885    3152000000.0 
 12   1   2   7   0   2   208.898653549    1432000000.0 
 12   3   2   8   2   2   324.006044704    2340000000.0 
 12   1   2   8   2   2   324.006041824     590100000.0 
 12   2   2   8   3   2   324.006054105     304700000.0 
 12   4   2   8   3   2   324.006047861    2910000000.0 
 12   3   2   8   4   2   324.006058874     150200000.0 
 12   5   2   8   4   2   324.006052158    3255000000.0 
 12   2   2   8   1   2   324.006065682    1699000000.0 
 12   0   2   8   1   2   324.006057653    1429000000.0 
 12   4   2   8   5   2   324.006061328      64860000.0 
 12   6   2   8   5   2   324.006057607    3162000000.0 
 12   8   2   8   7   2   324.006057561    1186000000.0 
 12   1   2   8   0   2   324.006070221    1039000000.0 
 12   7   2   8   6   2   324.006093919    2450000000.0 
 12   3   2   9   2   2   520.723996107    1722000000.0 
 12   1   2   9   2   2   520.723988668     537800000.0 
 12   2   2   9   3   2   520.724011907     307200000.0 
 12   4   2   9   3   2   520.723995779    2182000000.0 
 12   3   2   9   4   2   520.724028987     173300000.0 
 12   5   2   9   4   2   520.724011639    2586000000.0 
 12   2   2   9   1   2   520.724035444    1259000000.0 
 12   0   2   9   1   2   520.724014704    1205000000.0 
 12   4   2   9   5   2   520.724029433      90740000.0 
 12   6   2   9   5   2   520.724019822    2831000000.0 
 12   5   2   9   6   2   520.724025059      41590000.0 
 12   7   2   9   6   2   520.724021994    2773000000.0 
 12   8   2   9   7   2   520.724019882    2255000000.0 
 12   9   2   9   8   2   520.724022857    1221000000.0 
 12   1   2   9   0   2   520.724039253     790900000.0 
 12   3   2  10   2   2   920.471700209    1304000000.0 
 12   1   2  10   2   2   920.471676965     503500000.0 
 12   2   2  10   3   2   920.471746976     314400000.0 
 12   4   2  10   3   2   920.471696583    1664000000.0 
 12   2   2  10   1   2   920.471794952     965600000.0 
 12   0   2  10   1   2   920.471730148    1051000000.0 
 12   3   2  10   4   2   920.471776915     198700000.0 
 12   5   2  10   4   2   920.471722709    2039000000.0 
 12   4   2  10   5   2   920.471780727     120800000.0 
 12   6   2  10   5   2   920.471750695    2401000000.0 
 12   1   2  10   0   2   920.471791233     624500000.0 
 12   6   2  10   7   2   920.471759993      34080000.0 
 12   8   2  10   7   2   920.471747906    2817000000.0 
 12  10   2  10   9   2   920.471570599    1807000000.0 
 12   5   2  10   6   2   920.471824705      68190000.0 
 12   7   2  10   6   2   920.471815129    2693000000.0 
 12   7   2  10   8   2   920.471995504      13760000.0 
 12   9   2  10   8   2   920.471994946    2609000000.0 
 12   3   2  11   2   2    2130.6918235     982800000.0 
 12   1   2  11   2   2   2130.69169895     478800000.0 
 12   2   2  11   3   2   2130.69205067     326300000.0 
 12   4   2  11   3   2   2130.69178065    1249000000.0 
 12   2   2  11   1   2   2130.69222753     742900000.0 
 12   0   2  11   1   2   2130.69188029     929900000.0 
 12   3   2  11   4   2    2130.6921533     229400000.0 
 12   5   2  11   4   2   2130.69186286    1557000000.0 
 12   1   2  11   0   2    2130.6921543     497100000.0 
 12   4   2  11   5   2   2130.69213736     159200000.0 
 12   6   2  11   5   2   2130.69197644    1916000000.0 
 12   5   2  11   6   2   2130.69205466     106500000.0 
 12   7   2  11   6   2   2130.69200334    2339000000.0 
 12   7   2  11   8   2   2130.69201979      38280000.0 
 12   9   2  11   8   2    2130.6920168    3421000000.0 
 12  11   2  11  10   2    2130.6920158    4924000000.0 
 12   6   2  11   7   2   2130.69213337      67110000.0 
 12   8   2  11   7   2   2130.69206861    2836000000.0 
 12   8   2  11   9   2   2130.69295489      18290000.0 
 12  10   2  11   9   2   2130.69199936    4111000000.0 
 13   1   2   1   0   2   2.82929394315       2.007e+11 
 13   2   2   2   1   2   11.5229433001   48100000000.0 
 13   0   2   2   1   2   11.5229432922    7382000000.0 
 13   1   2   2   0   2   11.5229434401   29350000000.0 
 13   3   2   3   2   2   26.7368296414   16120000000.0 
 13   1   2   3   2   2   26.7368296271     675300000.0 
 13   2   2   3   1   2   26.7368323956   17800000000.0 
 13   0   2   3   1   2   26.7368323531    4916000000.0 
 13   1   2   3   0   2   26.7368341829    9874000000.0 
 13   2   2   4   3   2   49.7068117085     131100000.0 
 13   4   2   4   3   2   49.7068115911    6498000000.0 
 13   3   2   4   2   2   49.7068133294    9927000000.0 
 13   1   2   4   2   2     49.70681328     735900000.0 
 13   2   2   4   1   2   49.7068177462    8338000000.0 
 13   0   2   4   1   2   49.7068175992    3296000000.0 
 13   1   2   4   0   2   49.7068201278    4636000000.0 
 13   2   2   5   3   2   82.5210744836     195700000.0 
 13   4   2   5   3   2     82.52107416    5659000000.0 
 13   5   2   5   4   2   82.5210740367    3019000000.0 
 13   3   2   5   2   2   82.5210784442    5985000000.0 
 13   1   2   5   2   2   82.5210783082     664800000.0 
 13   2   2   5   1   2   82.5210875424    4594000000.0 
 13   0   2   5   1   2   82.5210871373    2335000000.0 
 13   1   2   5   0   2   82.5210916203    2608000000.0 
 13   6   2   6   5   2   128.658420808    1601000000.0 
 13   3   2   6   4   2   128.658422975      67530000.0 
 13   5   2   6   4   2   128.658422105    3412000000.0 
 13   2   2   6   1   2   128.658425938    2827000000.0 
 13   0   2   6   1   2   128.658424953    1740000000.0 
 13   2   2   6   3   2   128.658427095     219600000.0 
 13   4   2   6   3   2   128.658426309    4174000000.0 
 13   1   2   6   0   2   128.658429262    1644000000.0 
 13   3   2   6   2   2   128.658433471    3814000000.0 
 13   1   2   6   2   2    128.65843314     578500000.0 
 13   3   2   7   2   2   194.089560149    2572000000.0 
 13   1   2   7   2   2   194.089559396     503200000.0 
 13   2   2   7   3   2   194.089562046     225200000.0 
 13   4   2   7   3   2   194.089560256    3026000000.0 
 13   3   2   7   4   2   194.089566147      90470000.0 
 13   5   2   7   4   2   194.089564167    2975000000.0 
 13   7   2   7   6   2     194.0895668     975800000.0 
 13   2   2   7   1   2   194.089574398    1882000000.0 
 13   0   2   7   1   2   194.089572158    1354000000.0 
 13   4   2   7   5   2   194.089572951      28400000.0 
 13   6   2   7   5   2   194.089571794    2227000000.0 
 13   1   2   7   0   2   194.089575609    1121000000.0 
 13   3   2   8   2   2   289.719690908    1820000000.0 
 13   1   2   8   2   2   289.719689232     443400000.0 
 13   2   2   8   3   2    289.71969812     223700000.0 
 13   4   2   8   3   2   289.719694132    2226000000.0 
 13   3   2   8   4   2   289.719702238     107000000.0 
 13   5   2   8   4   2   289.719697826    2418000000.0 
 13   2   2   8   1   2   289.719707378    1329000000.0 
 13   0   2   8   1   2   289.719702385    1093000000.0 
 13   4   2   8   5   2     289.7197049      44490000.0 
 13   6   2   8   5   2   289.719702321    2240000000.0 
 13   8   2   8   7   2   289.719703113     698100000.0 
 13   1   2   8   0   2   289.719711937     811800000.0 
 13   7   2   8   6   2   289.719731409    1613000000.0 
 13   3   2   9   2   2   437.511710697    1340000000.0 
 13   1   2   9   2   2   437.511706874     398000000.0 
 13   2   2   9   3   2   437.511721158     220900000.0 
 13   4   2   9   3   2   437.511712063    1674000000.0 
 13   3   2   9   4   2   437.511733908     120200000.0 
 13   5   2   9   4   2   437.511723847    1929000000.0 
 13   2   2   9   1   2   437.511737773     983900000.0 
 13   0   2   9   1   2   437.511726388     912600000.0 
 13   4   2   9   5   2    437.51173582      60200000.0 
 13   6   2   9   5   2   437.511729938    2015000000.0 
 13   5   2   9   6   2    437.51173332      26080000.0 
 13   7   2   9   6   2   437.511731598    1835000000.0 
 13   8   2   9   7   2   437.511731871    1335000000.0 
 13   9   2   9   8   2   437.511731199     607300000.0 
 13   1   2   9   0   2   437.511742584     615700000.0 
 13   3   2  10   2   2   688.871538223    1020000000.0 
 13   1   2  10   2   2   688.871528746     365600000.0 
 13   2   2  10   3   2   688.871562699     220100000.0 
 13   4   2  10   3   2    688.87154015    1287000000.0 
 13   2   2  10   1   2   688.871589569     756300000.0 
 13   0   2  10   1   2   688.871561345     785800000.0 
 13   3   2  10   4   2   688.871581185     133100000.0 
 13   5   2  10   4   2   688.871556241    1536000000.0 
 13   4   2  10   5   2   688.871587278      76620000.0 
 13   6   2  10   5   2   688.871572697    1729000000.0 
 13   1   2  10   0   2   688.871592746     485200000.0 
 13   6   2  10   7   2   688.871577904      18590000.0 
 13   8   2  10   7   2   688.871575822    1690000000.0 
 13  10   2  10   9   2   688.871577019     681800000.0 
 13   5   2  10   6   2   688.871613368      40460000.0 
 13   7   2  10   6   2   688.871609098    1805000000.0 
 13   9   2  10   8   2   688.871707311    1315000000.0 
 13   3   2  11   2   2   1198.20591815     795600000.0 
 13   1   2  11   2   2   1198.20588948     344500000.0 
 13   2   2  11   3   2   1198.20598479     223600000.0 
 13   4   2  11   3   2   1198.20591658    1004000000.0 
 13   2   2  11   1   2   1198.20604073     598300000.0 
 13   0   2  11   1   2   1198.20595533     696800000.0 
 13   3   2  11   4   2   1198.20602245     148200000.0 
 13   5   2  11   4   2   1198.20594698    1224000000.0 
 13   1   2  11   0   2   1198.20603348     394300000.0 
 13   4   2  11   5   2   1198.20602938      95940000.0 
 13   6   2  11   5   2   1198.20598527    1445000000.0 
 13   5   2  11   6   2   1198.20600764      59060000.0 
 13   7   2  11   6   2   1198.20599472    1645000000.0 
 13   7   2  11   8   2   1198.20599992      16870000.0 
 13   9   2  11   8   2   1198.20599141    1816000000.0 
 13  11   2  11  10   2   1198.20599929    1101000000.0 
 13   6   2  11   7   2    1198.2060349      33590000.0 
 13   8   2  11   7   2   1198.20602859    1789000000.0 
 13  10   2  11   9   2   1198.20631077    1634000000.0 
 13   3   2  12   2   2   2737.85091841     615900000.0 
 13   1   2  12   2   2   2737.85076871     329200000.0 
 13   2   2  12   3   2    2737.8512351     230300000.0 
 13   4   2  12   3   2   2737.85087893     771600000.0 
 13   2   2  12   1   2   2737.85144075     472800000.0 
 13   0   2  12   1   2   2737.85099491     625000000.0 
 13   3   2  12   4   2   2737.85136425     167100000.0 
 13   5   2  12   4   2   2737.85097024     948200000.0 
 13   1   2  12   0   2   2737.85134204     321600000.0 
 13   4   2  12   5   2   2737.85135849     120600000.0 
 13   6   2  12   5   2   2737.85112817    1151000000.0 
 13   5   2  12   6   2   2737.85123593      85010000.0 
 13   7   2  12   6   2   2737.85116848    1387000000.0 
 13   6   2  12   7   2    2737.8512129      57490000.0 
 13   8   2  12   7   2   2737.85117999    1660000000.0 
 13  10   2  12   9   2    2737.8511948    2348000000.0 
 13   8   2  12   9   2   2737.85118493      20950000.0 
 13  12   2  12  11   2   2737.85119644    3278000000.0 
 13   7   2  12   8   2   2737.85127541      36500000.0 
 13   9   2  12   8   2   2737.85123099    1978000000.0 
 13  11   2  12  10   2   2737.85284981    2778000000.0 
 13   9   2  12  10   2   2737.85280869      10060000.0 
 14   1   2   1   0   2   2.82697590532       1.606e+11 
 14   2   2   2   1   2   11.4845903048   38380000000.0 
 14   0   2   2   1   2   11.4845902986    5904000000.0 
 14   1   2   2   0   2    11.484590445   23500000000.0 
 14   3   2   3   2   2   26.5312463043   12760000000.0 
 14   1   2   3   2   2    26.531246294     537200000.0 
 14   2   2   3   1   2   26.5312490145   14210000000.0 
 14   0   2   3   1   2   26.5312489812    3926000000.0 
 14   1   2   3   0   2     26.53125078    7905000000.0 
 14   2   2   4   3   2   49.0009161289     103000000.0 
 14   4   2   4   3   2   49.0009160309    5075000000.0 
 14   3   2   4   2   2   49.0009177106    7865000000.0 
 14   1   2   4   2   2   49.0009176756     583300000.0 
 14   2   2   4   1   2   49.0009219963    6656000000.0 
 14   0   2   4   1   2    49.000921883    2628000000.0 
 14   1   2   4   0   2   49.0009243302    3711000000.0 
 14   2   2   5   3   2   80.5936123652     152900000.0 
 14   4   2   5   3   2      80.5936121    4422000000.0 
 14   5   2   5   4   2   80.5936120202    2304000000.0 
 14   3   2   5   2   2   80.5936161607    4743000000.0 
 14   1   2   5   2   2   80.5936160659     524700000.0 
 14   2   2   5   1   2    80.593624821    3667000000.0 
 14   0   2   5   1   2   80.5936245145    1857000000.0 
 14   1   2   5   0   2   80.5936287634    2086000000.0 
 14   6   2   6   5   2   124.033569305    1178000000.0 
 14   3   2   6   4   2   124.033571153      51500000.0 
 14   5   2   6   4   2   124.033570495    2605000000.0 
 14   2   2   6   1   2   124.033573865    2256000000.0 
 14   0   2   6   1   2   124.033573139    1379000000.0 
 14   2   2   6   3   2    124.03357494     170300000.0 
 14   4   2   6   3   2   124.033574312    3264000000.0 
 14   1   2   6   0   2   124.033577079    1313000000.0 
 14   3   2   6   2   2   124.033580908    3023000000.0 
 14   1   2   6   2   2   124.033580684     454100000.0 
 14   3   2   7   2   2   183.753429727    2039000000.0 
 14   1   2   7   2   2   183.753429234     392400000.0 
 14   2   2   7   3   2   183.753431335     173000000.0 
 14   4   2   7   3   2   183.753429957    2367000000.0 
 14   3   2   7   4   2   183.753435103      68180000.0 
 14   5   2   7   4   2   183.753433658    2274000000.0 
 14   7   2   7   6   2   183.753436063     680900000.0 
 14   2   2   7   1   2   183.753442407    1501000000.0 
 14   0   2   7   1   2   183.753440813    1068000000.0 
 14   6   2   7   5   2   183.753440528    1641000000.0 
 14   1   2   7   0   2   183.753443766     894800000.0 
 14   3   2   8   2   2   267.277713945    1442000000.0 
 14   1   2   8   2   2   267.277712903     342800000.0 
 14   2   2   8   3   2   267.277719888     169900000.0 
 14   4   2   8   3   2   267.277716971    1743000000.0 
 14   3   2   8   4   2   267.277723588      79440000.0 
 14   5   2   8   4   2    267.27772053    1850000000.0 
 14   2   2   8   1   2   267.277727766    1059000000.0 
 14   0   2   8   1   2   267.277724395     857000000.0 
 14   4   2   8   5   2   267.277726136      32090000.0 
 14   6   2   8   5   2   267.277724427    1653000000.0 
 14   8   2   8   7   2   267.277725148     450100000.0 
 14   1   2   8   0   2   267.277732227     646200000.0 
 14   7   2   8   6   2   267.277749207    1127000000.0 
 14   3   2   9   2   2   388.278981158    1062000000.0 
 14   1   2   9   2   2   388.278978957     304300000.0 
 14   2   2   9   3   2   388.278988983     165300000.0 
 14   4   2   9   3   2   388.278982829    1312000000.0 
 14   3   2   9   4   2   388.278999439      87600000.0 
 14   5   2   9   4   2   388.278992987    1478000000.0 
 14   2   2   9   1   2   388.279002069     782900000.0 
 14   0   2   9   1   2   388.278994955     709600000.0 
 14   4   2   9   5   2    388.27900154      42420000.0 
 14   6   2   9   5   2   388.278997933    1490000000.0 
 14   5   2   9   6   2   388.279000448      17620000.0 
 14   7   2   9   6   2    388.27899929    1286000000.0 
 14   8   2   9   7   2   388.278999555     863300000.0 
 14   9   2   9   8   2   388.278999472     348500000.0 
 14   1   2   9   0   2   388.279007082     488600000.0 
 14   3   2  10   2   2   574.229457408     809300000.0 
 14   1   2  10   2   2   574.229452595     275500000.0 
 14   2   2  10   3   2    574.22947351     161600000.0 
 14   4   2  10   3   2   574.229460049    1010000000.0 
 14   2   2  10   1   2   574.229492181     601000000.0 
 14   0   2  10   1   2   574.229476622     604700000.0 
 14   3   2  10   4   2    574.22948726      94570000.0 
 14   5   2  10   4   2   574.229473148    1181000000.0 
 14   4   2  10   5   2   574.229492796      52350000.0 
 14   6   2  10   5   2   574.229484908    1284000000.0 
 14   1   2  10   0   2   574.229497066     383600000.0 
 14   6   2  10   7   2   574.229488526      11390000.0 
 14   8   2  10   7   2   574.229487296    1098000000.0 
 14  10   2  10   9   2   574.229486536     327900000.0 
 14   5   2  10   6   2   574.229512843      26340000.0 
 14   7   2  10   6   2    574.22951031    1271000000.0 
 14   9   2  10   8   2    574.22957964     758900000.0 
 14   3   2  11   2   2   889.366577899     633900000.0 
 14   1   2  11   2   2   889.366566355     254900000.0 
 14   2   2  11   3   2   889.366612445     160000000.0 
 14   4   2  11   3   2   889.366580156     794200000.0 
 14   2   2  11   1   2   889.366643259     476100000.0 
 14   0   2  11   1   2   889.366605935     529800000.0 
 14   3   2  11   4   2    889.36663536     102000000.0 
 14   5   2  11   4   2   889.366601508     950000000.0 
 14   1   2  11   0   2   889.366645689     311000000.0 
 14   4   2  11   5   2   889.366642304      62920000.0 
 14   6   2  11   5   2   889.366623382    1085000000.0 
 14   5   2  11   6   2   889.366634926      36560000.0 
 14   7   2  11   6   2    889.36662885    1172000000.0 
 14   7   2  11   8   2   889.366631715       8913000.0 
 14   9   2  11   8   2   889.366629631    1062000000.0 
 14  11   2  11  10   2   889.366626159     398400000.0 
 14   6   2  11   7   2   889.366650724      19380000.0 
 14   8   2  11   7   2   889.366647772    1177000000.0 
 14  10   2  11   9   2   889.366799411     796800000.0 
 14   3   2  12   2   2   1526.56689775     506900000.0 
 14   1   2  12   2   2   1526.56686374     241900000.0 
 14   2   2  12   3   2   1526.56698982     161900000.0 
 14   4   2  12   3   2   1526.56689468     633300000.0 
 14   2   2  12   1   2   1526.56705375     386400000.0 
 14   0   2  12   1   2   1526.56694378     476600000.0 
 14   3   2  12   4   2   1526.56703636     111500000.0 
 14   5   2  12   4   2   1526.56693662     766800000.0 
 14   1   2  12   0   2   1526.56704199     258800000.0 
 14   4   2  12   5   2   1526.56704378      75660000.0 
 14   6   2  12   5   2   1526.56698803     903800000.0 
 14   5   2  12   6   2   1526.56701923      49570000.0 
 14   7   2  12   6   2   1526.56700132    1036000000.0 
 14   6   2  12   7   2   1526.56701437      30750000.0 
 14   8   2  12   7   2   1526.56700567    1148000000.0 
 14   8   2  12   9   2   1526.56700721       8849000.0 
 14  10   2  12   9   2   1526.56699902    1205000000.0 
 14  12   2  12  11   2   1526.56700746     696700000.0 
 14   7   2  12   8   2   1526.56703457      17570000.0 
 14   9   2  12   8   2   1526.56702843    1217000000.0 
 14  11   2  12  10   2    1526.5675087    1059000000.0 
 14   3   2  13   2   2   3450.48083951     401400000.0 
 14   1   2  13   2   2   3450.48066574     232200000.0 
 14   2   2  13   3   2   3450.48126674     166000000.0 
 14   4   2  13   3   2   3450.48078072     496600000.0 
 14   2   2  13   1   2   3450.48150453     312300000.0 
 14   0   2  13   1   2   3450.48094273     432500000.0 
 14   3   2  13   4   2   3450.48140523     123600000.0 
 14   5   2  13   4   2   3450.48089569     602900000.0 
 14   1   2  13   0   2   3450.48137387     215500000.0 
 14   4   2  13   5   2   3450.48140654      92010000.0 
 14   6   2  13   5   2   3450.48112172     723800000.0 
 14   5   2  13   6   2   3450.48126151      67390000.0 
 14   7   2  13   6   2   3450.48117006     862000000.0 
 14   6   2  13   7   2   3450.48122885      47950000.0 
 14   8   2  13   7   2   3450.48118443    1021000000.0 
 14  12   2  13  11   2   3450.48118835    1931000000.0 
 14  10   2  13  11   2   3450.48114785       5806000.0 
 14   9   2  13  10   2   3450.48117528      12040000.0 
 14  11   2  13  10   2   3450.48112302    1654000000.0 
 14  13   2  13  12   2   3450.48118835    2250000000.0 
 14   7   2  13   8   2   3450.48122232      32670000.0 
 14   9   2  13   8   2   3450.48119096    1203000000.0 
 14   8   2  13   9   2   3450.48125498      20870000.0 
 14  10   2  13   9   2   3450.48121317    1413000000.0 
 15   1   2   1   0   2   2.82510859706       1.305e+11 
 15   2   2   2   1   2   11.4538346349   31110000000.0 
 15   0   2   2   1   2   11.4538346299    4796000000.0 
 15   1   2   2   0   2   11.4538347751   19100000000.0 
 15   3   2   3   2   2   26.3676820585   10290000000.0 
 15   1   2   3   2   2   26.3676820508     434400000.0 
 15   2   2   3   1   2   26.3676847334   11520000000.0 
 15   0   2   3   1   2   26.3676847071    3186000000.0 
 15   1   2   3   0   2   26.3676864816    6426000000.0 
 15   2   2   4   3   2   48.4458818054      82560000.0 
 15   4   2   4   3   2   48.4458817263    4045000000.0 
 15   3   2   4   2   2   48.4458833579    6340000000.0 
 15   1   2   4   2   2   48.4458833319     470500000.0 
 15   2   2   4   1   2   48.4458875406    5398000000.0 
 15   0   2   4   1   2   48.4458874517    2129000000.0 
 15   1   2   4   0   2   48.4458898367    3016000000.0 
 15   2   2   5   3   2   79.1030416612     121900000.0 
 15   4   2   5   3   2   79.1030414504    3526000000.0 
 15   5   2   5   4   2   79.1030413934    1803000000.0 
 15   3   2   5   2   2   79.1030453348    3825000000.0 
 15   1   2   5   2   2   79.1030452654     421800000.0 
 15   2   2   5   1   2   79.1030536605    2974000000.0 
 15   0   2   5   1   2   79.1030534236    1501000000.0 
 15   1   2   5   0   2   79.1030574976    1695000000.0 
 15   6   2   6   5   2   120.537968236     896700000.0 
 15   3   2   6   4   2    120.53796986      40290000.0 
 15   5   2   6   4   2   120.537969348    2040000000.0 
 15   2   2   6   1   2    120.53797238    1829000000.0 
 15   0   2   6   1   2    120.53797183    1111000000.0 
 15   2   2   6   3   2   120.537973396     135000000.0 
 15   4   2   6   3   2   120.537972906    2603000000.0 
 15   1   2   6   0   2   120.537975507    1066000000.0 
 15   3   2   6   2   2   120.537979072    2438000000.0 
 15   1   2   6   2   2   120.537978911     363500000.0 
 15   3   2   7   2   2   176.184041294    1644000000.0 
 15   1   2   7   2   2    176.18404095     312500000.0 
 15   2   2   7   3   2   176.184042687     136100000.0 
 15   4   2   7   3   2   176.184041641    1889000000.0 
 15   3   2   7   4   2   176.184046237      52840000.0 
 15   5   2   7   4   2   176.184045143    1782000000.0 
 15   7   2   7   6   2   176.184047378     497100000.0 
 15   2   2   7   1   2   176.184052865    1216000000.0 
 15   0   2   7   1   2    176.18405169     857700000.0 
 15   6   2   7   5   2   176.184051486    1250000000.0 
 15   1   2   7   0   2    176.18405431     725400000.0 
 15   3   2   8   2   2   251.557488534    1163000000.0 
 15   1   2   8   2   2   251.557487833     271200000.0 
 15   2   2   8   3   2   251.557493625     132500000.0 
 15   4   2   8   3   2   251.557491493    1391000000.0 
 15   3   2   8   4   2   251.557497076      60880000.0 
 15   5   2   8   4   2   251.557494847    1451000000.0 
 15   2   2   8   1   2   251.557500604     857600000.0 
 15   0   2   8   1   2   251.557498208     685200000.0 
 15   4   2   8   5   2   251.557499611      24040000.0 
 15   6   2   8   5   2   251.557498354    1260000000.0 
 15   8   2   8   7   2   251.557498979     309600000.0 
 15   1   2   8   0   2   251.557504951     523000000.0 
 15   7   2   8   6   2   251.557520298     823900000.0 
 15   3   2   9   2   2   355.963670967     856400000.0 
 15   1   2   9   2   2   355.963669563     238700000.0 
 15   2   2   9   3   2   355.963677197     127600000.0 
 15   4   2   9   3   2   355.963672928    1047000000.0 
 15   3   2   9   4   2   355.963686332      66210000.0 
 15   5   2   9   4   2   355.963681869    1160000000.0 
 15   2   2   9   1   2   355.963688195     633100000.0 
 15   0   2   9   1   2   355.963683398     564000000.0 
 15   4   2   9   5   2   355.963688654      31240000.0 
 15   6   2   9   5   2   355.963686137    1137000000.0 
 15   5   2   9   6   2    355.96368814      12560000.0 
 15   7   2   9   6   2   355.963687264     941100000.0 
 15   8   2   9   7   2   355.963687472     594800000.0 
 15   9   2   9   8   2   355.963687458     220100000.0 
 15   1   2   9   0   2   355.963693201     394400000.0 
 15   3   2  10   2   2   506.259441157     652100000.0 
 15   1   2  10   2   2   506.259438316     213800000.0 
 15   2   2  10   3   2    506.25945297     122900000.0 
 15   4   2  10   3   2   506.259444335     807200000.0 
 15   2   2  10   1   2   506.259467482     485200000.0 
 15   0   2  10   1   2   506.259457779     476900000.0 
 15   3   2  10   4   2    506.25946436      70220000.0 
 15   5   2  10   4   2   506.259455332     928200000.0 
 15   4   2  10   5   2   506.259469789      37740000.0 
 15   6   2  10   5   2   506.259464698     981800000.0 
 15   1   2  10   0   2   506.259472882     308600000.0 
 15   8   2  10   7   2   506.259466498     758600000.0 
 15  10   2  10   9   2   506.259466498     183100000.0 
 15   5   2  10   6   2   506.259486186      18300000.0 
 15   7   2  10   6   2   506.259484414     932300000.0 
 15   9   2  10   8   2   506.259538387     480600000.0 
 15   3   2  11   2   2   736.266732171     510800000.0 
 15   1   2  11   2   2   736.266726163     195100000.0 
 15   2   2  11   3   2    736.26675436     119600000.0 
 15   4   2  11   3   2   736.266736097     635600000.0 
 15   2   2  11   1   2   736.266775478     383600000.0 
 15   0   2  11   1   2   736.266754954     413500000.0 
 15   3   2  11   4   2   736.266771551      73990000.0 
 15   5   2  11   4   2   736.266752456     748600000.0 
 15   1   2  11   0   2   736.266780534     249100000.0 
 15   4   2  11   5   2    736.26677869      44080000.0 
 15   6   2  11   5   2   736.266767923     832300000.0 
 15   5   2  11   6   2   736.266775359      24550000.0 
 15   7   2  11   6   2   736.266771611     863600000.0 
 15   9   2  11   8   2   736.266772325     676000000.0 
 15  11   2  11  10   2   736.266771254     185200000.0 
 15   6   2  11   7   2   736.266786661      12360000.0 
 15   8   2  11   7   2    736.26678452     817200000.0 
 15  10   2  11   9   2   736.266889693     447400000.0 
 15   3   2  12   2   2   1125.02096773     410000000.0 
 15   1   2  12   2   2    1125.0209537     181900000.0 
 15   2   2  12   3   2   1125.02101426     118100000.0 
 15   4   2  12   3   2   1125.02097162     510000000.0 
 15   2   2  12   1   2   1125.02104898     311500000.0 
 15   0   2  12   1   2   1125.02100106     367600000.0 
 15   3   2  12   4   2   1125.02104301      78450000.0 
 15   5   2  12   4   2   1125.02099843     609200000.0 
 15   1   2  12   0   2   1125.02105051     206700000.0 
 15   4   2  12   5   2   1125.02105259      51030000.0 
 15   6   2  12   5   2   1125.02102745     700500000.0 
 15   5   2  12   6   2   1125.02104329      31790000.0 
 15   7   2  12   6   2   1125.02103454     771800000.0 
 15   6   2  12   7   2   1125.02104176      18560000.0 
 15   8   2  12   7   2   1125.02103676     806500000.0 
 15  10   2  12   9   2   1125.02103606     685700000.0 
 15  12   2  12  11   2    1125.0210362     241900000.0 
 15   7   2  12   8   2   1125.02105259       9851000.0 
 15   9   2  12   8   2   1125.02104968     784600000.0 
 15  11   2  12  10   2   1125.02131357     499000000.0 
 15   3   2  13   2   2    1909.7732993     334900000.0 
 15   1   2  13   2   2   1909.77325887     173600000.0 
 15   2   2  13   3   2   1909.77342017     119200000.0 
 15   4   2  13   3   2    1909.7732973     414400000.0 
 15   2   2  13   1   2   1909.77349301     258300000.0 
 15   0   2  13   1   2   1909.77335493     334800000.0 
 15   3   2  13   4   2    1909.7734726      84640000.0 
 15   5   2  13   4   2   1909.77334412     498400000.0 
 15   1   2  13   0   2    1909.7734758     175500000.0 
 15   4   2  13   5   2   1909.77348901      59640000.0 
 15   6   2  13   5   2   1909.77341657     585600000.0 
 15   5   2  13   6   2   1909.77345619      40980000.0 
 15   7   2  13   6   2   1909.77343098     672400000.0 
 15   6   2  13   7   2   1909.77344939      27050000.0 
 15   8   2  13   7   2   1909.77343498     752300000.0 
 15  12   2  13  11   2   1909.77343178     706400000.0 
 15   9   2  13  10   2   1909.77343378       4877000.0 
 15  11   2  13  10   2   1909.77342657     820500000.0 
 15  13   2  13  12   2   1909.77343458     455500000.0 
 15   7   2  13   8   2   1909.77344699      16860000.0 
 15   9   2  13   8   2   1909.77343858     815200000.0 
 15   8   2  13   9   2   1909.77345659       9665000.0 
 15  10   2  13   9   2   1909.77345219     845600000.0 
 15   3   2  14   2   2   4277.01918633     270500000.0 
 15   2   2  14   3   2   4277.01974239     121900000.0 
 15   4   2  14   3   2   4277.01912611     330900000.0 
 15   2   2  14   1   2   4277.02000937     212900000.0 
 15   0   2  14   1   2   4277.01931681     306900000.0 
 15   3   2  14   4   2   4277.01993309      92700000.0 
 15   5   2  14   4   2   4277.01928871     397600000.0 
 15   4   2  14   5   2     4277.019909      70750000.0 
 15   6   2  14   5   2   4277.01954566     472500000.0 
 15   5   2  14   6   2   4277.01972633      53420000.0 
 15   7   2  14   6   2   4277.01959986     557200000.0 
 15   6   2  14   7   2   4277.01968618      39490000.0 
 15   8   2  14   7   2   4277.01961391     653500000.0 
 15   7   2  14   8   2   4277.01966811      28300000.0 
 15   9   2  14   8   2   4277.01962596     763000000.0 
 15  14   2  14  13   2   4277.01963198    1585000000.0 
 15  13   2  14  12   2   4277.01963198    1376000000.0 
 15  11   2  14  12   2   4277.01959183       3487000.0 
 15   8   2  14   9   2   4277.01966209      19390000.0 
 15  10   2  14   9   2   4277.01964001     887700000.0 
 15   9   2  14  10   2   4277.01969019      12440000.0 
 15  11   2  14  10   2   4277.01965406    1030000000.0 
 15  10   2  14  11   2   4277.01972031       7206000.0 
 15  12   2  14  11   2    4277.0197183    1191000000.0 
100	0	0	0 0	0	1.0	   1.0
# n,l,2,n,l,2,  Energy (Angstrom) Einstein A (s-1)
# File computed  using the RAP package (Witthoeft, 2011) using AUTOSTRUCTURE data 
# For the final state of H-like Ar