  2   1   2    2   0    2   885.653928391   488666666.667 
  3   0   2    2   1    2   134.823558654   28900000000.0 
  3   1   2    2   0    2   112.953639363   50366666666.7 
  3   1   2    2   1    2   129.465247844       3000000.0 
  3   1   2    3   0    2   3257.55001072   60333333.3333 
  3   2   2    2   0    2      111.648147       9800000.0 
  3   2   2    2   1    2   127.753076741      1.6132e+11 
  3   2   2    3   1    2   9660.00636038       1866000.0 
  4   0   2    2   1    2   97.3216140187   11500000000.0 
  4   0   2    3   1    2   391.983275693    6590000000.0 
  4   1   2    2   0    2    86.732461652   22700000000.0 
  4   1   2    2   1    2   96.1483056585   426666.666667 
  4   1   2    3   0    2   335.177037599   5863333333.33 
  4   1   2    3   2    2   388.651505786    1078000000.0 
  4   1   2    4   0    2   7975.14839989   13966666.6667 
  4   2   2    2   0    2   86.4101936804       1820000.0 
  4   2   2    2   1    2   95.7524271539   53440000000.0 
  4   2   2    3   1    2   367.712088735   16588000000.0 
  4   3   2    2   1    2   95.7292716517   6614285.71429 
  4   3   2    3   2    2   381.894311233   33104285714.3 
  5   0   2    2   1    2    86.432634076    5570000000.0 
  5   0   2    3   1    2   260.035852174    3830000000.0 
  5   0   2    4   1    2   855.355314289    2650000000.0 
  5   1   2    2   0    2   78.3579383885   11833333333.3 
  5   1   2    3   0    2   237.206376752   3586666666.67 
  5   1   2    3   2    2   262.795548262   497733333.333 
  5   1   2    4   0    2   736.577794902    1310000000.0 
  5   1   2    4   2    2   840.873070603   580866666.667 
  5   1   2    5   0    2   15838.9404403   4466666.66667 
  5   2   2    2   1    2   85.8023102776   24748000000.0 
  5   2   2    3   1    2   254.412964056    8596000000.0 
  5   2   2    4   0    2    724.90660116     740000000.0 
  5   2   2    4   1    2   797.385505312    3399200000.0 
  5   2   2    4   3    2   827.422648211     123928000.0 
  5   3   2    2   1    2   85.7923097635   4895714.28571 
  5   3   2    3   2    2    261.20188744   11175571428.6 
  5   3   2    4   2    2   824.771593452   6217857142.86 
  5   4   2    3   2    2   261.187662944   1307777.77778 
  5   4   2    4   3    2   826.351191556   10228888888.9 
  6   0   2    2   1    2    81.540916892    3150000000.0 
  6   0   2    3   1    2    220.27881882    2022000000.0 
  6   0   2    4   1    2   536.716118557    1395000000.0 
  6   0   2    5   1    2   1584.93168761    1060000000.0 
  6   1   2    2   0    2   74.4653743506   6916666666.67 
  6   1   2    3   0    2   204.798439403   2093333333.33 
  6   1   2    3   2    2   223.596049178     249600000.0 
  6   1   2    4   0    2   493.890259501     860000000.0 
  6   1   2    4   2    2   538.691062832   288466666.667 
  6   1   2    5   0    2   1369.39971448   411333333.333 
  6   1   2    5   2    2   1549.77914891   289333333.333 
  6   2   2    2   1    2   81.2178646193   13584000000.0 
  6   2   2    3   1    2   217.937021026    4690000000.0 
  6   2   2    4   1    2   523.022732673    2040000000.0 
  6   2   2    4   3    2   535.780369727      52740000.0 
  6   2   2    5   1    2    1471.1887144    1009600000.0 
  6   2   2    5   3    2   1523.21603605      95300000.0 
  6   3   2    3   2    2    222.92762284   5130857142.86 
  6   3   2    4   2    2   534.827578921   3092571428.57 
  6   3   2    5   2    2    1518.2267776   1738285714.29 
  6   3   2    5   4    2   1521.84745904   27434285.7143 
  6   4   2    4   3    2   535.516519164   3299111111.11 
  6   4   2    5   3    2   1521.08537949   2697777777.78 
  7   0   2    2   1    2   78.8727906294    1959000000.0 
  7   0   2    3   1    2   201.834145823    1193000000.0 
  7   0   2    4   1    2   438.973030258     833000000.0 
  7   0   2    5   1    2   956.202167176     607000000.0 
  7   0   2    6   1    2   2640.66487003     494000000.0 
  7   1   2    2   0    2   72.3139999667   4373333333.33 
  7   1   2    3   0    2   189.308952666    1310000000.0 
  7   1   2    3   2    2   205.259925723     142800000.0 
  7   1   2    4   0    2   412.496679718     562000000.0 
  7   1   2    4   2    2     443.2875193   163533333.333 
  7   1   2    5   0    2   885.137772943   292666666.667 
  7   1   2    5   2    2   957.144909817   155666666.667 
  7   1   2    6   0    2   2295.20953077   158333333.333 
  7   1   2    6   2    2   2584.58281572   148866666.667 
  7   2   2    2   1    2   78.6832610051    8284000000.0 
  7   2   2    3   1    2   200.597663095    2830800000.0 
  7   2   2    4   1    2   433.165925393    1277200000.0 
  7   2   2    4   3    2   441.880004849      27440000.0 
  7   2   2    5   1    2   929.071139945     673600000.0 
  7   2   2    5   3    2   949.553017673      46546000.0 
  7   2   2    6   1    2   2443.59927062     377200000.0 
  7   2   2    6   3    2   2526.38491821      61658000.0 
  7   3   2    3   2    2   204.829926346    2850000000.0 
  7   3   2    4   2    2   441.286843433    1763000000.0 
  7   3   2    5   2    2   947.866043679   1039742857.14 
  7   3   2    5   4    2   949.276053169   11206285.7143 
  7   3   2    6   2    2   2518.02176304   620428571.429 
  7   3   2    6   4    2   2523.86595026   26723428.5714 
  7   4   2    4   3    2   443.769346521   1532044444.44 
  7   4   2    5   3    2   958.320580503   1278088888.89 
  7   4   2    6   3    2   2589.41532166   838177777.778 
  8   1   2    2   0    2   70.9799639674    2940000000.0 
  8   1   2    3   0    2   180.431411606     870000000.0 
  8   1   2    3   2    2   194.864408983   90333333.3333 
  8   1   2    4   0    2   372.555505133   383333333.333 
  8   1   2    4   2    2   397.491971794   102466666.667 
  8   1   2    5   0    2   719.595565242   203333333.333 
  8   1   2    5   2    2   766.473974437      94600000.0 
  8   1   2    6   0    2   1437.62449714   120333333.333 
  8   1   2    6   2    2   1546.04548894   87866666.6667 
  8   1   2    7   0    2   3562.14150575      71000000.0 
  8   1   2    7   2    2   3996.96056845      82260000.0 
  8   2   2    2   1    2   77.1213183458    5434000000.0 
  8   2   2    3   1    2   190.748587074    1849200000.0 
  8   2   2    4   1    2   389.714039707     849600000.0 
  8   2   2    4   3    2   396.753340503      16283800.0 
  8   2   2    5   1    2    749.76924406     454960000.0 
  8   2   2    5   3    2   763.051848875      26476000.0 
  8   2   2    6   1    2   1500.07743465     269600000.0 
  8   2   2    6   3    2    1530.8722911      33288000.0 
  8   2   2    7   1    2   3743.75350232     168680000.0 
  8   2   2    7   3    2   3892.80635653      38970000.0 
  8   4   2    4   3    2   396.691163475   876088888.889 
  8   4   2    5   3    2   762.821898543   752955555.556 
  8   4   2    6   3    2    1529.9470132   543733333.333 
  8   4   2    7   3    2   3886.82891875   369088888.889 
  9   1   2    2   0    2   70.1195792519   2063333333.33 
  9   1   2    3   0    2   174.973798104   608666666.667 
  9   1   2    3   2    2   188.514112487   60653333.3333 
  9   1   2    4   0    2   350.013458702   270333333.333 
  9   1   2    4   2    2   371.934800283   68586666.6667 
  9   1   2    5   0    2   639.984156079   144333333.333 
  9   1   2    5   2    2   676.798367248   61553333.3333 
  9   1   2    6   0    2   1151.46201668   86333333.3333 
  9   1   2    6   2    2    1219.9872548   55413333.3333 
  9   1   2    7   0    2   2204.58942785   54733333.3333 
  9   1   2    7   2    2   2363.73479975      49740000.0 
  9   1   2    8   2    2   6036.48012719   43733333.3333 
  9   2   2    2   1    2   76.0855114187    3762800000.0 
  9   2   2    3   1    2   184.534998724    1281200000.0 
  9   2   2    4   1    2   364.629817792     592000000.0 
  9   2   2    4   3    2   370.784946718      10500000.0 
  9   2   2    5   1    2   662.134514638     319120000.0 
  9   2   2    5   3    2   672.472171795      16695200.0 
  9   2   2    6   1    2   1186.02056381     192000000.0 
  9   2   2    6   3    2    1205.1883828      20176000.0 
  9   2   2    7   1    2   2254.10502882     125600000.0 
  9   2   2    7   3    2    2307.2972275      22582000.0 
  9   2   2    8   1    2   5442.67478946      83800000.0 
 10   1   2    2   0    2   69.4478600171    1510000000.0 
 10   1   2    3   0    2   170.850183362   445666666.667 
 10   1   2    3   2    2   183.736306986      43200000.0 
 10   1   2    4   0    2   333.892848506   200333333.333 
 10   1   2    4   2    2   353.784046103   48986666.6667 
 10   1   2    5   0    2   588.069773295     108000000.0 
 10   1   2    5   2    2   619.009250491      43740000.0 
 10   1   2    6   0    2    993.63977756   66333333.3333 
 10   1   2    6   2    2   1044.25500316   39313333.3333 
 10   1   2    7   0    2   1690.50559317   44066666.6667 
 10   1   2    7   2    2   1782.53401667      35600000.0 
 10   1   2    8   2    2   3293.81565821   33386666.6667 
 10   1   2    9   2    2   7869.31813471      33380000.0 
 10   2   2    2   1    2   75.3095829187    2721200000.0 
 10   2   2    3   1    2   180.036083594     929200000.0 
 10   2   2    4   1    2   347.472774023     433120000.0 
 10   2   2    4   3    2    353.05785585       7312800.0 
 10   2   2    5   1    2   607.650444435     236160000.0 
 10   2   2    5   3    2   616.345647616      11467000.0 
 10   2   2    6   1    2   1021.89768318     144040000.0 
 10   2   2    6   3    2   1036.09587047      13669400.0 
 10   2   2    7   1    2   1726.96389789      96960000.0 
 10   2   2    7   3    2     1758.014932      15049600.0 
 10   2   2    8   1    2   3133.33232473      70120000.0 
 10   2   2    9   1    2   6836.21185296      62020000.0 
100	0	0	0	0	0	1.0	1.0
# upper n l s  lower  n l s   Energy (Angstrom) Einstein A (s-1)
# File computed on 15/03/19 using the RAP package (Witthoeft, 2011) using NIST data 