2	0	1	1	0	0	9.314338E+00	6.85067E+04
2	1	0	1	0	0	9.168750E+00	1.96000E+13
2	1	0	2	0	0	1.474187E+03	4.72000E+07
2	1	0	2	0	1	5.865928E+02	1.28527E+06
2	1	1	1	0	0	9.229597E+00	3.35376E+10
2	1	1	2	0	1	1.014474E+03	4.14512E+08
3	0	0	2	1	0	5.519702E+01	1.12000E+11
3	0	0	2	1	1	5.308998E+01	4.91644E+08
3	0	1	2	0	1	5.115001E+01	3.75605E+01
3	0	1	2	1	1	5.386594E+01	1.26731E+11
3	1	0	1	0	0	7.850522E+00	5.43000E+12
3	1	0	2	0	0	5.265297E+01	3.18000E+11
3	1	0	2	1	0	5.460321E+01	4.21757E+07
3	1	0	3	0	0	5.075627E+03	6.94000E+06
3	1	0	3	2	0	2.696872E+04	5.75000E+04
3	1	1	1	0	0	7.862694E+00	1.06972E+10
3	1	1	2	0	0	5.320539E+01	7.05429E+08
3	1	1	2	0	1	5.045025E+01	3.30000E+11
3	1	1	2	1	1	5.309046E+01	4.46674E+07
3	1	1	3	0	1	3.687739E+03	1.86000E+07
3	2	0	2	1	0	5.471399E+01	9.37000E+11
3	2	1	2	1	1	5.266808E+01	1.00222E+12
3	2	1	3	1	1	6.620130E+03	1.47000E+06
4	0	0	2	1	0	4.054550E+01	4.55000E+10
4	0	0	2	1	1	3.939695E+01	2.00894E+08
4	0	0	3	1	0	1.574875E+02	3.15000E+10
4	0	0	3	1	1	1.527440E+02	5.18401E+07
4	0	1	2	1	1	3.956820E+01	4.95696E+10
4	0	1	3	1	1	1.553509E+02	3.75000E+09
4	1	0	1	0	0	7.473135E+00	2.24000E+12
4	1	0	2	0	0	3.933157E+01	1.40000E+11
4	1	0	2	1	0	4.040971E+01	1.81751E+07
4	1	0	3	0	0	1.508384E+02	4.25000E+10
4	1	0	3	2	0	1.545674E+02	4.84000E+09
4	1	0	4	0	0	1.206564E+04	1.73000E+06
4	1	0	4	2	0	6.968641E+04	1.42000E+04
4	1	1	1	0	0	7.477660E+00	4.67541E+09
4	1	1	2	0	0	3.945722E+01	3.08322E+08
4	1	1	2	0	1	3.792142E+01	1.46000E+11
4	1	1	2	1	1	3.939398E+01	1.91533E+07
4	1	1	3	0	0	1.527034E+02	9.24451E+07
4	1	1	3	0	1	1.466279E+02	4.28000E+10
4	1	1	3	2	1	1.563047E+02	5.95000E+07
4	1	1	4	0	1	8.946767E+03	4.37000E+06
4	2	0	2	1	0	4.043315E+01	2.96000E+11
4	2	0	3	1	0	1.558060E+02	1.04000E+11
4	2	1	2	1	1	3.929638E+01	3.04685E+11
4	2	1	3	1	1	1.512434E+02	5.73000E+10
4	2	1	4	1	1	1.586199E+04	4.59000E+05
4	3	0	3	2	0	1.548947E+02	2.01650E+11
4	3	0	4	2	0	1.470588E+06	5.68695E-01
4	3	1	3	2	1	1.546789E+02	2.01650E+11
4	3	1	4	2	1	2.378687E+05	1.34382E+02
5	0	0	2	1	0	3.612032E+01	2.27000E+10
5	0	0	2	1	1	3.520596E+01	1.00341E+08
5	0	0	3	1	0	1.067087E+02	1.54000E+10
5	0	0	3	1	1	1.045096E+02	2.58928E+07
5	0	0	4	1	0	3.402842E+02	1.09000E+10
5	0	0	4	1	1	3.311601E+02	2.00447E+07
5	0	1	2	1	1	3.527450E+01	2.34643E+10
5	0	1	3	1	1	1.051159E+02	1.81000E+09
5	0	1	4	1	1	3.373253E+02	1.29000E+09
5	1	0	1	0	0	7.310282E+00	1.13000E+12
5	1	0	2	0	0	3.520402E+01	7.19000E+10
5	1	0	2	1	0	3.606527E+01	9.30244E+06
5	1	0	3	0	0	1.040519E+02	2.32000E+10
5	1	0	3	2	0	1.058128E+02	2.09000E+09
5	1	0	4	0	0	3.263857E+02	1.01000E+10
5	1	0	4	2	0	3.338530E+02	2.63000E+09
5	1	0	5	0	0	2.366304E+04	5.72000E+05
5	1	0	5	2	0	1.464129E+05	4.20000E+03
5	1	1	1	0	0	7.312470E+00	2.46042E+09
5	1	1	2	0	0	3.525482E+01	1.62254E+08
5	1	1	2	0	1	3.402364E+01	7.50000E+10
5	1	1	2	1	1	3.520433E+01	9.78211E+06
5	1	1	3	0	0	1.044970E+02	4.86490E+07
5	1	1	3	0	1	1.016158E+02	2.35000E+10
5	1	1	3	2	1	1.061710E+02	2.55000E+07
5	1	1	4	0	0	3.308057E+02	2.37264E+07
5	1	1	4	0	1	3.192051E+02	1.01000E+10
5	1	1	4	2	1	3.380701E+02	3.17000E+07
5	1	1	5	0	1	1.769529E+04	1.42000E+06
5	2	0	2	1	0	3.607415E+01	1.34000E+11
5	2	0	3	1	0	1.063068E+02	4.96000E+10
5	2	0	4	1	0	3.362305E+02	2.20000E+10
5	2	0	4	3	0	3.346922E+02	7.38226E+08
5	2	1	2	1	1	3.516474E+01	1.34476E+11
5	2	1	3	1	1	1.041471E+02	2.81000E+10
5	2	1	4	1	1	3.275478E+02	1.19000E+10
5	2	1	4	3	1	3.349252E+02	7.38226E+08
5	2	1	5	1	1	3.127041E+04	1.63000E+05
5	3	0	3	2	0	1.058880E+02	6.64292E+10
5	3	0	4	2	0	3.346026E+02	3.77972E+10
5	3	0	5	2	0	8.333333E+06	6.19886E-02
5	3	1	3	2	1	1.057866E+02	6.64292E+10
5	3	1	4	2	1	3.342029E+02	3.77972E+10
5	3	1	5	2	1	4.447079E+05	8.28901E+01
5	4	0	4	3	0	3.346227E+02	6.22176E+10
5	4	0	5	3	0	2.000000E+06	1.02967E-03
5	4	1	4	3	1	3.346171E+02	6.22176E+10
5	4	1	5	3	1	2.000000E+06	1.02967E-03
6	0	0	2	1	0	3.409114E+01	1.21247E+10
6	0	0	2	1	1	3.327547E+01	5.69045E+07
6	0	0	3	1	0	9.075071E+01	8.66258E+09
6	0	0	3	1	1	8.915525E+01	1.46840E+07
6	0	0	4	1	0	2.180260E+02	6.15678E+09
6	0	0	4	1	1	2.142440E+02	1.13675E+07
6	0	0	5	1	0	6.228093E+02	4.64152E+09
6	0	0	5	1	1	6.073247E+02	8.80009E+06
6	0	1	2	1	1	3.335604E+01	1.25662E+10
6	0	1	3	1	1	8.973599E+01	9.02739E+09
6	0	1	4	1	1	2.176284E+02	6.40793E+09
6	0	1	5	1	1	6.353330E+02	4.81000E+09
6	1	0	1	0	0	7.224707E+00	6.52000E+11
6	1	0	2	0	0	3.330431E+01	4.17000E+10
6	1	0	2	1	0	3.407410E+01	5.37469E+06
6	1	0	3	0	0	8.904022E+01	1.36000E+10
6	1	0	3	2	0	9.032657E+01	1.09000E+09
6	1	0	4	0	0	2.134859E+02	6.20000E+09
6	1	0	4	2	0	2.166556E+02	1.32000E+09
6	1	0	5	0	0	6.014857E+02	3.30000E+09
6	1	0	5	2	0	6.145828E+02	1.35000E+09
6	1	0	6	0	0	6.820317E+04	2.71629E+05
6	1	0	6	2	0	5.832847E+04	4.30859E+02
6	1	1	1	0	0	7.226844E+00	1.45615E+09
6	1	1	2	0	0	3.334977E+01	9.60263E+07
6	1	1	2	0	1	3.224596E+01	4.26942E+10
6	1	1	2	1	1	3.330458E+01	5.64090E+06
6	1	1	3	0	0	8.936588E+01	2.87918E+07
6	1	1	3	0	1	8.725019E+01	1.40694E+10
6	1	1	3	2	1	9.058734E+01	1.38559E+09
6	1	1	4	0	0	2.153676E+02	1.40420E+07
6	1	1	4	0	1	2.103897E+02	5.79996E+09
6	1	1	4	2	1	2.184232E+02	1.63204E+09
6	1	1	5	0	0	6.166660E+02	8.60233E+06
6	1	1	5	0	1	5.963693E+02	3.24175E+09
6	1	1	5	2	1	6.295953E+02	1.65024E+09
6	1	1	6	0	1	2.158742E+04	5.10222E+05
6	2	0	2	1	0	3.409402E+01	5.18117E+10
6	2	0	3	1	0	9.077115E+01	2.67892E+10
6	2	0	4	1	0	2.181441E+02	1.28142E+10
6	2	0	4	3	0	2.174955E+02	3.13703E+08
6	2	0	5	1	0	6.237736E+02	6.74021E+09
6	2	0	5	3	0	6.211737E+02	5.71541E+08
6	2	1	2	1	1	3.329214E+01	5.85705E+10
6	2	1	3	1	1	8.927504E+01	2.76913E+10
6	2	1	4	1	1	2.149370E+02	1.26309E+10
6	2	1	4	3	1	2.180893E+02	3.13703E+08
6	2	1	5	1	1	6.129268E+02	6.30391E+09
6	2	1	5	3	1	6.260610E+02	5.71541E+08
6	2	1	6	1	1	8.916475E+04	2.78197E+04
6	3	0	3	2	0	9.046858E+01	3.13859E+10
6	3	0	4	2	0	2.174744E+02	1.88222E+10
6	3	0	5	2	0	6.212177E+02	1.05777E+10
6	3	0	5	4	0	6.214570E+02	1.66328E+08
6	3	1	3	2	1	9.045371E+01	3.13859E+10
6	3	1	4	2	1	2.176479E+02	1.88222E+10
6	3	1	5	2	1	6.231962E+02	1.05777E+10
6	3	1	5	4	1	6.242656E+02	1.66328E+08
6	3	1	6	2	1	1.963140E+05	2.85670E-01
6	4	0	4	3	0	2.175130E+02	2.00770E+10
6	4	0	5	3	0	6.213158E+02	1.61708E+10
6	4	1	4	3	1	2.177091E+02	2.00770E+10
6	4	1	5	3	1	6.229382E+02	1.61708E+10
6	4	1	6	3	1	3.432431E+05	6.38574E-04
6	5	0	5	4	0	6.160974E+02	2.40558E+10
6	5	0	6	4	0	7.075841E+04	5.15561E-06
6	5	1	5	4	1	6.160974E+02	2.40558E+10
6	5	1	6	4	1	5.457247E+04	5.15561E-06
7	0	0	2	1	0	3.299828E+01	7.11492E+09
7	0	0	2	1	1	3.223349E+01	3.52270E+07
7	0	0	3	1	0	8.339818E+01	5.18885E+09
7	0	0	3	1	1	8.204886E+01	9.09022E+06
7	0	0	4	1	0	1.799183E+02	3.67563E+09
7	0	0	4	1	1	1.773349E+02	7.03712E+06
7	0	0	5	1	0	3.880332E+02	2.74688E+09
7	0	0	5	1	1	3.819656E+02	5.44773E+06
7	0	0	6	1	0	1.045141E+03	2.16270E+09
7	0	0	6	1	1	1.002270E+03	4.21732E+06
7	0	1	2	1	1	3.228445E+01	7.35569E+09
7	0	1	3	1	1	8.237986E+01	5.39839E+09
7	0	1	4	1	1	1.788884E+02	3.82035E+09
7	0	1	5	1	1	3.892465E+02	2.84534E+09
7	0	1	6	1	1	1.054002E+03	2.25599E+09
7	1	0	1	0	0	7.174053E+00	4.10000E+11
7	1	0	2	0	0	3.225449E+01	2.63000E+10
7	1	0	2	1	0	3.297598E+01	3.61360E+06
7	1	0	3	0	0	8.191229E+01	8.65000E+09
7	1	0	3	2	0	8.299967E+01	6.46000E+08
7	1	0	4	0	0	1.766332E+02	3.98000E+09
7	1	0	4	2	0	1.787975E+02	7.58000E+08
7	1	0	5	0	0	3.788094E+02	2.20000E+09
7	1	0	5	2	0	3.839626E+02	7.50000E+08
7	1	0	6	0	0	1.008103E+03	1.29780E+09
7	1	0	6	2	0	1.005587E+03	7.20029E+08
7	1	0	7	0	0	4.880164E+04	1.24190E+05
7	1	0	7	2	0	4.245864E+04	2.23120E+02
7	1	1	1	0	0	7.176056E+00	9.34544E+08
7	1	1	2	0	0	3.229502E+01	6.16289E+07
7	1	1	2	0	1	3.125884E+01	2.73755E+10
7	1	1	2	1	1	3.225264E+01	3.78937E+06
7	1	1	3	0	0	8.217422E+01	1.84784E+07
7	1	1	3	0	1	8.038193E+01	9.31949E+09
7	1	1	3	2	1	8.320586E+01	7.78048E+08
7	1	1	4	0	0	1.778557E+02	9.01201E+06
7	1	1	4	0	1	1.744471E+02	3.87458E+09
7	1	1	4	2	1	1.799344E+02	9.14463E+08
7	1	1	5	0	0	3.844768E+02	5.52091E+06
7	1	1	5	0	1	3.764880E+02	2.19478E+09
7	1	1	5	2	1	3.894633E+02	9.01721E+08
7	1	1	6	0	0	1.049264E+03	3.84520E+06
7	1	1	6	0	1	9.750038E+02	1.29538E+09
7	1	1	6	2	1	1.032953E+03	8.64917E+08
7	1	1	7	0	1	3.273466E+04	2.24423E+05
7	2	0	2	1	0	3.300161E+01	2.81627E+10
7	2	0	3	1	0	8.341948E+01	1.59142E+10
7	2	0	4	1	0	1.800174E+02	7.84754E+09
7	2	0	4	3	0	1.795755E+02	1.64374E+08
7	2	0	5	1	0	3.884947E+02	4.31956E+09
7	2	0	5	3	0	3.874846E+02	2.79633E+08
7	2	0	6	1	0	1.048495E+03	2.54237E+09
7	2	0	6	3	0	1.029733E+03	3.69114E+08
7	2	1	2	1	1	3.224480E+01	3.22827E+10
7	2	1	3	1	1	8.212219E+01	1.66293E+10
7	2	1	4	1	1	1.776778E+02	7.85492E+09
7	2	1	4	3	1	1.798265E+02	1.64374E+08
7	2	1	5	1	1	3.835600E+02	4.17806E+09
7	2	1	5	3	1	3.886625E+02	2.79633E+08
7	2	1	6	1	1	1.013322E+03	2.37368E+09
7	2	1	6	3	1	1.030350E+03	3.69114E+08
7	2	1	7	1	1	1.326373E+05	1.30711E+04
7	3	0	3	2	0	8.316428E+01	1.76531E+10
7	3	0	4	2	0	1.795631E+02	1.07346E+10
7	3	0	5	2	0	3.875109E+02	6.33434E+09
7	3	0	5	4	0	3.876040E+02	6.80217E+07
7	3	0	6	2	0	1.030294E+03	3.79392E+09
7	3	0	6	4	0	1.029903E+03	1.62372E+08
7	3	1	3	2	1	8.312989E+01	1.76531E+10
7	3	1	4	2	1	1.795795E+02	1.07346E+10
7	3	1	5	2	1	3.878045E+02	6.33434E+09
7	3	1	5	4	1	3.882183E+02	6.80217E+07
7	3	1	6	2	1	1.021365E+03	3.79392E+09
7	3	1	6	4	1	1.029787E+03	1.62372E+08
7	3	1	7	2	1	2.903521E+05	1.43851E-01
7	4	0	4	3	0	1.795905E+02	9.44553E+09
7	4	0	5	3	0	3.875544E+02	8.01684E+09
7	4	0	6	3	0	1.030226E+03	5.50433E+09
7	4	0	6	5	0	1.045300E+03	4.90541E+07
7	4	1	4	3	1	1.796514E+02	9.44553E+09
7	4	1	5	3	1	3.878455E+02	8.01684E+09
7	4	1	6	3	1	1.024628E+03	5.50433E+09
7	4	1	6	5	1	1.047421E+03	4.90541E+07
7	4	1	7	3	1	5.061928E+05	3.58149E-04
7	5	0	5	4	0	3.876461E+02	7.43987E+09
7	5	0	6	4	0	1.030200E+03	7.78458E+09
7	5	1	5	4	1	3.877280E+02	7.43987E+09
7	5	1	6	4	1	1.026344E+03	7.78458E+09
7	5	1	7	4	1	7.801943E+05	3.82358E-06
7	6	0	6	5	0	1.045506E+03	1.08339E+10
7	6	1	6	5	1	1.045034E+03	1.08339E+10
7	6	1	7	5	1	1.112366E+06	7.40194E-08
8	0	0	2	1	0	3.232407E+01	4.45043E+09
8	0	0	2	1	1	3.158986E+01	2.32521E+07
8	0	0	3	1	0	7.922198E+01	3.32030E+09
8	0	0	3	1	1	7.800342E+01	6.00014E+06
8	0	0	4	1	0	1.615465E+02	2.35688E+09
8	0	0	4	1	1	1.594607E+02	4.64496E+06
8	0	0	5	1	0	3.116052E+02	1.74498E+09
8	0	0	5	1	1	3.076803E+02	3.59586E+06
8	0	0	6	1	0	6.293664E+02	1.36287E+09
8	0	0	6	1	1	6.135623E+02	2.78370E+06
8	0	0	7	1	0	1.635057E+03	1.11764E+09
8	0	0	7	1	1	1.537250E+03	2.15498E+06
8	0	1	2	1	1	3.162449E+01	4.59148E+09
8	0	1	3	1	1	7.821491E+01	3.44980E+09
8	0	1	4	1	1	1.603470E+02	2.44696E+09
8	0	1	5	1	1	3.109972E+02	1.80606E+09
8	0	1	6	1	1	6.268954E+02	1.41600E+09
8	0	1	7	1	1	1.623776E+03	1.16277E+09
8	1	0	1	0	0	7.141548E+00	2.74000E+11
8	1	0	2	0	0	3.160768E+01	1.76000E+10
8	1	0	2	1	0	3.230022E+01	2.52309E+06
8	1	0	3	0	0	7.786573E+01	5.79000E+09
8	1	0	3	2	0	7.884769E+01	4.15000E+08
8	1	0	4	0	0	1.588338E+02	2.69000E+09
8	1	0	4	2	0	1.605817E+02	4.79000E+08
8	1	0	5	0	0	3.054097E+02	1.50000E+09
8	1	0	5	2	0	3.087506E+02	4.59000E+08
8	1	0	6	0	0	6.148541E+02	9.23282E+08
8	1	0	6	2	0	6.139172E+02	4.28821E+08
8	1	0	7	0	0	1.526878E+03	5.97754E+08
8	1	0	7	2	0	1.519775E+03	4.05519E+08
8	1	0	8	0	0	4.378190E+04	6.30466E+04
8	1	0	8	2	0	3.905507E+04	1.26174E+02
8	1	1	1	0	0	7.143392E+00	6.36439E+08
8	1	1	2	0	0	3.164383E+01	4.19702E+07
8	1	1	2	0	1	3.064838E+01	1.86282E+10
8	1	1	2	1	1	3.160314E+01	2.64430E+06
8	1	1	3	0	0	7.808551E+01	1.25841E+07
8	1	1	3	0	1	7.646538E+01	6.52286E+09
8	1	1	3	2	1	7.901647E+01	4.70346E+08
8	1	1	4	0	0	1.597510E+02	6.13732E+06
8	1	1	4	0	1	1.569957E+02	2.73187E+09
8	1	1	4	2	1	1.614261E+02	5.59229E+08
8	1	1	5	0	0	3.088190E+02	3.75982E+06
8	1	1	5	0	1	3.036438E+02	1.49619E+09
8	1	1	5	2	1	3.120279E+02	5.43828E+08
8	1	1	6	0	0	6.288300E+02	2.61865E+06
8	1	1	6	0	1	6.013797E+02	9.25104E+08
8	1	1	6	2	1	6.229348E+02	5.09776E+08
8	1	1	7	0	0	1.616073E+03	1.97690E+06
8	1	1	7	0	1	1.497556E+03	5.94474E+08
8	1	1	7	2	1	1.588142E+03	4.83068E+08
8	1	1	8	0	1	4.682236E+04	1.10176E+05
8	2	0	2	1	0	3.232696E+01	1.65312E+10
8	2	0	3	1	0	7.923933E+01	1.01497E+10
8	2	0	4	1	0	1.616186E+02	5.12060E+09
8	2	0	4	3	0	1.612624E+02	9.80809E+07
8	2	0	5	1	0	3.118738E+02	2.86073E+09
8	2	0	5	3	0	3.112225E+02	1.59178E+08
8	2	0	6	1	0	6.304633E+02	1.75106E+09
8	2	0	6	3	0	6.236306E+02	1.99183E+08
8	2	0	7	1	0	1.642481E+03	1.12562E+09
8	2	0	7	3	0	1.580572E+03	2.32995E+08
8	2	1	2	1	1	3.159780E+01	1.91917E+10
8	2	1	3	1	1	7.805183E+01	1.06912E+10
8	2	1	4	1	1	1.596632E+02	5.17368E+09
8	2	1	4	3	1	1.613961E+02	9.80809E+07
8	2	1	5	1	1	3.084349E+02	2.80783E+09
8	2	1	5	3	1	3.117258E+02	1.59178E+08
8	2	1	6	1	1	6.165705E+02	1.68266E+09
8	2	1	6	3	1	6.228335E+02	1.99183E+08
8	2	1	7	1	1	1.556273E+03	1.04212E+09
8	2	1	7	3	1	1.583337E+03	2.32995E+08
8	2	1	8	1	1	1.867460E+05	6.79441E+03
8	3	0	3	2	0	7.900889E+01	1.10256E+10
8	3	0	4	2	0	1.612517E+02	6.74306E+09
8	3	0	5	2	0	3.112372E+02	4.02712E+09
8	3	0	5	4	0	3.112972E+02	3.49300E+07
8	3	0	6	2	0	6.238271E+02	2.52387E+09
8	3	0	6	4	0	6.236838E+02	7.65888E+07
8	3	0	7	2	0	1.581987E+03	1.61034E+09
8	3	0	7	4	0	1.580825E+03	1.23858E+08
8	3	1	3	2	1	7.896772E+01	1.10256E+10
8	3	1	4	2	1	1.612227E+02	6.74306E+09
8	3	1	5	2	1	3.112691E+02	4.02712E+09
8	3	1	5	4	1	3.115356E+02	3.49300E+07
8	3	1	6	2	1	6.199177E+02	2.52387E+09
8	3	1	6	4	1	6.230102E+02	7.65888E+07
8	3	1	7	2	1	1.568678E+03	1.61034E+09
8	3	1	7	4	1	1.582129E+03	1.23858E+08
8	3	1	8	2	1	4.068224E+05	7.76709E-02
8	4	0	4	3	0	1.612735E+02	5.32785E+09
8	4	0	5	3	0	3.112639E+02	4.58457E+09
8	4	0	6	3	0	6.237969E+02	3.30850E+09
8	4	0	6	5	0	6.292920E+02	1.90955E+07
8	4	0	7	3	0	1.581641E+03	2.24638E+09
8	4	0	7	5	0	1.580940E+03	5.63893E+07
8	4	1	4	3	1	1.612953E+02	5.32785E+09
8	4	1	5	3	1	3.113500E+02	4.58457E+09
8	4	1	6	3	1	6.213353E+02	3.30850E+09
8	4	1	6	5	1	6.296439E+02	1.90955E+07
8	4	1	7	3	1	1.573691E+03	2.24638E+09
8	4	1	7	5	1	1.581799E+03	5.63893E+07
8	4	1	8	3	1	7.075008E+05	2.04571E-04
8	5	0	5	4	0	3.113223E+02	3.41972E+09
8	5	0	6	4	0	6.237843E+02	3.77017E+09
8	5	0	7	4	0	1.581471E+03	3.05936E+09
8	5	0	7	6	0	1.581001E+03	1.74034E+07
8	5	1	5	4	1	3.113095E+02	3.41972E+09
8	5	1	6	4	1	6.221064E+02	3.77017E+09
8	5	1	7	4	1	1.576313E+03	3.05936E+09
8	5	1	7	6	1	1.581750E+03	1.74034E+07
8	5	1	8	4	1	1.088832E+06	2.43994E-06
8	6	0	6	5	0	6.293606E+02	3.18186E+09
8	6	0	7	5	0	1.581374E+03	4.10393E+09
8	6	1	6	5	1	6.290248E+02	3.18186E+09
8	6	1	7	5	1	1.577897E+03	4.10393E+09
8	6	1	8	5	1	1.550830E+06	6.26061E-08
8	7	0	7	6	0	1.581313E+03	5.44759E+09
8	7	1	7	6	1	1.578947E+03	5.44759E+09
8	7	1	8	6	1	2.093496E+06	2.13013E-09
9	0	0	2	1	0	3.187626E+01	2.92444E+09
9	0	0	2	1	1	3.116203E+01	1.61186E+07
9	0	0	3	1	0	7.658511E+01	2.23357E+09
9	0	0	3	1	1	7.544574E+01	4.15935E+06
9	0	0	4	1	0	1.509485E+02	1.59372E+09
9	0	0	4	1	1	1.491259E+02	3.21993E+06
9	0	0	5	1	0	2.744389E+02	1.17507E+09
9	0	0	5	1	1	2.713899E+02	2.49268E+06
9	0	0	6	1	0	4.941913E+02	9.07483E+08
9	0	0	6	1	1	4.843942E+02	1.92969E+06
9	0	0	7	1	0	9.558331E+02	7.37603E+08
9	0	0	7	1	1	9.215565E+02	1.49386E+06
9	0	0	8	1	0	2.428554E+03	6.23250E+08
9	0	0	8	1	1	2.232568E+03	1.15646E+06
9	0	1	2	1	1	3.118679E+01	3.01174E+09
9	0	1	3	1	1	7.559104E+01	2.31817E+09
9	0	1	4	1	1	1.496946E+02	1.65312E+09
9	0	1	5	1	1	2.732795E+02	1.21530E+09
9	0	1	6	1	1	4.904470E+02	9.41161E+08
9	0	1	7	1	1	9.437144E+02	7.64483E+08
9	0	1	8	1	1	2.367218E+03	6.47075E+08
9	1	0	1	0	0	7.119429E+00	1.92000E+11
9	1	0	2	0	0	3.117895E+01	1.24000E+10
9	1	0	2	1	0	3.185263E+01	1.82216E+06
9	1	0	3	0	0	7.531448E+01	4.08000E+09
9	1	0	3	2	0	7.623276E+01	2.85000E+08
9	1	0	4	0	0	1.485679E+02	1.88000E+09
9	1	0	4	2	0	1.500961E+02	3.22000E+08
9	1	0	5	0	0	2.695905E+02	1.06000E+09
9	1	0	5	2	0	2.721903E+02	3.03000E+08
9	1	0	6	0	0	4.850973E+02	6.56288E+08
9	1	0	6	2	0	4.845139E+02	2.73661E+08
9	1	0	7	0	0	9.174555E+02	4.42842E+08
9	1	0	7	2	0	9.148860E+02	2.55709E+08
9	1	0	8	0	0	2.183976E+03	3.05449E+08
9	1	0	8	2	0	2.170870E+03	2.40654E+08
9	1	0	9	0	0	4.296954E+04	3.46705E+04
9	1	0	9	2	0	3.909684E+04	7.63136E+01
9	1	1	1	0	0	7.121110E+00	4.53514E+08
9	1	1	2	0	0	3.121121E+01	2.99072E+07
9	1	1	2	0	1	3.024237E+01	1.32647E+10
9	1	1	2	1	1	3.117163E+01	1.90891E+06
9	1	1	3	0	0	7.550299E+01	8.96716E+06
9	1	1	3	0	1	7.398722E+01	4.76166E+09
9	1	1	3	2	1	7.637305E+01	3.00176E+08
9	1	1	4	0	0	1.493033E+02	4.37334E+06
9	1	1	4	0	1	1.468938E+02	2.00721E+09
9	1	1	4	2	1	1.507654E+02	3.63665E+08
9	1	1	5	0	0	2.720217E+02	2.67918E+06
9	1	1	5	0	1	2.679982E+02	1.05625E+09
9	1	1	5	2	1	2.745083E+02	3.52492E+08
9	1	1	6	0	0	4.930262E+02	1.86600E+06
9	1	1	6	0	1	4.759915E+02	6.58373E+08
9	1	1	6	2	1	4.893950E+02	3.24759E+08
9	1	1	7	0	0	9.462359E+02	1.40870E+06
9	1	1	7	0	1	9.043313E+02	4.42185E+08
9	1	1	7	2	1	9.365914E+02	3.01168E+08
9	1	1	8	0	0	2.354446E+03	1.12307E+06
9	1	1	8	0	1	2.176789E+03	3.02941E+08
9	1	1	8	2	1	2.311177E+03	2.84868E+08
9	1	1	9	0	1	6.411033E+04	5.88227E+04
9	2	0	2	1	0	3.187860E+01	1.02615E+10
9	2	0	3	1	0	7.659864E+01	6.82512E+09
9	2	0	4	1	0	1.510010E+02	3.51285E+09
9	2	0	4	3	0	1.506900E+02	6.37465E+07
9	2	0	5	1	0	2.746127E+02	1.98055E+09
9	2	0	5	3	0	2.741076E+02	1.00375E+08
9	2	0	6	1	0	4.947550E+02	1.22394E+09
9	2	0	6	3	0	4.905373E+02	1.20629E+08
9	2	0	7	1	0	9.579439E+02	8.13999E+08
9	2	0	7	3	0	9.365490E+02	1.35172E+08
9	2	0	8	1	0	2.442226E+03	5.57716E+08
9	2	0	8	3	0	2.297063E+03	1.49177E+08
9	2	1	2	1	1	3.116778E+01	1.20584E+10
9	2	1	3	1	1	7.547943E+01	7.23609E+09
9	2	1	4	1	1	1.492575E+02	3.57298E+09
9	2	1	4	3	1	1.507709E+02	6.37465E+07
9	2	1	5	1	1	2.718264E+02	1.96108E+09
9	2	1	5	3	1	2.743792E+02	1.00375E+08
9	2	1	6	1	1	4.857864E+02	1.19130E+09
9	2	1	6	3	1	4.896659E+02	1.20629E+08
9	2	1	7	1	1	9.266087E+02	7.74976E+08
9	2	1	7	3	1	9.361361E+02	1.35172E+08
9	2	1	8	1	1	2.262452E+03	5.13044E+08
9	2	1	8	3	1	2.303164E+03	1.49177E+08
9	2	1	9	1	1	2.523063E+05	3.81509E+03
9	3	0	3	2	0	7.638303E+01	7.39020E+09
9	3	0	4	2	0	1.506797E+02	4.53308E+09
9	3	0	5	2	0	2.741158E+02	2.71987E+09
9	3	0	5	4	0	2.741624E+02	2.06276E+07
9	3	0	6	2	0	4.906489E+02	1.72226E+09
9	3	0	6	4	0	4.905603E+02	4.27425E+07
9	3	0	7	2	0	9.370093E+02	1.14636E+09
9	3	0	7	4	0	9.366015E+02	6.45412E+07
9	3	0	8	2	0	2.299708E+03	7.71868E+08
9	3	0	8	4	0	2.297449E+03	8.86539E+07
9	3	1	3	2	1	7.633929E+01	7.39020E+09
9	3	1	4	2	1	1.506339E+02	4.53308E+09
9	3	1	5	2	1	2.740727E+02	2.71987E+09
9	3	1	5	4	1	2.742793E+02	2.06276E+07
9	3	1	6	2	1	4.880120E+02	1.72226E+09
9	3	1	6	4	1	4.899265E+02	4.27425E+07
9	3	1	7	2	1	9.315395E+02	1.14636E+09
9	3	1	7	4	1	9.362663E+02	6.45412E+07
9	3	1	8	2	1	2.280655E+03	7.71868E+08
9	3	1	8	4	1	2.300972E+03	8.86539E+07
9	3	1	9	2	1	5.473529E+05	4.45809E-02
9	4	0	4	3	0	1.506982E+02	3.34751E+09
9	4	0	5	3	0	2.741348E+02	2.89678E+09
9	4	0	6	3	0	4.906245E+02	2.11674E+09
9	4	0	6	5	0	4.940174E+02	9.50275E+06
9	4	0	7	3	0	9.368669E+02	1.50671E+09
9	4	0	7	5	0	9.366211E+02	2.54583E+07
9	4	0	8	3	0	2.298976E+03	1.04420E+09
9	4	0	8	5	0	2.297612E+03	4.86563E+07
9	4	1	4	3	1	1.507054E+02	3.34751E+09
9	4	1	5	3	1	2.741626E+02	2.89678E+09
9	4	1	6	3	1	4.889764E+02	2.11674E+09
9	4	1	6	5	1	4.941075E+02	9.50275E+06
9	4	1	7	3	1	9.336192E+02	1.50671E+09
9	4	1	7	5	1	9.364670E+02	2.54583E+07
9	4	1	8	3	1	2.287988E+03	1.04420E+09
9	4	1	8	5	1	2.300261E+03	4.86563E+07
9	4	1	9	3	1	9.498670E+05	1.21464E-04
9	5	0	5	4	0	2.741789E+02	1.90454E+09
9	5	0	6	4	0	4.906130E+02	2.12862E+09
9	5	0	7	4	0	9.367938E+02	1.81662E+09
9	5	0	7	6	0	9.366290E+02	6.42018E+06
9	5	0	8	4	0	2.298607E+03	1.38092E+09
9	5	0	8	6	0	2.297691E+03	2.25923E+07
9	5	1	5	4	1	2.741487E+02	1.90454E+09
9	5	1	6	4	1	4.895097E+02	2.12862E+09
9	5	1	7	4	1	9.347455E+02	1.81662E+09
9	5	1	7	6	1	9.366548E+02	6.42018E+06
9	5	1	8	4	1	2.291808E+03	1.38092E+09
9	5	1	8	6	1	2.300048E+03	2.25923E+07
9	5	1	9	4	1	1.459918E+06	1.53615E-06
9	6	0	6	5	0	4.940534E+02	1.41471E+09
9	6	0	7	5	0	9.367504E+02	1.92249E+09
9	6	0	8	5	0	2.298390E+03	1.80029E+09
9	6	0	8	7	0	2.297732E+03	7.06962E+06
9	6	1	6	5	1	4.938229E+02	1.41471E+09
9	6	1	7	5	1	9.354453E+02	1.92249E+09
9	6	1	8	5	1	2.294106E+03	1.80029E+09
9	6	1	8	7	1	2.300029E+03	7.06962E+06
9	6	1	9	5	1	2.077529E+06	4.41167E-08
9	7	0	7	6	0	9.367220E+02	1.51396E+09
9	7	0	8	6	0	2.298250E+03	2.32372E+09
9	7	1	7	6	1	9.359200E+02	1.51396E+09
9	7	1	8	6	1	2.295623E+03	2.32372E+09
9	7	1	9	6	1	2.802698E+06	1.99250E-09
9	8	0	8	7	0	2.298154E+03	2.97731E+09
9	8	1	8	7	1	2.296691E+03	2.97731E+09
9	8	1	9	7	1	3.635438E+06	1.00658E-10
10	0	0	2	1	0	3.156258E+01	1.99871E+09
10	0	0	2	1	1	3.086218E+01	1.16138E+07
10	0	0	3	1	0	7.479906E+01	1.56275E+09
10	0	0	3	1	1	7.371183E+01	2.99692E+06
10	0	0	4	1	0	1.441636E+02	1.12272E+09
10	0	0	4	1	1	1.425003E+02	2.32004E+06
10	0	0	5	1	0	2.528073E+02	8.27118E+08
10	0	0	5	1	1	2.502177E+02	1.79604E+06
10	0	0	6	1	0	4.282120E+02	6.34535E+08
10	0	0	6	1	1	4.208367E+02	1.39039E+06
10	0	0	7	1	0	7.363814E+02	5.09221E+08
10	0	0	7	1	1	7.158683E+02	1.07636E+06
10	0	0	8	1	0	1.382071E+03	4.26546E+08
10	0	0	8	1	1	1.316311E+03	8.33254E+05
10	0	0	9	1	0	3.466061E+03	3.69260E+08
10	0	0	9	1	1	3.108833E+03	6.45057E+05
10	0	1	2	1	1	3.088057E+01	2.05515E+09
10	0	1	3	1	1	7.381685E+01	1.62047E+09
10	0	1	4	1	1	1.428933E+02	1.16369E+09
10	0	1	5	1	1	2.514320E+02	8.54879E+08
10	0	1	6	1	1	4.242830E+02	6.57320E+08
10	0	1	7	1	1	7.258982E+02	5.26909E+08
10	0	1	8	1	1	1.350625E+03	4.41234E+08
10	0	1	9	1	1	3.307284E+03	3.82742E+08
10	1	0	1	0	0	7.103689E+00	1.40000E+11
10	1	0	2	0	0	3.087931E+01	9.02000E+09
10	1	0	2	1	0	3.153997E+01	1.35480E+06
10	1	0	3	0	0	7.358958E+01	2.97000E+09
10	1	0	3	2	0	7.446604E+01	2.04000E+08
10	1	0	4	0	0	1.420021E+02	1.38000E+09
10	1	0	4	2	0	1.433975E+02	2.28000E+08
10	1	0	5	0	0	2.487222E+02	7.69000E+08
10	1	0	5	2	0	2.509335E+02	2.12000E+08
10	1	0	6	0	0	4.214675E+02	4.79486E+08
10	1	0	6	2	0	4.210271E+02	1.85247E+08
10	1	0	7	0	0	7.136785E+02	3.25440E+08
10	1	0	7	2	0	7.121227E+02	1.70275E+08
10	1	0	8	0	0	1.300220E+03	2.33450E+08
10	1	0	8	2	0	1.295564E+03	1.58685E+08
10	1	0	9	0	0	2.989605E+03	1.68968E+08
10	1	0	9	2	0	2.969143E+03	1.49472E+08
10	1	1	1	0	0	7.105215E+00	3.34924E+08
10	1	1	2	0	0	3.090816E+01	2.20867E+07
10	1	1	2	0	1	2.995776E+01	9.78992E+09
10	1	1	2	1	1	3.086934E+01	1.41888E+06
10	1	1	3	0	0	7.375362E+01	6.62233E+06
10	1	1	3	0	1	7.230660E+01	3.59331E+09
10	1	1	3	2	1	7.458360E+01	1.99769E+08
10	1	1	4	0	0	1.426142E+02	3.22975E+06
10	1	1	4	0	1	1.404142E+02	1.52351E+09
10	1	1	4	2	1	1.439476E+02	2.47569E+08
10	1	1	5	0	0	2.506061E+02	1.97860E+06
10	1	1	5	0	1	2.471873E+02	7.70569E+08
10	1	1	5	2	1	2.527151E+02	2.40638E+08
10	1	1	6	0	0	4.269056E+02	1.37806E+06
10	1	1	6	0	1	4.140742E+02	4.81249E+08
10	1	1	6	2	1	4.241804E+02	2.19837E+08
10	1	1	7	0	0	7.294121E+02	1.04034E+06
10	1	1	7	0	1	7.042563E+02	3.25394E+08
10	1	1	7	2	1	7.236677E+02	2.00090E+08
10	1	1	8	0	0	1.353406E+03	8.29394E+05
10	1	1	8	0	1	1.292757E+03	2.32492E+08
10	1	1	8	2	1	1.338996E+03	1.85575E+08
10	1	1	9	0	0	3.286573E+03	6.87453E+05
10	1	1	9	0	1	3.032634E+03	1.67223E+08
10	1	1	9	2	1	3.223885E+03	1.76058E+08
10	2	0	2	1	0	3.156444E+01	6.64725E+09
10	2	0	3	1	0	7.480955E+01	4.78151E+09
10	2	0	4	1	0	1.442026E+02	2.50716E+09
10	2	0	4	3	0	1.439189E+02	4.40055E+07
10	2	0	5	1	0	2.529272E+02	1.42395E+09
10	2	0	5	3	0	2.524987E+02	6.78934E+07
10	2	0	6	1	0	4.285560E+02	8.83983E+08
10	2	0	6	3	0	4.253879E+02	7.94371E+07
10	2	0	7	1	0	7.373994E+02	5.91571E+08
10	2	0	7	3	0	7.246564E+02	8.59042E+07
10	2	0	8	1	0	1.385661E+03	4.18052E+08
10	2	0	8	3	0	1.337698E+03	9.15127E+07
10	2	0	9	1	0	3.488732E+03	3.00969E+08
10	2	0	9	3	0	3.200572E+03	9.78425E+07
10	2	1	2	1	1	3.086645E+01	7.90509E+09
10	2	1	3	1	1	7.373622E+01	5.09778E+09
10	2	1	4	1	1	1.425915E+02	2.56332E+09
10	2	1	4	3	1	1.439720E+02	4.40055E+07
10	2	1	5	1	1	2.504989E+02	1.41861E+09
10	2	1	5	3	1	2.526653E+02	6.78934E+07
10	2	1	6	1	1	4.216328E+02	8.67119E+08
10	2	1	6	3	1	4.245522E+02	7.94371E+07
10	2	1	7	1	1	7.181750E+02	5.70215E+08
10	2	1	7	3	1	7.238850E+02	8.59042E+07
10	2	1	8	1	1	1.324131E+03	3.95197E+08
10	2	1	8	3	1	1.337973E+03	9.15127E+07
10	2	1	9	1	1	3.152809E+03	2.75468E+08
10	2	1	9	3	1	3.211437E+03	9.78425E+07
10	3	0	3	2	0	7.460366E+01	5.21374E+09
10	3	0	4	2	0	1.439087E+02	3.20360E+09
10	3	0	5	2	0	2.525031E+02	1.92650E+09
10	3	0	5	4	0	2.525426E+02	1.33426E+07
10	3	0	6	2	0	4.254645E+02	1.22433E+09
10	3	0	6	4	0	4.253979E+02	2.66594E+07
10	3	0	7	2	0	7.249107E+02	8.22131E+08
10	3	0	7	4	0	7.246666E+02	3.83322E+07
10	3	0	8	2	0	1.338522E+03	5.75972E+08
10	3	0	8	4	0	1.337756E+03	4.97486E+07
10	3	0	9	2	0	3.204867E+03	4.05534E+08
10	3	0	9	4	0	3.201150E+03	6.26309E+07
10	3	1	3	2	1	7.455896E+01	5.21374E+09
10	3	1	4	2	1	1.438559E+02	3.20360E+09
10	3	1	5	2	1	2.524325E+02	1.92650E+09
10	3	1	5	4	1	2.526077E+02	1.33426E+07
10	3	1	6	2	1	4.233847E+02	1.22433E+09
10	3	1	6	4	1	4.248249E+02	2.66594E+07
10	3	1	7	2	1	7.213548E+02	8.22131E+08
10	3	1	7	4	1	7.241860E+02	3.83322E+07
10	3	1	8	2	1	1.331099E+03	5.75972E+08
10	3	1	8	4	1	1.337994E+03	4.97486E+07
10	3	1	9	2	1	3.178482E+03	4.05534E+08
10	3	1	9	4	1	3.207845E+03	6.26309E+07
10	4	0	4	3	0	1.439251E+02	2.26004E+09
10	4	0	5	3	0	2.525177E+02	1.96137E+09
10	4	0	6	3	0	4.254420E+02	1.44023E+09
10	4	0	6	5	0	4.279909E+02	5.49794E+06
10	4	0	7	3	0	7.248133E+02	1.03673E+09
10	4	0	7	5	0	7.246661E+02	1.38190E+07
10	4	0	8	3	0	1.338232E+03	7.51409E+08
10	4	0	8	5	0	1.337770E+03	2.43631E+07
10	4	0	9	3	0	3.203635E+03	5.35223E+08
10	4	0	9	5	0	3.201386E+03	3.83551E+07
10	4	1	4	3	1	1.439262E+02	2.26004E+09
10	4	1	5	3	1	2.525242E+02	1.96137E+09
10	4	1	6	3	1	4.241541E+02	1.44023E+09
10	4	1	6	5	1	4.280096E+02	5.49794E+06
10	4	1	7	3	1	7.227285E+02	1.03673E+09
10	4	1	7	5	1	7.244339E+02	1.38190E+07
10	4	1	8	3	1	1.334027E+03	7.51409E+08
10	4	1	8	5	1	1.338190E+03	2.43631E+07
10	4	1	9	3	1	3.188799E+03	5.35223E+08
10	4	1	9	5	1	3.206568E+03	3.83551E+07
10	5	0	5	4	0	2.525542E+02	1.18871E+09
10	5	0	6	4	0	4.254306E+02	1.33600E+09
10	5	0	7	4	0	7.247617E+02	1.15482E+09
10	5	0	7	6	0	7.246630E+02	3.07803E+06
10	5	0	8	4	0	1.338080E+03	9.21402E+08
10	5	0	8	6	0	1.337770E+03	9.73188E+06
10	5	0	9	4	0	3.203006E+03	6.91282E+08
10	5	0	9	6	0	3.201495E+03	2.14380E+07
10	5	1	5	4	1	2.525225E+02	1.18871E+09
10	5	1	6	4	1	4.245839E+02	1.33600E+09
10	5	1	7	4	1	7.234859E+02	1.15482E+09
10	5	1	7	6	1	7.246292E+02	3.07803E+06
10	5	1	8	4	1	1.335606E+03	9.21402E+08
10	5	1	8	6	1	1.338401E+03	9.73188E+06
10	5	1	9	4	1	3.194154E+03	6.91282E+08
10	5	1	9	6	1	3.206098E+03	2.14380E+07
10	6	0	6	5	0	4.280132E+02	7.70769E+08
10	6	0	7	5	0	7.247301E+02	1.06180E+09
10	6	0	8	5	0	1.337988E+03	1.04614E+09
10	6	0	8	7	0	1.337765E+03	2.46846E+06
10	6	0	9	5	0	3.202635E+03	8.80830E+08
10	6	0	9	7	0	3.201548E+03	1.00828E+07
10	6	1	6	5	1	4.278453E+02	7.70769E+08
10	6	1	7	5	1	7.239631E+02	1.06180E+09
10	6	1	8	5	1	1.336584E+03	1.04614E+09
10	6	1	8	7	1	1.338592E+03	2.46846E+06
10	6	1	9	5	1	3.197364E+03	8.80830E+08
10	6	1	9	7	1	3.205955E+03	1.00828E+07
10	7	0	7	6	0	7.247090E+02	6.47719E+08
10	7	0	8	6	0	1.337927E+03	1.04742E+09
10	7	0	9	6	0	3.202394E+03	1.11178E+09
10	7	0	9	8	0	3.201574E+03	3.18575E+06
10	7	1	7	6	1	7.242903E+02	6.47719E+08
10	7	1	8	6	1	1.337245E+03	1.04742E+09
10	7	1	9	6	1	3.199476E+03	1.11178E+09
10	7	1	9	8	1	3.205957E+03	3.18575E+06
10	8	0	8	7	0	1.337883E+03	7.82385E+08
10	8	0	9	7	0	3.202226E+03	1.39345E+09
10	8	1	8	7	1	1.337720E+03	7.82385E+08
10	8	1	9	7	1	3.200958E+03	1.39345E+09
10	9	0	9	8	0	3.202104E+03	1.73698E+09
10	9	1	9	8	1	3.202050E+03	1.73698E+09
11	0	0	2	1	0	3.133379E+01	1.41060E+09
11	0	0	2	1	1	3.064340E+01	8.63381E+06
11	0	0	3	1	0	7.352676E+01	1.12871E+09
11	0	0	3	1	1	7.247594E+01	2.22793E+06
11	0	0	4	1	0	1.395109E+02	8.17157E+08
11	0	0	4	1	1	1.379526E+02	1.72474E+06
11	0	0	5	1	0	2.388390E+02	6.02702E+08
11	0	0	5	1	1	2.365263E+02	1.33519E+06
11	0	0	6	1	0	3.896158E+02	4.60794E+08
11	0	0	6	1	1	3.835006E+02	1.03363E+06
11	0	0	7	1	0	6.291954E+02	3.66749E+08
11	0	0	7	1	1	6.141585E+02	8.00174E+05
11	0	0	8	1	0	1.047240E+03	3.03146E+08
11	0	0	8	1	1	1.009043E+03	6.19448E+05
11	0	0	9	1	0	1.923627E+03	2.60246E+08
11	0	0	9	1	1	1.808307E+03	4.79541E+05
11	0	1	2	1	1	3.065748E+01	1.44840E+09
11	0	1	3	1	1	7.255476E+01	1.16950E+09
11	0	1	4	1	1	1.382384E+02	8.46439E+08
11	0	1	5	1	1	2.373679E+02	6.22584E+08
11	0	1	6	1	1	3.857179E+02	4.76934E+08
11	0	1	7	1	1	6.198649E+02	3.79094E+08
11	0	1	8	1	1	1.024539E+03	3.13102E+08
11	0	1	9	1	1	1.858687E+03	2.68785E+08
11	1	0	1	0	0	7.093237E+00	9.36304E+10
11	1	0	2	0	0	3.068277E+01	7.17724E+09
11	1	0	2	1	0	3.133495E+01	1.03271E+06
11	1	0	3	0	0	7.248307E+01	2.22366E+09
11	1	0	3	2	0	7.333322E+01	1.07808E+08
11	1	0	4	0	0	1.379387E+02	1.03116E+09
11	1	0	4	2	0	1.392551E+02	1.41341E+08
11	1	0	5	0	0	2.365187E+02	5.73764E+08
11	1	0	5	2	0	2.385175E+02	1.41457E+08
11	1	0	6	0	0	3.875808E+02	3.59878E+08
11	1	0	6	2	0	3.872083E+02	1.31049E+08
11	1	0	7	0	0	6.216445E+02	2.44421E+08
11	1	0	7	2	0	6.204638E+02	1.19262E+08
11	1	0	8	0	0	1.024018E+03	1.76144E+08
11	1	0	8	2	0	1.021127E+03	1.09314E+08
11	1	0	9	0	0	1.845231E+03	1.32369E+08
11	1	0	9	2	0	1.837415E+03	1.02165E+08
11	1	1	1	0	0	7.093471E+00	2.54601E+08
11	1	1	2	0	0	3.068715E+01	1.67898E+07
11	1	1	2	0	1	2.975008E+01	7.43779E+09
11	1	1	2	1	1	3.064888E+01	1.08131E+06
11	1	1	3	0	0	7.250753E+01	5.03412E+06
11	1	1	3	0	1	7.110852E+01	2.78543E+09
11	1	1	3	2	1	7.330955E+01	1.37482E+08
11	1	1	4	0	0	1.380273E+02	2.45517E+06
11	1	1	4	0	1	1.359656E+02	1.18719E+09
11	1	1	4	2	1	1.392760E+02	1.74660E+08
11	1	1	5	0	0	2.367793E+02	1.50408E+06
11	1	1	5	0	1	2.337250E+02	5.78200E+08
11	1	1	5	2	1	2.386612E+02	1.70843E+08
11	1	1	6	0	0	3.882811E+02	1.04756E+06
11	1	1	6	0	1	3.776376E+02	3.61285E+08
11	1	1	6	2	1	3.860254E+02	1.55602E+08
11	1	1	7	0	0	6.234481E+02	7.90841E+05
11	1	1	7	0	1	6.049778E+02	2.44535E+08
11	1	1	7	2	1	6.192467E+02	1.40092E+08
11	1	1	8	0	0	1.028921E+03	6.30484E+05
11	1	1	8	0	1	9.934866E+02	1.75674E+08
11	1	1	8	2	1	1.020571E+03	1.27493E+08
11	1	1	9	0	0	1.861213E+03	5.22584E+05
11	1	1	9	0	1	1.776950E+03	1.31553E+08
11	1	1	9	2	1	1.840941E+03	1.18811E+08
11	2	0	2	1	0	3.133528E+01	4.45358E+09
11	2	0	3	1	0	7.353495E+01	3.46114E+09
11	2	0	4	1	0	1.395404E+02	1.84734E+09
11	2	0	4	3	0	1.392747E+02	3.17710E+07
11	2	0	5	1	0	2.389255E+02	1.05611E+09
11	2	0	5	3	0	2.385430E+02	4.83174E+07
11	2	0	6	1	0	3.898460E+02	6.57726E+08
11	2	0	6	3	0	3.872226E+02	5.55004E+07
11	2	0	7	1	0	6.297961E+02	4.41045E+08
11	2	0	7	3	0	6.204772E+02	5.85837E+07
11	2	0	8	1	0	1.048905E+03	3.13019E+08
11	2	0	8	3	0	1.021188E+03	6.04467E+07
11	2	0	9	1	0	1.929252E+03	2.31894E+08
11	2	0	9	3	0	1.837754E+03	6.27453E+07
11	2	1	2	1	1	3.064665E+01	5.36002E+09
11	2	1	3	1	1	7.249414E+01	3.70846E+09
11	2	1	4	1	1	1.380185E+02	1.89682E+09
11	2	1	4	3	1	1.393115E+02	3.17710E+07
11	2	1	5	1	1	2.367203E+02	1.05706E+09
11	2	1	5	3	1	2.386540E+02	4.83174E+07
11	2	1	6	1	1	3.840107E+02	6.48682E+08
11	2	1	6	3	1	3.864309E+02	5.55004E+07
11	2	1	7	1	1	6.154678E+02	4.28304E+08
11	2	1	7	3	1	6.196567E+02	5.85837E+07
11	2	1	8	1	1	1.012582E+03	2.99475E+08
11	2	1	8	3	1	1.020657E+03	6.04467E+07
11	2	1	9	1	1	1.819705E+03	2.17989E+08
11	2	1	9	3	1	1.839083E+03	6.27453E+07
11	3	0	3	2	0	7.333582E+01	3.82458E+09
11	3	0	4	2	0	1.392645E+02	2.35263E+09
11	3	0	5	2	0	2.385450E+02	1.41653E+09
11	3	0	5	4	0	2.385803E+02	9.19678E+06
11	3	0	6	2	0	3.872809E+02	9.01655E+08
11	3	0	6	4	0	3.872257E+02	1.79275E+07
11	3	0	7	2	0	6.206504E+02	6.07116E+08
11	3	0	7	4	0	6.204714E+02	2.49572E+07
11	3	0	8	2	0	1.021632E+03	4.28533E+08
11	3	0	8	4	0	1.021186E+03	3.10175E+07
11	3	0	9	2	0	1.839052E+03	3.13237E+08
11	3	0	9	4	0	1.837828E+03	3.72248E+07
11	3	1	3	2	1	7.329086E+01	3.82458E+09
11	3	1	4	2	1	1.392086E+02	2.35263E+09
11	3	1	5	2	1	2.384632E+02	1.41653E+09
11	3	1	5	4	1	2.386196E+02	9.19678E+06
11	3	1	6	2	1	3.855077E+02	9.01655E+08
11	3	1	6	4	1	3.867014E+02	1.79275E+07
11	3	1	7	2	1	6.179157E+02	6.07116E+08
11	3	1	7	4	1	6.199920E+02	2.49572E+07
11	3	1	8	2	1	1.016961E+03	4.28533E+08
11	3	1	8	4	1	1.020980E+03	3.10175E+07
11	3	1	9	2	1	1.829228E+03	3.13237E+08
11	3	1	9	4	1	1.838915E+03	3.72248E+07
11	4	0	4	3	0	1.392794E+02	1.60660E+09
11	4	0	5	3	0	2.385570E+02	1.39662E+09
11	4	0	6	3	0	3.872593E+02	1.02799E+09
11	4	0	6	5	0	3.893700E+02	3.50834E+06
11	4	0	7	3	0	6.205713E+02	7.43051E+08
11	4	0	7	5	0	6.204635E+02	8.46239E+06
11	4	0	8	3	0	1.021443E+03	5.43979E+08
11	4	0	8	5	0	1.021174E+03	1.41082E+07
11	4	0	9	3	0	1.838580E+03	4.04332E+08
11	4	0	9	5	0	1.837839E+03	2.07456E+07
11	4	1	4	3	1	1.392777E+02	1.60660E+09
11	4	1	5	3	1	2.385549E+02	1.39662E+09
11	4	1	6	3	1	3.861712E+02	1.02799E+09
11	4	1	6	5	1	3.893645E+02	3.50834E+06
11	4	1	7	3	1	6.189891E+02	7.43051E+08
11	4	1	7	5	1	6.202397E+02	8.46239E+06
11	4	1	8	3	1	1.018847E+03	5.43979E+08
11	4	1	8	5	1	1.021273E+03	1.41082E+07
11	4	1	9	3	1	1.833216E+03	4.04332E+08
11	4	1	9	5	1	1.839074E+03	2.07456E+07
11	5	0	5	4	0	2.385888E+02	8.00146E+08
11	5	0	6	4	0	3.872479E+02	9.01848E+08
11	5	0	7	4	0	6.205285E+02	7.83477E+08
11	5	0	7	6	0	6.204562E+02	1.73421E+06
11	5	0	8	4	0	1.021341E+03	6.32529E+08
11	5	0	8	6	0	1.021160E+03	5.11492E+06
11	5	0	9	4	0	1.838329E+03	4.97125E+08
11	5	0	9	6	0	1.837831E+03	1.02914E+07
11	5	1	5	4	1	2.385597E+02	8.00146E+08
11	5	1	6	4	1	3.865440E+02	9.01848E+08
11	5	1	7	4	1	6.195873E+02	7.83477E+08
11	5	1	7	6	1	6.204256E+02	1.73421E+06
11	5	1	8	4	1	1.019883E+03	6.32529E+08
11	5	1	8	6	1	1.021512E+03	5.11492E+06
11	5	1	9	4	1	1.835359E+03	4.97125E+08
11	5	1	9	6	1	1.839296E+03	1.02914E+07
11	6	0	6	5	0	3.893852E+02	4.74021E+08
11	6	0	7	5	0	6.205019E+02	6.56636E+08
11	6	0	8	5	0	1.021278E+03	6.55375E+08
11	6	0	8	7	0	1.021148E+03	1.13675E+06
11	6	0	9	5	0	1.838176E+03	5.79667E+08
11	6	0	9	7	0	1.837818E+03	4.13965E+06
11	6	1	6	5	1	3.892571E+02	4.74021E+08
11	6	1	7	5	1	6.199672E+02	6.56636E+08
11	6	1	8	5	1	1.020535E+03	6.55375E+08
11	6	1	8	7	1	1.021705E+03	1.13675E+06
11	6	1	9	5	1	1.836682E+03	5.79667E+08
11	6	1	9	7	1	1.839513E+03	4.13965E+06
11	7	0	7	6	0	6.204839E+02	3.43315E+08
11	7	0	8	6	0	1.021235E+03	5.62777E+08
11	7	0	9	6	0	1.838074E+03	6.28672E+08
11	7	0	9	8	0	1.837804E+03	1.05320E+06
11	7	1	7	6	1	6.202294E+02	3.43315E+08
11	7	1	8	6	1	1.020980E+03	5.62777E+08
11	7	1	9	6	1	1.837573E+03	6.28672E+08
11	7	1	9	8	1	1.839709E+03	1.05320E+06
11	8	0	8	7	0	1.021204E+03	3.21255E+08
11	8	0	9	7	0	1.838002E+03	6.02802E+08
11	8	1	8	7	1	1.021304E+03	3.21255E+08
11	8	1	9	7	1	1.838212E+03	6.02802E+08
11	9	0	9	8	0	1.837948E+03	4.31876E+08
11	9	1	9	8	1	1.838692E+03	4.31876E+08
12	0	0	2	1	0	3.116153E+01	1.02254E+09
12	0	0	2	1	1	3.047862E+01	6.58631E+06
12	0	0	3	1	0	7.258519E+01	8.36941E+08
12	0	0	3	1	1	7.156093E+01	1.69958E+06
12	0	0	4	1	0	1.361595E+02	6.10855E+08
12	0	0	4	1	1	1.346748E+02	1.31572E+06
12	0	0	5	1	0	2.291820E+02	4.51591E+08
12	0	0	5	1	1	2.270517E+02	1.01855E+06
12	0	0	6	1	0	3.645570E+02	3.44784E+08
12	0	0	6	1	1	3.591977E+02	7.88503E+05
12	0	0	7	1	0	5.663299E+02	2.73043E+08
12	0	0	7	1	1	5.541185E+02	6.10413E+05
12	0	0	8	1	0	8.839269E+02	2.23655E+08
12	0	0	8	1	1	8.565586E+02	4.72546E+05
12	0	0	9	1	0	1.436213E+03	1.89417E+08
12	0	0	9	1	1	1.370938E+03	3.65818E+05
12	0	1	2	1	1	3.048967E+01	1.04861E+09
12	0	1	3	1	1	7.162184E+01	8.66616E+08
12	0	1	4	1	1	1.348907E+02	6.32404E+08
12	0	1	5	1	1	2.276660E+02	4.66265E+08
12	0	1	6	1	1	3.607377E+02	3.56622E+08
12	0	1	7	1	1	5.577918E+02	2.82022E+08
12	0	1	8	1	1	8.653679E+02	2.30782E+08
12	0	1	9	1	1	1.393645E+03	1.95346E+08
12	1	0	1	0	0	7.084360E+00	7.14944E+10
12	1	0	2	0	0	3.051736E+01	5.58195E+09
12	1	0	2	1	0	3.116246E+01	8.04195E+05
12	1	0	3	0	0	7.156671E+01	1.70465E+09
12	1	0	3	2	0	7.239538E+01	7.61640E+07
12	1	0	4	0	0	1.346575E+02	7.91854E+08
12	1	0	4	2	0	1.359117E+02	1.02454E+08
12	1	0	5	0	0	2.270330E+02	4.40908E+08
12	1	0	5	2	0	2.288740E+02	1.03456E+08
12	1	0	6	0	0	3.627448E+02	2.76541E+08
12	1	0	6	2	0	3.624185E+02	9.59048E+07
12	1	0	7	0	0	5.601338E+02	1.87751E+08
12	1	0	7	2	0	5.591749E+02	8.68144E+07
12	1	0	8	0	0	8.671544E+02	1.35283E+08
12	1	0	8	2	0	8.650806E+02	7.87002E+07
12	1	0	9	0	0	1.391616E+03	1.02034E+08
12	1	0	9	2	0	1.387166E+03	7.23585E+07
12	1	1	1	0	0	7.084544E+00	1.98218E+08
12	1	1	2	0	0	3.052077E+01	1.30715E+07
12	1	1	2	0	1	2.959368E+01	5.78761E+09
12	1	1	2	1	1	3.048291E+01	8.41887E+05
12	1	1	3	0	0	7.158548E+01	3.91928E+06
12	1	1	3	0	1	7.022149E+01	2.20761E+09
12	1	1	3	2	1	7.236712E+01	9.72621E+07
12	1	1	4	0	0	1.347240E+02	1.91146E+06
12	1	1	4	0	1	1.327590E+02	9.45429E+08
12	1	1	4	2	1	1.359134E+02	1.26818E+08
12	1	1	5	0	0	2.272219E+02	1.17099E+06
12	1	1	5	0	1	2.244077E+02	4.44323E+08
12	1	1	5	2	1	2.289543E+02	1.25090E+08
12	1	1	6	0	0	3.632274E+02	8.15572E+05
12	1	1	6	0	1	3.538966E+02	2.77654E+08
12	1	1	6	2	1	3.612526E+02	1.13958E+08
12	1	1	7	0	0	5.612852E+02	6.15703E+05
12	1	1	7	0	1	5.462702E+02	1.87898E+08
12	1	1	7	2	1	5.578776E+02	1.02001E+08
12	1	1	8	0	0	8.699172E+02	4.90859E+05
12	1	1	8	0	1	8.444529E+02	1.35015E+08
12	1	1	8	2	1	8.639410E+02	9.17268E+07
12	1	1	9	0	0	1.398745E+03	4.06854E+05
12	1	1	9	0	1	1.350613E+03	1.01559E+08
12	1	1	9	2	1	1.387265E+03	8.38917E+07
12	2	0	2	1	0	3.116272E+01	3.06652E+09
12	2	0	3	1	0	7.259166E+01	2.57318E+09
12	2	0	4	1	0	1.361823E+02	1.39727E+09
12	2	0	4	3	0	1.359293E+02	2.37484E+07
12	2	0	5	1	0	2.292465E+02	8.03747E+08
12	2	0	5	3	0	2.288944E+02	3.57373E+07
12	2	0	6	1	0	3.647202E+02	5.01920E+08
12	2	0	6	3	0	3.624231E+02	4.05108E+07
12	2	0	7	1	0	5.667239E+02	3.36936E+08
12	2	0	7	3	0	5.591669E+02	4.20437E+07
12	2	0	8	1	0	8.848871E+02	2.39273E+08
12	2	0	8	3	0	8.650791E+02	4.24277E+07
12	2	0	9	1	0	1.438750E+03	1.77777E+08
12	2	0	9	3	0	1.387242E+03	4.27768E+07
12	2	1	2	1	1	3.048115E+01	3.73566E+09
12	2	1	3	1	1	7.157485E+01	2.76963E+09
12	2	1	4	1	1	1.347241E+02	1.43999E+09
12	2	1	4	3	1	1.359559E+02	2.37484E+07
12	2	1	5	1	1	2.271919E+02	8.07506E+08
12	2	1	5	3	1	2.289725E+02	3.57373E+07
12	2	1	6	1	1	3.595488E+02	4.97056E+08
12	2	1	6	3	1	3.616696E+02	4.05108E+07
12	2	1	7	1	1	5.549543E+02	3.28897E+08
12	2	1	7	3	1	5.583577E+02	4.20437E+07
12	2	1	8	1	1	8.585576E+02	2.30576E+08
12	2	1	8	3	1	8.643556E+02	4.24277E+07
12	2	1	9	1	1	1.376066E+03	1.69081E+08
12	2	1	9	3	1	1.387119E+03	4.27768E+07
12	3	0	3	2	0	7.239745E+01	2.89331E+09
12	3	0	4	2	0	1.359190E+02	1.78113E+09
12	3	0	5	2	0	2.288947E+02	1.07324E+09
12	3	0	5	4	0	2.289272E+02	6.64286E+06
12	3	0	6	2	0	3.624705E+02	6.83677E+08
12	3	0	6	4	0	3.624221E+02	1.27234E+07
12	3	0	7	2	0	5.592987E+02	4.60799E+08
12	3	0	7	4	0	5.591533E+02	1.73218E+07
12	3	0	8	2	0	8.653768E+02	3.25888E+08
12	3	0	8	4	0	8.650567E+02	2.09086E+07
12	3	0	9	2	0	1.387928E+03	2.39726E+08
12	3	0	9	4	0	1.387230E+03	2.41343E+07
12	3	1	3	2	1	7.235251E+01	2.89331E+09
12	3	1	4	2	1	1.358619E+02	1.78113E+09
12	3	1	5	2	1	2.288083E+02	1.07324E+09
12	3	1	5	4	1	2.289522E+02	6.64286E+06
12	3	1	6	2	1	3.608891E+02	6.83677E+08
12	3	1	6	4	1	3.619350E+02	1.27234E+07
12	3	1	7	2	1	5.570110E+02	4.60799E+08
12	3	1	7	4	1	5.586976E+02	1.73218E+07
12	3	1	8	2	1	8.618645E+02	3.25888E+08
12	3	1	8	4	1	8.647499E+02	2.09086E+07
12	3	1	9	2	1	1.381918E+03	2.39726E+08
12	3	1	9	4	1	1.387440E+03	2.41343E+07
12	4	0	4	3	0	1.359330E+02	1.18742E+09
12	4	0	5	3	0	2.289048E+02	1.03333E+09
12	4	0	6	3	0	3.624494E+02	7.61610E+08
12	4	0	6	5	0	3.642977E+02	2.39653E+06
12	4	0	7	3	0	5.592294E+02	5.51553E+08
12	4	0	7	5	0	5.591418E+02	5.62035E+06
12	4	0	8	3	0	8.652288E+02	4.05175E+08
12	4	0	8	5	0	8.650355E+02	9.03102E+06
12	4	0	9	3	0	1.387627E+03	3.03860E+08
12	4	0	9	5	0	1.387205E+03	1.26344E+07
12	4	1	4	3	1	1.359300E+02	1.18742E+09
12	4	1	5	3	1	2.288992E+02	1.03333E+09
12	4	1	6	3	1	3.614867E+02	7.61610E+08
12	4	1	6	5	1	3.642833E+02	2.39653E+06
12	4	1	7	3	1	5.579219E+02	5.51553E+08
12	4	1	7	5	1	5.589377E+02	5.62035E+06
12	4	1	8	3	1	8.633117E+02	4.05175E+08
12	4	1	8	5	1	8.650532E+02	9.03102E+06
12	4	1	9	3	1	1.384432E+03	3.03860E+08
12	4	1	9	5	1	1.387771E+03	1.26344E+07
12	5	0	5	4	0	2.289336E+02	5.68373E+08
12	5	0	6	4	0	3.624381E+02	6.41671E+08
12	5	0	7	4	0	5.591914E+02	5.58833E+08
12	5	0	7	6	0	5.591326E+02	1.08554E+06
12	5	0	8	4	0	8.651477E+02	4.53185E+08
12	5	0	8	6	0	8.650179E+02	3.06083E+06
12	5	0	9	4	0	1.387464E+03	3.60049E+08
12	5	0	9	6	0	1.387181E+03	5.79054E+06
12	5	1	5	4	1	2.289078E+02	5.68373E+08
12	5	1	6	4	1	3.618239E+02	6.41671E+08
12	5	1	7	4	1	5.584331E+02	5.58833E+08
12	5	1	7	6	1	5.591140E+02	1.08554E+06
12	5	1	8	4	1	8.641163E+02	4.53185E+08
12	5	1	8	6	1	8.652852E+02	3.06083E+06
12	5	1	9	4	1	1.385810E+03	3.60049E+08
12	5	1	9	6	1	1.388053E+03	5.79054E+06
12	6	0	6	5	0	3.643086E+02	3.15900E+08
12	6	0	7	5	0	5.591674E+02	4.38831E+08
12	6	0	8	5	0	8.650968E+02	4.40244E+08
12	6	0	8	7	0	8.650035E+02	6.21460E+05
12	6	0	9	5	0	1.387363E+03	3.94155E+08
12	6	0	9	7	0	1.387159E+03	2.10145E+06
12	6	1	6	5	1	3.642076E+02	3.15900E+08
12	6	1	7	5	1	5.587594E+02	4.38831E+08
12	6	1	8	5	1	8.646263E+02	4.40244E+08
12	6	1	8	7	1	8.654663E+02	6.21460E+05
12	6	1	9	5	1	1.386673E+03	3.94155E+08
12	6	1	9	7	1	1.388286E+03	2.10145E+06
12	7	0	7	6	0	5.591511E+02	2.06944E+08
12	7	0	8	6	0	8.650621E+02	3.41112E+08
12	7	0	9	6	0	1.387294E+03	3.86062E+08
12	7	0	9	8	0	1.387140E+03	4.65262E+05
12	7	1	7	6	1	5.589856E+02	2.06944E+08
12	7	1	8	6	1	8.649777E+02	3.41112E+08
12	7	1	9	6	1	1.387262E+03	3.86062E+08
12	7	1	9	8	1	1.388479E+03	4.65262E+05
12	8	0	8	7	0	8.650369E+02	1.65110E+08
12	8	0	9	7	0	1.387245E+03	3.14052E+08
12	8	1	8	7	1	8.652340E+02	1.65110E+08
12	8	1	9	7	1	1.387689E+03	3.14052E+08
12	9	0	9	8	0	1.387207E+03	1.70013E+08
12	9	1	9	8	1	1.388011E+03	1.70013E+08
13	0	0	2	1	0	3.102844E+01	7.58243E+08
13	0	0	2	1	1	3.035129E+01	5.13449E+06
13	0	0	3	1	0	7.186717E+01	6.34488E+08
13	0	0	3	1	1	7.086293E+01	1.32494E+06
13	0	0	4	1	0	1.336547E+02	4.66937E+08
13	0	0	4	1	1	1.322238E+02	1.02569E+06
13	0	0	5	1	0	2.221734E+02	3.46244E+08
13	0	0	5	1	1	2.201709E+02	7.94032E+05
13	0	0	6	1	0	3.471380E+02	2.64325E+08
13	0	0	6	1	1	3.422752E+02	6.14693E+05
13	0	0	7	1	0	5.253760E+02	2.08716E+08
13	0	0	7	1	1	5.148505E+02	4.75860E+05
13	0	0	8	1	0	7.880478E+02	1.69962E+08
13	0	0	8	1	1	7.662215E+02	3.68383E+05
13	0	0	9	1	0	1.199158E+03	1.42578E+08
13	0	0	9	1	1	1.153308E+03	2.85181E+05
13	0	1	2	1	1	3.036013E+01	7.76667E+08
13	0	1	3	1	1	7.091112E+01	6.56607E+08
13	0	1	4	1	1	1.323916E+02	4.83185E+08
13	0	1	5	1	1	2.206368E+02	3.57347E+08
13	0	1	6	1	1	3.434024E+02	2.73251E+08
13	0	1	7	1	1	5.174051E+02	2.15453E+08
13	0	1	8	1	1	7.718933E+02	1.75258E+08
13	0	1	9	1	1	1.166207E+03	1.46911E+08
13	1	0	1	0	0	7.077449E+00	5.57840E+10
13	1	0	2	0	0	3.038954E+01	4.42954E+09
13	1	0	2	1	0	3.102919E+01	6.37900E+05
13	1	0	3	0	0	7.086771E+01	1.33409E+09
13	1	0	3	2	0	7.168017E+01	5.50787E+07
13	1	0	4	0	0	1.322040E+02	6.20665E+08
13	1	0	4	2	0	1.334127E+02	7.60546E+07
13	1	0	5	0	0	2.201446E+02	3.45772E+08
13	1	0	5	2	0	2.218751E+02	7.75784E+07
13	1	0	6	0	0	3.454730E+02	2.16850E+08
13	1	0	6	2	0	3.451770E+02	7.21048E+07
13	1	0	7	0	0	5.199908E+02	1.47146E+08
13	1	0	7	2	0	5.191644E+02	6.51175E+07
13	1	0	8	0	0	7.745812E+02	1.05923E+08
13	1	0	8	2	0	7.729262E+02	5.86334E+07
13	1	0	9	0	0	1.167662E+03	7.98264E+07
13	1	0	9	2	0	1.164528E+03	5.32929E+07
13	1	1	1	0	0	7.077596E+00	1.57446E+08
13	1	1	2	0	0	3.039225E+01	1.03828E+07
13	1	1	2	0	1	2.947284E+01	4.59495E+09
13	1	1	2	1	1	3.035472E+01	6.67703E+05
13	1	1	3	0	0	7.088246E+01	3.11312E+06
13	1	1	3	0	1	6.954488E+01	1.78253E+09
13	1	1	3	2	1	7.164874E+01	7.04194E+07
13	1	1	4	0	0	1.322553E+02	1.51829E+06
13	1	1	4	0	1	1.303612E+02	7.66755E+08
13	1	1	4	2	1	1.334013E+02	9.42988E+07
13	1	1	5	0	0	2.202870E+02	9.30127E+05
13	1	1	5	0	1	2.176410E+02	3.48450E+08
13	1	1	5	2	1	2.219149E+02	9.39117E+07
13	1	1	6	0	0	3.458239E+02	6.47816E+05
13	1	1	6	0	1	3.373554E+02	2.17734E+08
13	1	1	6	2	1	3.440334E+02	8.57489E+07
13	1	1	7	0	0	5.207861E+02	4.89058E+05
13	1	1	7	0	1	5.078347E+02	1.47286E+08
13	1	1	7	2	1	5.178512E+02	7.65451E+07
13	1	1	8	0	0	7.763472E+02	3.89894E+05
13	1	1	8	0	1	7.560023E+02	1.05753E+08
13	1	1	8	2	1	7.715840E+02	6.83388E+07
13	1	1	9	0	0	1.171680E+03	3.23168E+05
13	1	1	9	0	1	1.137717E+03	7.95136E+07
13	1	1	9	2	1	1.163614E+03	6.17314E+07
13	2	0	2	1	0	3.102940E+01	2.15977E+09
13	2	0	3	1	0	7.187234E+01	1.95606E+09
13	2	0	4	1	0	1.336725E+02	1.08024E+09
13	2	0	4	3	0	1.334287E+02	1.82508E+07
13	2	0	5	1	0	2.222228E+02	6.25068E+08
13	2	0	5	3	0	2.218919E+02	2.72458E+07
13	2	0	6	1	0	3.472585E+02	3.91321E+08
13	2	0	6	3	0	3.451754E+02	3.05828E+07
13	2	0	7	1	0	5.256520E+02	2.62924E+08
13	2	0	7	3	0	5.191443E+02	3.13520E+07
13	2	0	8	1	0	7.886688E+02	1.86706E+08
13	2	0	8	3	0	7.728959E+02	3.11444E+07
13	2	0	9	1	0	1.200596E+03	1.38667E+08
13	2	0	9	3	0	1.164515E+03	3.07592E+07
13	2	1	2	1	1	3.035329E+01	2.66387E+09
13	2	1	3	1	1	7.087380E+01	2.11434E+09
13	2	1	4	1	1	1.322616E+02	1.11691E+09
13	2	1	4	3	1	1.334486E+02	1.82508E+07
13	2	1	5	1	1	2.202759E+02	6.29986E+08
13	2	1	5	3	1	2.219493E+02	2.72458E+07
13	2	1	6	1	1	3.425290E+02	3.88809E+08
13	2	1	6	3	1	3.444532E+02	3.05828E+07
13	2	1	7	1	1	5.154248E+02	2.57651E+08
13	2	1	7	3	1	5.183593E+02	3.13520E+07
13	2	1	8	1	1	7.674943E+02	1.80817E+08
13	2	1	8	3	1	7.721242E+02	3.11444E+07
13	2	1	9	1	1	1.156194E+03	1.32812E+08
13	2	1	9	3	1	1.163987E+03	3.07592E+07
13	3	0	3	2	0	7.168184E+01	2.24424E+09
13	3	0	4	2	0	1.334184E+02	1.38231E+09
13	3	0	5	2	0	2.218911E+02	8.33336E+08
13	3	0	5	4	0	2.219216E+02	4.97354E+06
13	3	0	6	2	0	3.452157E+02	5.31077E+08
13	3	0	6	4	0	3.451718E+02	9.40298E+06
13	3	0	7	2	0	5.192519E+02	3.58076E+08
13	3	0	7	4	0	5.191266E+02	1.25971E+07
13	3	0	8	2	0	7.731200E+02	2.53357E+08
13	3	0	8	4	0	7.728645E+02	1.48982E+07
13	3	0	9	2	0	1.164968E+03	1.86605E+08
13	3	0	9	4	0	1.164476E+03	1.67431E+07
13	3	1	3	2	1	7.163706E+01	2.24424E+09
13	3	1	4	2	1	1.333609E+02	1.38231E+09
13	3	1	5	2	1	2.218029E+02	8.33336E+08
13	3	1	5	4	1	2.219382E+02	4.97354E+06
13	3	1	6	2	1	3.437643E+02	5.31077E+08
13	3	1	6	4	1	3.447132E+02	9.40298E+06
13	3	1	7	2	1	5.172417E+02	3.58076E+08
13	3	1	7	4	1	5.186958E+02	1.25971E+07
13	3	1	8	2	1	7.702317E+02	2.53357E+08
13	3	1	8	4	1	7.725354E+02	1.48982E+07
13	3	1	9	2	1	1.160541E+03	1.86605E+08
13	3	1	9	4	1	1.164433E+03	1.67431E+07
13	4	0	4	3	0	1.334316E+02	9.04808E+08
13	4	0	5	3	0	2.219000E+02	7.87967E+08
13	4	0	6	3	0	3.451950E+02	5.81241E+08
13	4	0	6	5	0	3.468712E+02	1.72076E+06
13	4	0	7	3	0	5.191887E+02	4.21351E+08
13	4	0	7	5	0	5.191132E+02	3.95507E+06
13	4	0	8	3	0	7.729941E+02	3.09972E+08
13	4	0	8	5	0	7.728398E+02	6.19512E+06
13	4	0	9	3	0	1.164738E+03	2.33111E+08
13	4	0	9	5	0	1.164441E+03	8.38207E+06
13	4	1	4	3	1	1.334282E+02	9.04808E+08
13	4	1	5	3	1	2.218929E+02	7.87967E+08
13	4	1	6	3	1	3.443175E+02	5.81241E+08
13	4	1	6	5	1	3.468539E+02	1.72076E+06
13	4	1	7	3	1	5.180521E+02	4.21351E+08
13	4	1	7	5	1	5.189277E+02	3.95507E+06
13	4	1	8	3	1	7.714428E+02	3.09972E+08
13	4	1	8	5	1	7.728330E+02	6.19512E+06
13	4	1	9	3	1	1.162439E+03	2.33111E+08
13	4	1	9	5	1	1.164792E+03	8.38207E+06
13	5	0	5	4	0	2.219266E+02	4.20349E+08
13	5	0	6	4	0	3.451837E+02	4.75053E+08
13	5	0	7	4	0	5.191536E+02	4.14303E+08
13	5	0	7	6	0	5.191029E+02	7.31100E+05
13	5	0	8	4	0	7.729243E+02	3.36687E+08
13	5	0	8	6	0	7.728207E+02	1.99878E+06
13	5	0	9	4	0	1.164612E+03	2.68539E+08
13	5	0	9	6	0	1.164412E+03	3.63088E+06
13	5	1	5	4	1	2.219040E+02	4.20349E+08
13	5	1	6	4	1	3.446307E+02	4.75053E+08
13	5	1	7	4	1	5.185091E+02	4.14303E+08
13	5	1	7	6	1	5.190960E+02	7.31100E+05
13	5	1	8	4	1	7.721213E+02	3.36687E+08
13	5	1	8	6	1	7.730544E+02	1.99878E+06
13	5	1	9	4	1	1.163492E+03	2.68539E+08
13	5	1	9	6	1	1.165073E+03	3.63088E+06
13	6	0	6	5	0	3.468793E+02	2.22882E+08
13	6	0	7	5	0	5.191313E+02	3.10120E+08
13	6	0	8	5	0	7.728801E+02	3.11910E+08
13	6	0	8	7	0	7.728057E+02	3.80184E+05
13	6	0	9	5	0	1.164532E+03	2.80568E+08
13	6	0	9	7	0	1.164389E+03	1.22520E+06
13	6	1	6	5	1	3.467976E+02	2.22882E+08
13	6	1	7	5	1	5.188019E+02	3.10120E+08
13	6	1	8	5	1	7.725538E+02	3.11910E+08
13	6	1	8	7	1	7.732243E+02	3.80184E+05
13	6	1	9	5	1	1.164158E+03	2.80568E+08
13	6	1	9	7	1	1.165295E+03	1.22520E+06
13	7	0	7	6	0	5.191160E+02	1.35879E+08
13	7	0	8	6	0	7.728497E+02	2.24601E+08
13	7	0	9	6	0	1.164478E+03	2.55524E+08
13	7	0	9	8	0	1.164370E+03	2.46296E+05
13	7	1	7	6	1	5.190053E+02	1.35879E+08
13	7	1	8	6	1	7.728531E+02	2.24601E+08
13	7	1	9	6	1	1.164616E+03	2.55524E+08
13	7	1	9	8	1	1.165474E+03	2.46296E+05
13	8	0	8	7	0	7.728276E+02	9.72103E+07
13	8	0	9	7	0	1.164439E+03	1.85924E+08
13	8	1	8	7	1	7.730723E+02	9.72103E+07
13	8	1	9	7	1	1.164950E+03	1.85924E+08
13	9	0	9	8	0	1.164409E+03	8.45668E+07
13	9	1	9	8	1	1.165203E+03	8.45668E+07
14	0	0	2	1	0	3.092340E+01	5.73311E+08
14	0	0	2	1	1	3.025078E+01	4.07728E+06
14	0	0	3	1	0	7.130619E+01	4.90198E+08
14	0	0	3	1	1	7.031746E+01	1.05213E+06
14	0	0	4	1	0	1.317273E+02	3.63753E+08
14	0	0	4	1	1	1.303372E+02	8.14499E+05
14	0	0	5	1	0	2.168982E+02	2.70665E+08
14	0	0	5	1	1	2.149892E+02	6.30538E+05
14	0	0	6	1	0	3.344293E+02	2.06775E+08
14	0	0	6	1	1	3.299137E+02	4.88126E+05
14	0	0	7	1	0	4.968034E+02	1.63021E+08
14	0	0	7	1	1	4.873813E+02	3.77879E+05
14	0	0	8	1	0	7.254637E+02	1.32250E+08
14	0	0	8	1	1	7.069257E+02	2.92532E+05
14	0	0	9	1	0	1.060008E+03	1.10233E+08
14	0	0	9	1	1	1.024023E+03	2.26461E+05
14	0	1	2	1	1	3.025797E+01	5.86605E+08
14	0	1	3	1	1	7.035632E+01	5.07030E+08
14	0	1	4	1	1	1.304708E+02	3.76259E+08
14	0	1	5	1	1	2.153529E+02	2.79243E+08
14	0	1	6	1	1	3.307710E+02	2.13661E+08
14	0	1	7	1	1	4.892546E+02	1.68202E+08
14	0	1	8	1	1	7.108736E+02	1.36299E+08
14	0	1	9	1	1	1.032327E+03	1.13512E+08
14	1	0	1	0	0	7.071963E+00	4.43340E+10
14	1	0	2	0	0	3.028865E+01	3.57583E+09
14	1	0	2	1	0	3.092401E+01	5.14169E+05
14	1	0	3	0	0	7.032145E+01	1.06272E+09
14	1	0	3	2	0	7.112137E+01	4.06333E+07
14	1	0	4	0	0	1.303155E+02	4.95097E+08
14	1	0	4	2	0	1.314898E+02	5.76033E+07
14	1	0	5	0	0	2.149575E+02	2.75939E+08
14	1	0	5	2	0	2.166072E+02	5.93965E+07
14	1	0	6	0	0	3.328680E+02	1.73037E+08
14	1	0	6	2	0	3.325932E+02	5.54212E+07
14	1	0	7	0	0	4.919510E+02	1.17358E+08
14	1	0	7	2	0	4.912112E+02	5.00304E+07
14	1	0	8	0	0	7.139633E+02	8.43977E+07
14	1	0	8	2	0	7.125570E+02	4.48718E+07
14	1	0	9	0	0	1.035171E+03	6.35134E+07
14	1	0	9	2	0	1.032707E+03	4.04790E+07
14	1	1	1	0	0	7.072083E+00	1.27214E+08
14	1	1	2	0	0	3.029084E+01	8.38921E+06
14	1	1	2	0	1	2.937746E+01	3.71101E+09
14	1	1	2	1	1	3.025356E+01	5.38130E+05
14	1	1	3	0	0	7.033329E+01	2.51536E+06
14	1	1	3	0	1	6.901617E+01	1.46231E+09
14	1	1	3	2	1	7.108768E+01	5.20014E+07
14	1	1	4	0	0	1.303562E+02	1.22676E+06
14	1	1	4	0	1	1.285157E+02	6.31581E+08
14	1	1	4	2	1	1.314694E+02	7.15395E+07
14	1	1	5	0	0	2.150682E+02	7.51531E+05
14	1	1	5	0	1	2.125453E+02	2.78074E+08
14	1	1	5	2	1	2.166196E+02	7.19881E+07
14	1	1	6	0	0	3.331333E+02	5.23427E+05
14	1	1	6	0	1	3.252679E+02	1.73747E+08
14	1	1	6	2	1	3.314715E+02	6.59658E+07
14	1	1	7	0	0	4.925308E+02	3.95153E+05
14	1	1	7	0	1	4.809310E+02	1.17482E+08
14	1	1	7	2	1	4.899049E+02	5.88446E+07
14	1	1	8	0	0	7.151851E+02	3.15029E+05
14	1	1	8	0	1	6.978838E+02	8.42808E+07
14	1	1	8	2	1	7.111409E+02	5.23140E+07
14	1	1	9	0	0	1.037741E+03	2.61115E+05
14	1	1	9	0	1	1.011011E+03	6.32913E+07
14	1	1	9	2	1	1.031409E+03	4.68804E+07
14	2	0	2	1	0	3.092418E+01	1.55037E+09
14	2	0	3	1	0	7.131035E+01	1.51520E+09
14	2	0	4	1	0	1.317415E+02	8.50785E+08
14	2	0	4	3	0	1.315047E+02	1.43478E+07
14	2	0	5	1	0	2.169367E+02	4.95138E+08
14	2	0	5	3	0	2.166214E+02	2.12868E+07
14	2	0	6	1	0	3.345209E+02	3.10727E+08
14	2	0	6	3	0	3.325874E+02	2.37148E+07
14	2	0	7	1	0	4.970055E+02	2.08953E+08
14	2	0	7	3	0	4.911839E+02	2.40877E+07
14	2	0	8	1	0	7.258948E+02	1.48368E+08
14	2	0	8	3	0	7.125115E+02	2.36534E+07
14	2	0	9	1	0	1.060929E+03	1.10105E+08
14	2	0	9	3	0	1.032656E+03	2.30182E+07
14	2	1	2	1	1	3.025238E+01	1.93680E+09
14	2	1	3	1	1	7.032609E+01	1.64438E+09
14	2	1	4	1	1	1.303669E+02	8.82273E+08
14	2	1	4	3	1	1.315199E+02	1.43478E+07
14	2	1	5	1	1	2.150699E+02	5.00411E+08
14	2	1	5	3	1	2.166649E+02	2.12868E+07
14	2	1	6	1	1	3.301039E+02	3.09585E+08
14	2	1	6	3	1	3.318907E+02	2.37148E+07
14	2	1	7	1	1	4.877964E+02	2.05397E+08
14	2	1	7	3	1	4.904239E+02	2.40877E+07
14	2	1	8	1	1	7.077994E+02	1.44225E+08
14	2	1	8	3	1	7.117353E+02	2.36534E+07
14	2	1	9	1	1	1.025857E+03	1.05966E+08
14	2	1	9	3	1	1.031987E+03	2.30182E+07
14	3	0	3	2	0	7.112272E+01	1.77726E+09
14	3	0	4	2	0	1.314944E+02	1.09512E+09
14	3	0	5	2	0	2.166198E+02	6.60427E+08
14	3	0	5	4	0	2.166488E+02	3.83110E+06
14	3	0	6	2	0	3.326228E+02	4.20984E+08
14	3	0	6	4	0	3.325821E+02	7.17162E+06
14	3	0	7	2	0	4.912758E+02	2.83877E+08
14	3	0	7	4	0	4.911637E+02	9.49288E+06
14	3	0	8	2	0	7.126928E+02	2.00855E+08
14	3	0	8	4	0	7.124757E+02	1.10612E+07
14	3	0	9	2	0	1.032992E+03	1.47936E+08
14	3	0	9	4	0	1.032606E+03	1.21982E+07
14	3	1	3	2	1	7.107816E+01	1.77726E+09
14	3	1	4	2	1	1.314368E+02	1.09512E+09
14	3	1	5	2	1	2.165312E+02	6.60427E+08
14	3	1	5	4	1	2.166602E+02	3.83110E+06
14	3	1	6	2	1	3.312646E+02	4.20984E+08
14	3	1	6	4	1	3.321456E+02	7.17162E+06
14	3	1	7	2	1	4.894530E+02	2.83877E+08
14	3	1	7	4	1	4.907548E+02	9.49288E+06
14	3	1	8	2	1	7.101892E+02	2.00855E+08
14	3	1	8	4	1	7.121472E+02	1.10612E+07
14	3	1	9	2	1	1.029408E+03	1.47936E+08
14	3	1	9	4	1	1.032469E+03	1.21982E+07
14	4	0	4	3	0	1.315071E+02	7.06645E+08
14	4	0	5	3	0	2.166277E+02	6.15713E+08
14	4	0	6	3	0	3.326024E+02	4.54424E+08
14	4	0	6	5	0	3.341582E+02	1.28343E+06
14	4	0	7	3	0	4.912167E+02	3.29606E+08
14	4	0	7	5	0	4.911491E+02	2.90599E+06
14	4	0	8	3	0	7.125805E+02	2.42642E+08
14	4	0	8	5	0	7.124494E+02	4.46855E+06
14	4	0	9	3	0	1.032800E+03	1.82660E+08
14	4	0	9	5	0	1.032567E+03	5.90618E+06
14	4	1	4	3	1	1.315035E+02	7.06645E+08
14	4	1	5	3	1	2.166203E+02	6.15713E+08
14	4	1	6	3	1	3.317861E+02	4.54424E+08
14	4	1	6	5	1	3.341406E+02	1.28343E+06
14	4	1	7	3	1	4.901957E+02	3.29606E+08
14	4	1	7	5	1	4.909796E+02	2.90599E+06
14	4	1	8	3	1	7.112546E+02	2.42642E+08
14	4	1	8	5	1	7.124362E+02	4.46855E+06
14	4	1	9	3	1	1.030977E+03	1.82660E+08
14	4	1	9	5	1	1.032827E+03	5.90618E+06
14	5	0	5	4	0	2.166527E+02	3.20786E+08
14	5	0	6	4	0	3.325912E+02	3.62791E+08
14	5	0	7	4	0	4.911836E+02	3.16669E+08
14	5	0	7	6	0	4.911383E+02	5.19445E+05
14	5	0	8	4	0	7.125177E+02	2.57636E+08
14	5	0	8	6	0	7.124297E+02	1.38892E+06
14	5	0	9	4	0	1.032694E+03	2.05845E+08
14	5	0	9	6	0	1.032537E+03	2.45296E+06
14	5	1	5	4	1	2.166331E+02	3.20786E+08
14	5	1	6	4	1	3.320820E+02	3.62791E+08
14	5	1	7	4	1	4.906159E+02	3.16669E+08
14	5	1	7	6	1	4.911414E+02	5.19445E+05
14	5	1	8	4	1	7.118548E+02	2.57636E+08
14	5	1	8	6	1	7.126478E+02	1.38892E+06
14	5	1	9	4	1	1.031854E+03	2.05845E+08
14	5	1	9	6	1	1.033097E+03	2.45296E+06
14	6	0	6	5	0	3.341645E+02	1.64093E+08
14	6	0	7	5	0	4.911626E+02	2.28556E+08
14	6	0	8	5	0	7.124777E+02	2.30204E+08
14	6	0	8	7	0	7.124145E+02	2.51549E+05
14	6	0	9	5	0	1.032626E+03	2.07538E+08
14	6	0	9	7	0	1.032513E+03	7.84258E+05
14	6	1	6	5	1	3.340972E+02	1.64093E+08
14	6	1	7	5	1	4.908859E+02	2.28556E+08
14	6	1	8	5	1	7.122389E+02	2.30204E+08
14	6	1	8	7	1	7.128088E+02	2.51549E+05
14	6	1	9	5	1	1.032413E+03	2.07538E+08
14	6	1	9	7	1	1.033307E+03	7.84258E+05
14	7	0	7	6	0	4.911480E+02	9.48083E+07
14	7	0	8	6	0	7.124501E+02	1.56967E+08
14	7	0	9	6	0	1.032580E+03	1.79040E+08
14	7	0	9	8	0	1.032494E+03	1.46904E+05
14	7	1	7	6	1	4.910738E+02	9.48083E+07
14	7	1	8	6	1	7.125055E+02	1.56967E+08
14	7	1	9	6	1	1.032798E+03	1.79040E+08
14	7	1	9	8	1	1.033473E+03	1.46904E+05
14	8	0	8	7	0	7.124299E+02	6.26748E+07
14	8	0	9	7	0	1.032546E+03	1.20206E+08
14	8	1	8	7	1	7.127012E+02	6.26748E+07
14	8	1	9	7	1	1.033081E+03	1.20206E+08
14	9	0	9	8	0	1.032520E+03	4.85227E+07
14	9	1	9	8	1	1.033296E+03	4.85227E+07
15	0	0	2	1	0	3.083900E+01	4.40874E+08
15	0	0	2	1	1	3.017001E+01	3.28969E+06
15	0	0	3	1	0	7.085899E+01	3.84974E+08
15	0	0	3	1	1	6.988254E+01	8.48896E+05
15	0	0	4	1	0	1.302093E+02	2.88032E+08
15	0	0	4	1	1	1.288508E+02	6.57166E+05
15	0	0	5	1	0	2.128128E+02	2.15117E+08
15	0	0	5	1	1	2.109748E+02	5.08740E+05
15	0	0	6	1	0	3.248151E+02	1.64545E+08
15	0	0	6	1	1	3.205538E+02	3.93837E+05
15	0	0	7	1	0	4.758790E+02	1.29643E+08
15	0	0	7	1	1	4.672270E+02	3.04886E+05
15	0	0	8	1	0	6.816937E+02	1.04921E+08
15	0	0	8	1	1	6.652999E+02	2.36025E+05
15	0	0	9	1	0	9.690913E+02	8.70756E+07
15	0	0	9	1	1	9.389260E+02	1.82717E+05
15	0	1	2	1	1	3.017594E+01	4.50639E+08
15	0	1	3	1	1	6.991440E+01	3.98015E+08
15	0	1	4	1	1	1.289592E+02	2.97830E+08
15	0	1	5	1	1	2.112654E+02	2.21864E+08
15	0	1	6	1	1	3.212252E+02	1.69959E+08
15	0	1	7	1	1	4.686547E+02	1.33710E+08
15	0	1	8	1	1	6.681985E+02	1.08087E+08
15	0	1	9	1	1	9.447096E+02	8.96221E+07
15	1	0	1	0	0	7.067534E+00	3.57974E+10
15	1	0	2	0	0	3.020757E+01	2.92963E+09
15	1	0	2	1	0	3.083950E+01	4.20295E+05
15	1	0	3	0	0	6.988594E+01	8.59596E+08
15	1	0	3	2	0	7.067592E+01	3.04989E+07
15	1	0	4	0	0	1.288278E+02	4.00980E+08
15	1	0	4	2	0	1.299753E+02	4.43866E+07
15	1	0	5	0	0	2.109393E+02	2.23567E+08
15	1	0	5	2	0	2.125277E+02	4.62853E+07
15	1	0	6	0	0	3.233304E+02	1.40184E+08
15	1	0	6	2	0	3.230711E+02	4.33921E+07
15	1	0	7	0	0	4.713999E+02	9.50366E+07
15	1	0	7	2	0	4.707207E+02	3.92061E+07
15	1	0	8	0	0	6.714788E+02	6.82885E+07
15	1	0	8	2	0	6.702347E+02	3.50916E+07
15	1	0	9	0	0	9.481889E+02	5.13220E+07
15	1	0	9	2	0	9.461209E+02	3.15034E+07
15	1	1	1	0	0	7.067633E+00	1.04312E+08
15	1	1	2	0	0	3.020937E+01	6.87886E+06
15	1	1	2	0	1	2.930082E+01	3.04164E+09
15	1	1	2	1	1	3.017228E+01	4.39841E+05
15	1	1	3	0	0	6.989560E+01	2.06251E+06
15	1	1	3	0	1	6.859467E+01	1.21612E+09
15	1	1	3	2	1	7.064058E+01	3.90614E+07
15	1	1	4	0	0	1.288606E+02	1.00590E+06
15	1	1	4	0	1	1.270618E+02	5.27249E+08
15	1	1	4	2	1	1.299483E+02	5.52147E+07
15	1	1	5	0	0	2.110273E+02	6.16230E+05
15	1	1	5	0	1	2.085979E+02	2.25296E+08
15	1	1	5	2	1	2.125208E+02	5.61651E+07
15	1	1	6	0	0	3.235371E+02	4.29192E+05
15	1	1	6	0	1	3.161133E+02	1.40761E+08
15	1	1	6	2	1	3.219695E+02	5.16940E+07
15	1	1	7	0	0	4.718396E+02	3.24012E+05
15	1	1	7	0	1	4.611834E+02	9.51431E+07
15	1	1	7	2	1	4.694292E+02	4.61426E+07
15	1	1	8	0	0	6.723712E+02	2.58313E+05
15	1	1	8	0	1	6.570572E+02	6.82034E+07
15	1	1	8	2	1	6.687955E+02	4.09281E+07
15	1	1	9	0	0	9.499694E+02	2.14106E+05
15	1	1	9	0	1	9.275203E+02	5.11558E+07
15	1	1	9	2	1	9.446600E+02	3.64901E+07
15	2	0	2	1	0	3.083964E+01	1.13115E+09
15	2	0	3	1	0	7.086238E+01	1.19279E+09
15	2	0	4	1	0	1.302207E+02	6.80841E+08
15	2	0	4	3	0	1.299893E+02	1.14953E+07
15	2	0	5	1	0	2.128434E+02	3.98474E+08
15	2	0	5	3	0	2.125399E+02	1.69710E+07
15	2	0	6	1	0	3.248864E+02	2.50654E+08
15	2	0	6	3	0	3.230624E+02	1.87956E+07
15	2	0	7	1	0	4.760320E+02	1.68704E+08
15	2	0	7	3	0	4.706887E+02	1.89554E+07
15	2	0	8	1	0	6.820076E+02	1.19790E+08
15	2	0	8	3	0	6.701805E+02	1.84516E+07
15	2	0	9	1	0	9.697259E+02	8.88339E+07
15	2	0	9	3	0	9.460503E+02	1.77609E+07
15	2	1	2	1	1	3.017130E+01	1.43186E+09
15	2	1	3	1	1	6.988950E+01	1.29945E+09
15	2	1	4	1	1	1.288745E+02	7.07968E+08
15	2	1	4	3	1	1.300012E+02	1.14953E+07
15	2	1	5	1	1	2.110383E+02	4.03708E+08
15	2	1	5	3	1	2.125738E+02	1.69710E+07
15	2	1	6	1	1	3.207003E+02	2.50328E+08
15	2	1	6	3	1	3.223865E+02	1.87956E+07
15	2	1	7	1	1	4.675383E+02	1.66259E+08
15	2	1	7	3	1	4.699516E+02	1.89554E+07
15	2	1	8	1	1	6.659313E+02	1.16789E+08
15	2	1	8	3	1	6.694142E+02	1.84516E+07
15	2	1	9	1	1	9.401840E+02	8.58031E+07
15	2	1	9	3	1	9.453304E+02	1.77609E+07
15	3	0	3	2	0	7.067703E+01	1.43230E+09
15	3	0	4	2	0	1.299790E+02	8.82837E+08
15	3	0	5	2	0	2.125377E+02	5.32537E+08
15	3	0	5	4	0	2.125657E+02	3.02006E+06
15	3	0	6	2	0	3.230942E+02	3.39509E+08
15	3	0	6	4	0	3.230558E+02	5.60973E+06
15	3	0	7	2	0	4.707699E+02	2.28937E+08
15	3	0	7	4	0	4.706669E+02	7.35704E+06
15	3	0	8	2	0	6.703344E+02	1.61956E+08
15	3	0	8	4	0	6.701423E+02	8.47688E+06
15	3	0	9	2	0	9.463197E+02	1.19244E+08
15	3	0	9	4	0	9.459953E+02	9.21935E+06
15	3	1	3	2	1	7.063269E+01	1.43230E+09
15	3	1	4	2	1	1.299216E+02	8.82837E+08
15	3	1	5	2	1	2.124494E+02	5.32537E+08
15	3	1	5	4	1	2.125736E+02	3.02006E+06
15	3	1	6	2	1	3.218057E+02	3.39509E+08
15	3	1	6	4	1	3.226370E+02	5.60973E+06
15	3	1	7	2	1	4.690811E+02	2.28937E+08
15	3	1	7	4	1	4.702766E+02	7.35704E+06
15	3	1	8	2	1	6.680891E+02	1.61956E+08
15	3	1	8	4	1	6.698216E+02	8.47688E+06
15	3	1	9	2	1	9.432513E+02	1.19244E+08
15	3	1	9	4	1	9.458205E+02	9.21935E+06
15	4	0	4	3	0	1.299912E+02	5.63213E+08
15	4	0	5	3	0	2.125450E+02	4.90927E+08
15	4	0	6	3	0	3.230742E+02	3.62461E+08
15	4	0	6	5	0	3.245419E+02	9.86310E+05
15	4	0	7	3	0	4.707137E+02	2.62995E+08
15	4	0	7	5	0	4.706517E+02	2.20771E+06
15	4	0	8	3	0	6.702313E+02	1.93669E+08
15	4	0	8	5	0	6.701153E+02	3.34804E+06
15	4	0	9	3	0	9.461514E+02	1.45847E+08
15	4	0	9	5	0	9.459551E+02	4.35019E+06
15	4	1	4	3	1	1.299877E+02	5.63213E+08
15	4	1	5	3	1	2.125377E+02	4.90927E+08
15	4	1	6	3	1	3.223036E+02	3.62461E+08
15	4	1	6	5	1	3.245249E+02	9.86310E+05
15	4	1	7	3	1	4.697754E+02	2.62995E+08
15	4	1	7	5	1	4.704953E+02	2.20771E+06
15	4	1	8	3	1	6.690567E+02	1.93669E+08
15	4	1	8	5	1	6.701022E+02	3.34804E+06
15	4	1	9	3	1	9.446178E+02	1.45847E+08
15	4	1	9	5	1	9.461709E+02	4.35019E+06
15	5	0	5	4	0	2.125688E+02	2.51042E+08
15	5	0	6	4	0	3.230630E+02	2.84057E+08
15	5	0	7	4	0	4.706821E+02	2.48086E+08
15	5	0	7	6	0	4.706405E+02	3.84380E+05
15	5	0	8	4	0	6.701732E+02	2.01973E+08
15	5	0	8	6	0	6.700954E+02	1.01084E+06
15	5	0	9	4	0	9.460570E+02	1.61513E+08
15	5	0	9	6	0	9.459251E+02	1.74906E+06
15	5	1	5	4	1	2.125516E+02	2.51042E+08
15	5	1	6	4	1	3.225865E+02	2.84057E+08
15	5	1	7	4	1	4.701693E+02	2.48086E+08
15	5	1	7	6	1	4.706519E+02	3.84380E+05
15	5	1	8	4	1	6.696039E+02	2.01973E+08
15	5	1	8	6	1	6.703056E+02	1.01084E+06
15	5	1	9	4	1	9.453865E+02	1.61513E+08
15	5	1	9	6	1	9.464301E+02	1.74906E+06
15	6	0	6	5	0	3.245468E+02	1.24860E+08
15	6	0	7	5	0	4.706620E+02	1.74032E+08
15	6	0	8	5	0	6.701361E+02	1.75443E+08
15	6	0	8	7	0	6.700802E+02	1.76264E+05
15	6	0	9	5	0	9.459968E+02	1.58363E+08
15	6	0	9	7	0	9.459019E+02	5.36549E+05
15	6	1	6	5	1	3.244904E+02	1.24860E+08
15	6	1	7	5	1	4.704229E+02	1.74032E+08
15	6	1	8	5	1	6.699552E+02	1.75443E+08
15	6	1	8	7	1	6.704594E+02	1.76264E+05
15	6	1	9	5	1	9.458780E+02	1.58363E+08
15	6	1	9	7	1	9.466284E+02	5.36549E+05
15	7	0	7	6	0	4.706480E+02	6.92172E+07
15	7	0	8	6	0	6.701104E+02	1.14714E+08
15	7	0	9	6	0	9.459551E+02	1.31037E+08
15	7	0	9	8	0	9.458836E+02	9.52556E+04
15	7	1	7	6	1	4.705996E+02	6.92172E+07
15	7	1	8	6	1	6.701995E+02	1.14714E+08
15	7	1	9	6	1	9.462187E+02	1.31037E+08
15	7	1	9	8	1	9.467848E+02	9.52556E+04
15	8	0	8	7	0	6.700916E+02	4.31100E+07
15	8	0	9	7	0	9.459246E+02	8.28152E+07
15	8	1	8	7	1	6.703792E+02	4.31100E+07
15	8	1	9	7	1	9.464686E+02	8.28152E+07
15	9	0	9	8	0	9.459014E+02	3.06471E+07
15	9	1	9	8	1	9.466596E+02	3.06471E+07
10	1	0	10	0	0	4.403728E+04	2.03072E+04
10	1	0	10	2	0	4.067868E+04	4.86702E+01
10	1	1	10	0	1	8.485140E+04	3.35544E+04
10	2	1	10	1	1	3.301107E+05	2.27663E+03
10	3	1	10	2	1	7.135228E+05	2.69492E-02
10	4	1	10	3	1	1.235909E+06	7.50773E-05
10	5	1	10	4	1	1.897364E+06	9.84022E-07
10	6	1	10	5	1	2.697912E+06	3.00101E-08
10	7	1	10	6	1	3.637567E+06	1.51885E-09
10	8	1	10	7	1	4.716314E+06	1.01953E-10
10	9	1	10	8	1	5.934190E+06	6.90365E-12
11	0	0	10	1	0	4.793145E+03	2.29834E+08
11	0	0	10	1	1	4.186636E+03	3.71232E+05
11	0	1	10	1	1	4.466960E+03	2.37903E+08
11	1	0	10	0	0	4.344929E+03	9.95054E+07
11	1	0	10	2	0	4.309821E+03	9.65473E+07
11	1	0	11	2	0	3.031929E+06	3.24009E+01
11	1	1	10	0	0	4.434596E+03	4.45855E+05
11	1	1	10	0	1	4.084951E+03	9.83095E+07
11	1	1	10	2	1	4.348084E+03	1.13266E+08
11	1	1	11	0	1	1.092924E+05	2.01934E+04
11	2	0	10	1	0	4.828224E+03	1.73671E+08
11	2	0	10	3	0	4.312436E+03	6.58516E+07
11	2	1	10	1	1	4.248245E+03	1.58309E+08
11	2	1	10	3	1	4.329744E+03	6.58516E+07
11	2	1	11	1	1	4.209300E+05	1.42715E+03
11	3	0	10	2	0	4.318839E+03	2.28897E+08
11	3	0	10	4	0	4.313274E+03	4.44640E+07
11	3	1	10	2	1	4.283302E+03	2.28897E+08
11	3	1	10	4	1	4.324247E+03	4.44640E+07
11	3	1	11	2	1	9.068691E+05	1.70203E-02
11	4	0	10	3	0	4.316986E+03	2.96004E+08
11	4	0	10	5	0	4.313614E+03	2.92862E+07
11	4	1	10	3	1	4.297361E+03	2.96004E+08
11	4	1	10	5	1	4.322179E+03	2.92862E+07
11	4	1	11	3	1	1.568175E+06	4.81580E-05
11	5	0	10	4	0	4.316036E+03	3.74941E+08
11	5	0	10	6	0	4.313769E+03	1.82429E+07
11	5	1	10	4	1	4.304637E+03	3.74941E+08
11	5	1	10	6	1	4.321336E+03	1.82429E+07
11	5	1	11	4	1	2.404962E+06	6.46346E-07
11	6	0	10	5	0	4.315474E+03	4.68845E+08
11	6	0	10	7	0	4.313842E+03	1.03189E+07
11	6	1	10	5	1	4.308985E+03	4.68845E+08
11	6	1	10	7	1	4.321005E+03	1.03189E+07
11	6	1	11	5	1	3.417273E+06	2.04530E-08
11	7	0	10	6	0	4.315107E+03	5.81018E+08
11	7	0	10	8	0	4.313876E+03	4.89734E+06
11	7	1	10	6	1	4.311837E+03	5.81018E+08
11	7	1	10	8	1	4.320909E+03	4.89734E+06
11	7	1	11	6	1	4.605133E+06	1.10034E-09
11	8	0	10	7	0	4.314853E+03	7.15215E+08
11	8	0	10	9	0	4.313890E+03	1.55845E+06
11	8	1	10	7	1	4.313834E+03	7.15215E+08
11	8	1	10	9	1	4.320928E+03	1.55845E+06
11	8	1	11	7	1	5.968475E+06	8.28365E-11
11	9	0	10	8	0	4.314667E+03	8.75821E+08
11	9	1	10	8	1	4.315302E+03	8.75821E+08
11	9	1	11	8	1	7.507451E+06	7.45825E-12
12	0	0	10	1	0	2.597029E+03	1.65950E+08
12	0	0	10	1	1	2.408018E+03	2.83195E+05
12	0	0	11	1	0	5.630313E+03	1.49021E+08
12	0	0	11	1	1	5.486557E+03	2.19233E+05
12	0	1	10	1	1	2.478961E+03	1.71174E+08
12	0	1	11	1	1	5.869265E+03	1.54079E+08
12	1	0	10	0	0	2.458182E+03	7.95305E+07
12	1	0	10	2	0	2.446904E+03	6.79666E+07
12	1	0	11	0	0	5.699127E+03	6.16416E+07
12	1	0	11	2	0	5.650316E+03	6.45002E+07
12	1	0	12	2	0	3.716671E+06	2.23480E+01
12	1	1	10	0	0	2.480514E+03	3.47117E+05
12	1	1	10	0	1	2.367180E+03	7.89090E+07
12	1	1	10	2	1	2.453211E+03	7.86843E+07
12	1	1	11	0	0	5.820620E+03	3.02793E+05
12	1	1	11	0	1	5.353538E+03	6.08153E+07
12	1	1	11	2	1	5.705584E+03	7.54217E+07
12	1	1	12	0	1	1.376746E+05	1.27020E+04
12	2	0	10	1	0	2.605336E+03	1.36755E+08
12	2	0	10	3	0	2.447383E+03	4.37847E+07
12	2	0	11	1	0	5.669501E+03	1.05770E+08
12	2	0	11	3	0	5.653970E+03	4.54332E+07
12	2	1	10	1	1	2.423883E+03	1.27971E+08
12	2	1	10	3	1	2.450198E+03	4.37847E+07
12	2	1	11	1	1	5.569620E+03	9.60902E+07
12	2	1	11	3	1	5.679653E+03	4.54332E+07
12	2	1	12	1	1	5.255173E+05	9.31762E+02
12	3	0	10	2	0	2.449275E+03	1.81510E+08
12	3	0	10	4	0	2.447485E+03	2.76712E+07
12	3	0	11	2	0	5.662974E+03	1.36842E+08
12	3	0	11	4	0	5.655146E+03	3.19405E+07
12	3	1	10	2	1	2.436542E+03	1.81510E+08
12	3	1	10	4	1	2.449737E+03	2.76712E+07
12	3	1	11	2	1	5.616223E+03	1.36842E+08
12	3	1	11	4	1	5.671660E+03	3.19405E+07
12	3	1	12	2	1	1.128890E+06	1.11572E-02
12	4	0	10	3	0	2.448582E+03	2.31668E+08
12	4	0	10	5	0	2.447497E+03	1.68207E+07
12	4	0	11	3	0	5.660373E+03	1.73958E+08
12	4	0	11	5	0	5.655624E+03	2.21650E+07
12	4	1	10	3	1	2.441828E+03	2.31668E+08
12	4	1	10	5	1	2.449821E+03	1.68207E+07
12	4	1	11	3	1	5.634883E+03	1.73958E+08
12	4	1	11	5	1	5.668534E+03	2.21650E+07
12	4	1	12	3	1	1.949139E+06	3.19277E-05
12	5	0	10	4	0	2.448213E+03	2.83939E+08
12	5	0	10	6	0	2.447483E+03	9.49508E+06
12	5	0	11	4	0	5.659038E+03	2.16775E+08
12	5	0	11	6	0	5.655841E+03	1.48351E+07
12	5	1	10	4	1	2.444659E+03	2.83939E+08
12	5	1	10	6	1	2.450036E+03	9.49508E+06
12	5	1	11	4	1	5.644515E+03	2.16775E+08
12	5	1	11	6	1	5.667177E+03	1.48351E+07
12	5	1	12	4	1	2.986421E+06	4.35733E-07
12	6	0	10	5	0	2.447988E+03	3.34348E+08
12	6	0	10	7	0	2.447463E+03	4.74540E+06
12	6	0	11	5	0	5.658246E+03	2.66822E+08
12	6	0	11	7	0	5.655944E+03	9.34440E+06
12	6	1	10	5	1	2.446401E+03	3.34348E+08
12	6	1	10	7	1	2.450271E+03	4.74540E+06
12	6	1	11	5	1	5.650256E+03	2.66822E+08
12	6	1	11	7	1	5.666578E+03	9.34440E+06
12	6	1	12	5	1	4.240774E+06	1.41333E-08
12	7	0	10	6	0	2.447837E+03	3.75021E+08
12	7	0	10	8	0	2.447441E+03	1.91663E+06
12	7	0	11	6	0	5.657730E+03	3.25621E+08
12	7	0	11	8	0	5.655992E+03	5.33042E+06
12	7	1	10	6	1	2.447572E+03	3.75021E+08
12	7	1	10	8	1	2.450493E+03	1.91663E+06
12	7	1	11	6	1	5.654012E+03	3.25621E+08
12	7	1	11	8	1	5.666337E+03	5.33042E+06
12	7	1	12	6	1	5.712229E+06	7.89587E-10
12	8	0	10	7	0	2.447730E+03	3.92225E+08
12	8	0	10	9	0	2.447420E+03	4.88383E+05
12	8	0	11	7	0	5.657370E+03	3.94842E+08
12	8	0	11	9	0	5.656012E+03	2.54692E+06
12	8	1	10	7	1	2.448410E+03	3.92225E+08
12	8	1	10	9	1	2.450693E+03	4.88383E+05
12	8	1	11	7	1	5.656636E+03	3.94842E+08
12	8	1	11	9	1	5.666275E+03	2.54692E+06
12	8	1	12	7	1	7.400719E+06	6.32291E-11
12	9	0	10	8	0	2.447650E+03	3.63235E+08
12	9	0	11	8	0	5.657108E+03	4.76391E+08
12	9	1	10	8	1	2.449037E+03	3.63235E+08
12	9	1	11	8	1	5.658559E+03	4.76391E+08
12	9	1	12	8	1	9.306481E+06	6.38848E-12
13	0	0	10	1	0	1.913148E+03	1.23218E+08
13	0	0	10	1	1	1.808571E+03	2.20770E+05
13	0	0	11	1	0	3.172052E+03	1.09807E+08
13	0	0	11	1	1	3.125909E+03	1.70908E+05
13	0	0	12	1	0	7.214909E+03	1.00007E+08
13	0	0	12	1	1	7.029167E+03	1.32307E+05
13	0	1	10	1	1	1.840493E+03	1.26917E+08
13	0	1	11	1	1	3.222511E+03	1.13140E+08
13	0	1	12	1	1	7.537247E+03	1.03302E+08
13	1	0	10	0	0	1.836116E+03	6.23995E+07
13	1	0	10	2	0	1.829817E+03	4.92640E+07
13	1	0	11	0	0	3.191946E+03	5.00921E+07
13	1	0	11	2	0	3.176577E+03	4.65407E+07
13	1	0	12	0	0	7.306501E+03	3.98155E+07
13	1	0	12	2	0	7.241546E+03	4.43658E+07
13	1	0	13	2	0	4.536567E+06	1.58796E+01
13	1	1	10	0	0	1.846071E+03	2.75718E+05
13	1	1	10	0	1	1.782556E+03	6.20082E+07
13	1	1	10	2	1	1.830906E+03	5.68416E+07
13	1	1	11	0	0	3.222151E+03	2.40511E+05
13	1	1	11	0	1	3.073698E+03	4.96324E+07
13	1	1	11	2	1	3.186585E+03	5.36788E+07
13	1	1	12	0	0	7.466721E+03	2.13494E+05
13	1	1	12	0	1	6.858138E+03	3.92358E+07
13	1	1	12	2	1	7.318192E+03	5.17355E+07
13	1	1	13	0	1	1.702350E+05	8.29199E+03
13	2	0	10	1	0	1.916813E+03	1.06866E+08
13	2	0	10	3	0	1.829922E+03	3.06486E+07
13	2	0	11	1	0	3.182139E+03	8.47682E+07
13	2	0	11	3	0	3.177241E+03	3.11294E+07
13	2	0	12	1	0	7.267306E+03	6.73385E+07
13	2	0	12	3	0	7.246472E+03	3.20719E+07
13	2	1	10	1	1	1.815679E+03	1.01150E+08
13	2	1	10	3	1	1.830404E+03	3.06486E+07
13	2	1	11	1	1	3.147202E+03	7.90240E+07
13	2	1	11	3	1	3.182036E+03	3.11294E+07
13	2	1	12	1	1	7.137759E+03	6.10033E+07
13	2	1	12	3	1	7.282723E+03	3.20719E+07
13	2	1	13	1	1	6.446086E+05	6.29463E+02
13	3	0	10	2	0	1.830904E+03	1.42048E+08
13	3	0	10	4	0	1.829903E+03	1.85271E+07
13	3	0	11	2	0	3.179854E+03	1.10775E+08
13	3	0	11	4	0	3.177384E+03	2.06408E+07
13	3	0	12	2	0	7.258597E+03	8.57538E+07
13	3	0	12	4	0	7.248070E+03	2.32724E+07
13	3	1	10	2	1	1.823310E+03	1.42048E+08
13	3	1	10	4	1	1.830689E+03	1.85271E+07
13	3	1	11	2	1	3.163646E+03	1.10775E+08
13	3	1	11	4	1	3.181161E+03	2.06408E+07
13	3	1	12	2	1	7.198326E+03	8.57538E+07
13	3	1	12	4	1	7.271547E+03	2.32724E+07
13	3	1	13	2	1	1.381048E+06	7.55097E-03
13	4	0	10	3	0	1.830473E+03	1.79142E+08
13	4	0	10	5	0	1.829866E+03	1.06681E+07
13	4	0	11	3	0	3.178902E+03	1.39840E+08
13	4	0	11	5	0	3.177403E+03	1.33593E+07
13	4	0	12	3	0	7.255118E+03	1.07434E+08
13	4	0	12	5	0	7.248723E+03	1.67991E+07
13	4	1	10	3	1	1.826579E+03	1.79142E+08
13	4	1	10	5	1	1.831048E+03	1.06681E+07
13	4	1	11	3	1	3.170494E+03	1.39840E+08
13	4	1	11	5	1	3.181119E+03	1.33593E+07
13	4	1	12	3	1	7.222547E+03	1.07434E+08
13	4	1	12	5	1	7.267050E+03	1.67991E+07
13	4	1	13	3	1	2.381225E+06	2.17928E-05
13	5	0	10	4	0	1.830238E+03	2.13882E+08
13	5	0	10	6	0	1.829830E+03	5.63322E+06
13	5	0	11	4	0	3.178394E+03	1.70437E+08
13	5	0	11	6	0	3.177386E+03	8.22370E+06
13	5	0	12	4	0	7.253330E+03	1.32023E+08
13	5	0	12	6	0	7.249022E+03	1.18366E+07
13	5	1	10	4	1	1.828365E+03	2.13882E+08
13	5	1	10	6	1	1.831371E+03	5.63322E+06
13	5	1	11	4	1	3.174151E+03	1.70437E+08
13	5	1	11	6	1	3.181305E+03	8.22370E+06
13	5	1	12	4	1	7.235021E+03	1.32023E+08
13	5	1	12	6	1	7.265016E+03	1.18366E+07
13	5	1	13	4	1	3.645338E+06	3.01093E-07
13	6	0	10	5	0	1.830092E+03	2.40722E+08
13	6	0	10	7	0	1.829799E+03	2.58907E+06
13	6	0	11	5	0	3.178084E+03	2.01153E+08
13	6	0	11	7	0	3.177358E+03	4.67736E+06
13	6	0	12	5	0	7.252269E+03	1.60333E+08
13	6	0	12	7	0	7.249166E+03	8.00538E+06
13	6	1	10	5	1	1.829482E+03	2.40722E+08
13	6	1	10	7	1	1.831645E+03	2.58907E+06
13	6	1	11	5	1	3.176394E+03	2.01153E+08
13	6	1	11	7	1	3.181546E+03	4.67736E+06
13	6	1	12	5	1	7.242438E+03	1.60333E+08
13	6	1	12	7	1	7.264054E+03	8.00538E+06
13	6	1	13	5	1	5.173440E+06	9.93884E-09
13	7	0	10	6	0	1.829993E+03	2.51324E+08
13	7	0	10	8	0	1.829772E+03	9.38559E+05
13	7	0	11	6	0	3.177877E+03	2.29053E+08
13	7	0	11	8	0	3.177328E+03	2.34839E+06
13	7	0	12	6	0	7.251578E+03	1.93124E+08
13	7	0	12	8	0	7.249234E+03	5.08251E+06
13	7	1	10	6	1	1.830242E+03	2.51324E+08
13	7	1	10	8	1	1.831875E+03	9.38559E+05
13	7	1	11	6	1	3.177899E+03	2.29053E+08
13	7	1	11	8	1	3.181789E+03	2.34839E+06
13	7	1	12	6	1	7.247280E+03	1.93124E+08
13	7	1	12	8	1	7.263609E+03	5.08251E+06
13	7	1	13	6	1	6.965583E+06	5.69538E-10
13	8	0	10	7	0	1.829922E+03	2.35279E+08
13	8	0	10	9	0	1.829749E+03	2.06899E+05
13	8	0	11	7	0	3.177729E+03	2.49049E+08
13	8	0	11	9	0	3.177300E+03	9.50852E+05
13	8	0	12	7	0	7.251097E+03	2.31203E+08
13	8	0	12	9	0	7.249264E+03	2.91768E+06
13	8	1	10	7	1	1.830792E+03	2.35279E+08
13	8	1	10	9	1	1.832068E+03	2.06899E+05
13	8	1	11	7	1	3.178973E+03	2.49049E+08
13	8	1	11	9	1	3.182015E+03	9.50852E+05
13	8	1	12	7	1	7.250655E+03	2.31203E+08
13	8	1	12	9	1	7.263430E+03	2.91768E+06
13	8	1	13	7	1	9.021688E+06	4.73894E-11
13	9	0	10	8	0	1.829868E+03	1.83149E+08
13	9	0	11	8	0	3.177619E+03	2.52880E+08
13	9	0	12	8	0	7.250745E+03	2.75468E+08
13	9	1	10	8	1	1.831207E+03	1.83149E+08
13	9	1	11	8	1	3.179775E+03	2.52880E+08
13	9	1	12	8	1	7.253124E+03	2.75468E+08
13	9	1	13	8	1	1.134173E+07	5.09571E-12
14	0	0	10	1	0	1.581856E+03	9.43339E+07
14	0	0	10	1	1	1.509679E+03	1.75313E+05
14	0	0	11	1	0	2.354473E+03	8.29236E+07
14	0	0	11	1	1	2.328955E+03	1.35717E+05
14	0	0	12	1	0	4.031088E+03	7.49756E+07
14	0	0	12	1	1	3.972440E+03	1.05064E+05
14	0	0	13	1	0	9.070379E+03	6.91146E+07
14	0	0	13	1	1	8.835032E+03	8.13348E+04
14	0	1	10	1	1	1.527798E+03	9.70852E+07
14	0	1	11	1	1	2.372361E+03	8.53240E+07
14	0	1	12	1	1	4.100403E+03	7.71798E+07
14	0	1	13	1	1	9.493987E+03	7.13336E+07
14	1	0	10	0	0	1.528492E+03	4.95820E+07
14	1	0	10	2	0	1.524124E+03	3.69854E+07
14	1	0	11	0	0	2.364623E+03	3.98915E+07
14	1	0	11	2	0	2.356178E+03	3.44015E+07
14	1	0	12	0	0	4.057184E+03	3.28105E+07
14	1	0	12	2	0	4.037076E+03	3.26900E+07
14	1	0	13	0	0	9.188384E+03	2.66360E+07
14	1	0	13	2	0	9.104783E+03	3.13016E+07
14	1	0	14	2	0	5.505577E+06	1.15729E+01
14	1	1	10	0	0	1.534103E+03	2.22777E+05
14	1	1	10	0	1	1.489984E+03	4.93098E+07
14	1	1	10	2	1	1.523616E+03	4.26274E+07
14	1	1	11	0	0	2.378078E+03	1.94330E+05
14	1	1	11	0	1	2.296227E+03	3.95882E+07
14	1	1	11	2	1	2.358649E+03	3.95349E+07
14	1	1	12	0	0	4.096958E+03	1.72500E+05
14	1	1	12	0	1	3.906737E+03	3.24719E+07
14	1	1	12	2	1	4.051836E+03	3.75856E+07
14	1	1	13	0	0	9.394942E+03	1.55286E+05
14	1	1	13	0	1	8.618448E+03	2.62222E+07
14	1	1	13	2	1	9.207712E+03	3.64160E+07
14	1	1	14	0	1	2.072061E+05	5.58700E+03
14	2	0	10	1	0	1.583907E+03	8.47593E+07
14	2	0	10	3	0	1.524107E+03	2.24956E+07
14	2	0	11	1	0	2.359020E+03	6.72980E+07
14	2	0	11	3	0	2.356327E+03	2.22829E+07
14	2	0	12	1	0	4.044435E+03	5.47591E+07
14	2	0	12	3	0	4.037974E+03	2.25387E+07
14	2	0	13	1	0	9.138236E+03	4.44922E+07
14	2	0	13	3	0	9.111227E+03	2.31163E+07
14	2	1	10	1	1	1.513668E+03	8.07757E+07
14	2	1	10	3	1	1.523889E+03	2.24956E+07
14	2	1	11	1	1	2.338465E+03	6.34437E+07
14	2	1	11	3	1	2.357642E+03	2.22829E+07
14	2	1	12	1	1	4.000185E+03	5.08862E+07
14	2	1	12	3	1	4.045312E+03	2.25387E+07
14	2	1	13	1	1	8.973458E+03	4.02095E+07
14	2	1	13	3	1	9.160500E+03	2.31163E+07
14	2	1	14	1	1	7.789248E+05	4.37790E+02
14	3	0	10	2	0	1.524746E+03	1.12686E+08
14	3	0	10	4	0	1.524051E+03	1.31680E+07
14	3	0	11	2	0	2.357664E+03	8.82716E+07
14	3	0	11	4	0	2.356306E+03	1.41980E+07
14	3	0	12	2	0	4.041441E+03	7.05797E+07
14	3	0	12	4	0	4.038175E+03	1.55200E+07
14	3	0	13	2	0	9.127012E+03	5.58920E+07
14	3	0	13	4	0	9.113334E+03	1.72078E+07
14	3	1	10	2	1	1.519253E+03	1.12686E+08
14	3	1	10	4	1	1.524373E+03	1.31680E+07
14	3	1	11	2	1	2.348212E+03	8.82716E+07
14	3	1	11	4	1	2.357848E+03	1.41980E+07
14	3	1	12	2	1	4.021131E+03	7.05797E+07
14	3	1	12	4	1	4.043878E+03	1.55200E+07
14	3	1	13	2	1	9.050665E+03	5.58920E+07
14	3	1	13	4	1	9.145359E+03	1.72078E+07
14	3	1	14	2	1	1.664777E+06	5.25325E-03
14	4	0	10	3	0	1.524422E+03	1.40679E+08
14	4	0	10	5	0	1.524002E+03	7.28998E+06
14	4	0	11	3	0	2.357082E+03	1.10589E+08
14	4	0	11	5	0	2.356258E+03	8.76095E+06
14	4	0	12	3	0	4.040191E+03	8.81823E+07
14	4	0	12	5	0	4.038207E+03	1.05345E+07
14	4	0	13	3	0	9.122522E+03	6.91459E+07
14	4	0	13	5	0	9.114203E+03	1.28112E+07
14	4	1	10	3	1	1.521687E+03	1.40679E+08
14	4	1	10	5	1	1.524787E+03	7.28998E+06
14	4	1	11	3	1	2.352376E+03	1.10589E+08
14	4	1	11	5	1	2.358220E+03	8.76095E+06
14	4	1	12	3	1	4.029833E+03	8.81823E+07
14	4	1	12	5	1	4.043650E+03	1.05345E+07
14	4	1	13	3	1	9.081510E+03	6.91459E+07
14	4	1	13	5	1	9.139133E+03	1.28112E+07
14	4	1	14	3	1	2.866800E+06	1.52616E-05
14	5	0	10	4	0	1.524244E+03	1.64501E+08
14	5	0	10	6	0	1.523961E+03	3.66736E+06
14	5	0	11	4	0	2.356765E+03	1.32278E+08
14	5	0	11	6	0	2.356211E+03	5.09124E+06
14	5	0	12	4	0	4.039525E+03	1.06777E+08
14	5	0	12	6	0	4.038189E+03	6.90279E+06
14	5	0	13	4	0	9.120214E+03	8.39543E+07
14	5	0	13	6	0	9.114606E+03	9.38328E+06
14	5	1	10	4	1	1.523034E+03	1.64501E+08
14	5	1	10	6	1	1.525119E+03	3.66736E+06
14	5	1	11	4	1	2.354645E+03	1.32278E+08
14	5	1	11	6	1	2.358579E+03	5.09124E+06
14	5	1	12	4	1	4.034467E+03	1.06777E+08
14	5	1	12	6	1	4.043777E+03	6.90279E+06
14	5	1	13	4	1	9.097365E+03	8.39543E+07
14	5	1	13	6	1	9.136232E+03	9.38328E+06
14	5	1	14	4	1	4.385253E+06	2.12834E-07
14	6	0	10	5	0	1.524131E+03	1.78818E+08
14	6	0	10	7	0	1.523928E+03	1.58636E+06
14	6	0	11	5	0	2.356568E+03	1.51019E+08
14	6	0	11	7	0	2.356169E+03	2.69881E+06
14	6	0	12	5	0	4.039118E+03	1.25850E+08
14	6	0	12	7	0	4.038155E+03	4.28122E+06
14	6	0	13	5	0	9.118844E+03	1.00779E+08
14	6	0	13	7	0	9.114803E+03	6.67695E+06
14	6	1	10	5	1	1.523884E+03	1.78818E+08
14	6	1	10	7	1	1.525384E+03	1.58636E+06
14	6	1	11	5	1	2.356060E+03	1.51019E+08
14	6	1	11	7	1	2.358893E+03	2.69881E+06
14	6	1	12	5	1	4.037303E+03	1.25850E+08
14	6	1	12	7	1	4.044011E+03	4.28122E+06
14	6	1	13	5	1	9.106773E+03	1.00779E+08
14	6	1	13	7	1	9.134796E+03	6.67695E+06
14	6	1	14	5	1	6.220182E+06	7.11723E-09
14	7	0	10	6	0	1.524054E+03	1.76952E+08
14	7	0	10	8	0	1.523901E+03	5.32150E+05
14	7	0	11	6	0	2.356434E+03	1.63184E+08
14	7	0	11	8	0	2.356133E+03	1.24104E+06
14	7	0	12	6	0	4.038846E+03	1.44221E+08
14	7	0	12	8	0	4.038119E+03	2.44675E+06
14	7	0	13	6	0	9.117952E+03	1.20028E+08
14	7	0	13	8	0	9.114899E+03	4.54945E+06
14	7	1	10	6	1	1.524467E+03	1.76952E+08
14	7	1	10	8	1	1.525600E+03	5.32150E+05
14	7	1	11	6	1	2.357022E+03	1.63184E+08
14	7	1	11	8	1	2.359161E+03	1.24104E+06
14	7	1	12	6	1	4.039200E+03	1.44221E+08
14	7	1	12	8	1	4.044267E+03	2.44675E+06
14	7	1	13	6	1	9.112901E+03	1.20028E+08
14	7	1	13	8	1	9.134078E+03	4.54945E+06
14	7	1	14	6	1	8.371634E+06	4.15304E-10
14	8	0	10	7	0	1.523998E+03	1.52917E+08
14	8	0	10	9	0	1.523878E+03	1.05938E+05
14	8	0	11	7	0	2.356338E+03	1.63926E+08
14	8	0	11	9	0	2.356102E+03	4.48944E+05
14	8	0	12	7	0	4.038652E+03	1.59835E+08
14	8	0	12	9	0	4.038083E+03	1.23211E+06
14	8	0	13	7	0	9.117332E+03	1.42119E+08
14	8	0	13	9	0	9.114943E+03	2.90560E+06
14	8	1	10	7	1	1.524892E+03	1.52917E+08
14	8	1	10	9	1	1.525777E+03	1.05938E+05
14	8	1	11	7	1	2.357716E+03	1.63926E+08
14	8	1	11	9	1	2.359389E+03	4.48944E+05
14	8	1	12	7	1	4.040552E+03	1.59835E+08
14	8	1	12	9	1	4.044516E+03	1.23211E+06
14	8	1	13	7	1	9.117164E+03	1.42119E+08
14	8	1	13	9	1	9.133737E+03	2.90560E+06
14	8	1	14	7	1	1.083964E+07	3.54628E-11
14	9	0	10	8	0	1.523956E+03	1.05668E+08
14	9	0	11	8	0	2.356265E+03	1.47841E+08
14	9	0	12	8	0	4.038507E+03	1.69395E+08
14	9	0	13	8	0	9.116878E+03	1.67507E+08
14	9	1	10	8	1	1.525214E+03	1.05668E+08
14	9	1	11	8	1	2.358239E+03	1.47841E+08
14	9	1	12	8	1	4.041560E+03	1.69395E+08
14	9	1	13	8	1	9.120278E+03	1.67507E+08
14	9	1	14	8	1	1.362398E+07	3.96394E-12
15	0	0	10	1	0	1.387589E+03	7.40143E+07
15	0	0	10	1	1	1.331738E+03	1.41449E+05
15	0	0	11	1	0	1.948447E+03	6.44150E+07
15	0	0	11	1	1	1.930939E+03	1.09501E+05
15	0	0	12	1	0	2.971082E+03	5.74499E+07
15	0	0	12	1	1	2.939100E+03	8.47696E+04
15	0	0	13	1	0	5.031327E+03	5.25928E+07
15	0	0	13	1	1	4.958066E+03	6.56237E+04
15	0	0	14	1	0	1.121796E+04	4.89917E+07
15	0	0	14	1	1	1.092471E+04	5.08021E+04
15	0	1	10	1	1	1.343403E+03	7.61282E+07
15	0	1	11	1	1	1.955560E+03	6.62268E+07
15	0	1	12	1	1	2.996525E+03	5.90600E+07
15	0	1	13	1	1	5.123706E+03	5.40957E+07
15	0	1	14	1	1	1.176259E+04	5.05287E+07
15	1	0	10	0	0	1.346153E+03	3.99922E+07
15	1	0	10	2	0	1.342764E+03	2.85568E+07
15	1	0	11	0	0	1.954963E+03	3.21194E+07
15	1	0	11	2	0	1.949187E+03	2.62538E+07
15	1	0	12	0	0	2.984233E+03	2.64628E+07
15	1	0	12	2	0	2.973340E+03	2.45733E+07
15	1	0	13	0	0	5.064542E+03	2.22128E+07
15	1	0	13	2	0	5.039039E+03	2.34827E+07
15	1	0	14	0	0	1.136607E+04	1.83596E+07
15	1	0	14	2	0	1.126129E+04	2.25819E+07
15	1	0	15	2	0	6.639754E+06	8.62044E+00
15	1	1	10	0	0	1.349744E+03	1.82670E+05
15	1	1	10	0	1	1.315474E+03	3.97909E+07
15	1	1	10	2	1	1.341619E+03	3.29024E+07
15	1	1	11	0	0	1.962547E+03	1.59344E+05
15	1	1	11	0	1	1.906464E+03	3.19013E+07
15	1	1	11	2	1	1.949296E+03	3.01330E+07
15	1	1	12	0	0	3.001941E+03	1.41444E+05
15	1	1	12	0	1	2.898530E+03	2.62320E+07
15	1	1	12	2	1	2.977644E+03	2.81454E+07
15	1	1	13	0	0	5.115756E+03	1.27329E+05
15	1	1	13	0	1	4.876515E+03	2.19620E+07
15	1	1	13	2	1	5.059732E+03	2.69274E+07
15	1	1	14	0	0	1.162730E+04	1.15946E+05
15	1	1	14	0	1	1.065412E+04	1.80590E+07
15	1	1	14	2	1	1.139595E+04	2.62188E+07
15	1	1	15	0	1	2.488166E+05	3.86843E+03
15	2	0	10	1	0	1.388890E+03	6.82916E+07
15	2	0	10	3	0	1.342694E+03	1.71165E+07
15	2	0	11	1	0	1.951014E+03	5.41306E+07
15	2	0	11	3	0	1.949172E+03	1.66470E+07
15	2	0	12	1	0	2.977054E+03	4.40560E+07
15	2	0	12	3	0	2.973552E+03	1.64461E+07
15	2	0	13	1	0	5.048478E+03	3.66255E+07
15	2	0	13	3	0	5.040224E+03	1.66011E+07
15	2	0	14	1	0	1.130358E+04	3.03379E+07
15	2	0	14	3	0	1.126951E+04	1.69780E+07
15	2	1	10	1	1	1.334270E+03	6.53887E+07
15	2	1	10	3	1	1.342205E+03	1.71165E+07
15	2	1	11	1	1	1.936267E+03	5.13726E+07
15	2	1	11	3	1	1.949396E+03	1.66470E+07
15	2	1	12	1	1	2.951462E+03	4.13925E+07
15	2	1	12	3	1	2.975956E+03	1.64461E+07
15	2	1	13	1	1	4.993347E+03	3.39427E+07
15	2	1	13	3	1	5.050733E+03	1.66011E+07
15	2	1	14	1	1	1.109748E+04	2.73608E+07
15	2	1	14	3	1	1.133452E+04	1.69780E+07
15	2	1	15	1	1	9.291746E+05	3.12209E+02
15	3	0	10	2	0	1.343164E+03	9.07937E+07
15	3	0	10	4	0	1.342625E+03	9.77812E+06
15	3	0	11	2	0	1.950031E+03	7.11309E+07
15	3	0	11	4	0	1.949102E+03	1.03020E+07
15	3	0	12	2	0	2.975303E+03	5.70863E+07
15	3	0	12	4	0	2.973533E+03	1.09236E+07
15	3	0	13	2	0	5.044682E+03	4.66318E+07
15	3	0	13	4	0	5.040500E+03	1.17859E+07
15	3	0	14	2	0	1.128951E+04	3.76607E+07
15	3	0	14	4	0	1.127222E+04	1.29075E+07
15	3	1	10	2	1	1.338780E+03	9.07937E+07
15	3	1	10	4	1	1.342754E+03	9.77812E+06
15	3	1	11	2	1	1.943307E+03	7.11309E+07
15	3	1	11	4	1	1.949902E+03	1.03020E+07
15	3	1	12	2	1	2.963693E+03	5.70863E+07
15	3	1	12	4	1	2.976031E+03	1.09236E+07
15	3	1	13	2	1	5.019581E+03	4.66318E+07
15	3	1	13	4	1	5.048573E+03	1.17859E+07
15	3	1	14	2	1	1.119427E+04	3.76607E+07
15	3	1	14	4	1	1.131454E+04	1.29075E+07
15	3	1	15	2	1	1.981473E+06	3.74363E-03
15	4	0	10	3	0	1.342898E+03	1.12395E+08
15	4	0	10	5	0	1.342571E+03	5.25433E+06
15	4	0	11	3	0	1.949601E+03	8.85009E+07
15	4	0	11	5	0	1.949037E+03	6.13770E+06
15	4	0	12	3	0	2.974552E+03	7.10091E+07
15	4	0	12	5	0	2.973476E+03	7.10520E+06
15	4	0	13	3	0	5.043096E+03	5.77071E+07
15	4	0	13	5	0	5.040553E+03	8.30483E+06
15	4	0	14	3	0	1.128387E+04	4.60818E+07
15	4	0	14	5	0	1.127334E+04	9.85203E+06
15	4	1	10	3	1	1.340769E+03	1.12395E+08
15	4	1	10	5	1	1.343175E+03	5.25433E+06
15	4	1	11	3	1	1.946368E+03	8.85009E+07
15	4	1	11	5	1	1.950367E+03	6.13770E+06
15	4	1	12	3	1	2.968905E+03	7.10091E+07
15	4	1	12	5	1	2.976398E+03	7.10520E+06
15	4	1	13	3	1	5.030456E+03	5.77071E+07
15	4	1	13	5	1	5.048087E+03	8.30483E+06
15	4	1	14	3	1	1.123291E+04	4.60818E+07
15	4	1	14	5	1	1.130617E+04	9.85203E+06
15	4	1	15	3	1	3.408200E+06	1.09328E-05
15	5	0	10	4	0	1.342749E+03	1.29251E+08
15	5	0	10	6	0	1.342530E+03	2.54799E+06
15	5	0	11	4	0	1.949364E+03	1.04230E+08
15	5	0	11	6	0	1.948984E+03	3.41870E+06
15	5	0	12	4	0	2.974142E+03	8.48330E+07
15	5	0	12	6	0	2.973418E+03	4.42612E+06
15	5	0	13	4	0	5.042251E+03	6.94046E+07
15	5	0	13	6	0	5.040536E+03	5.70551E+06
15	5	0	14	4	0	1.128098E+04	5.53650E+07
15	5	0	14	6	0	1.127387E+04	7.43820E+06
15	5	1	10	4	1	1.341879E+03	1.29251E+08
15	5	1	10	6	1	1.343498E+03	2.54799E+06
15	5	1	11	4	1	1.948058E+03	1.04230E+08
15	5	1	11	6	1	1.950750E+03	3.41870E+06
15	5	1	12	4	1	2.971738E+03	8.48330E+07
15	5	1	12	6	1	2.976786E+03	4.42612E+06
15	5	1	13	4	1	5.036232E+03	6.94046E+07
15	5	1	13	6	1	5.048121E+03	5.70551E+06
15	5	1	14	4	1	1.125274E+04	5.53650E+07
15	5	1	14	6	1	1.130219E+04	7.43820E+06
15	5	1	15	4	1	5.209609E+06	1.53579E-07
15	6	0	10	5	0	1.342655E+03	1.36714E+08
15	6	0	10	7	0	1.342497E+03	1.05279E+06
15	6	0	11	5	0	1.949214E+03	1.15897E+08
15	6	0	11	7	0	1.948941E+03	1.72064E+06
15	6	0	12	5	0	2.973887E+03	9.75391E+07
15	6	0	12	7	0	2.973365E+03	2.58375E+06
15	6	0	13	5	0	5.041734E+03	8.15439E+07
15	6	0	13	7	0	5.040499E+03	3.76632E+06
15	6	0	14	5	0	1.127926E+04	6.57893E+07
15	6	0	14	7	0	1.127414E+04	5.49926E+06
15	6	1	10	5	1	1.342585E+03	1.36714E+08
15	6	1	10	7	1	1.343750E+03	1.05279E+06
15	6	1	11	5	1	1.949123E+03	1.15897E+08
15	6	1	11	7	1	1.951062E+03	1.72064E+06
15	6	1	12	5	1	2.973501E+03	9.75391E+07
15	6	1	12	7	1	2.977138E+03	2.58375E+06
15	6	1	13	5	1	5.039758E+03	8.15439E+07
15	6	1	13	7	1	5.048329E+03	3.76632E+06
15	6	1	14	5	1	1.126448E+04	6.57893E+07
15	6	1	14	7	1	1.130015E+04	5.49926E+06
15	6	1	15	5	1	7.385797E+06	5.18693E-09
15	7	0	10	6	0	1.342590E+03	1.29813E+08
15	7	0	10	8	0	1.342471E+03	3.33200E+05
15	7	0	11	6	0	1.949111E+03	1.20248E+08
15	7	0	11	8	0	1.948905E+03	7.41835E+05
15	7	0	12	6	0	2.973714E+03	1.07465E+08
15	7	0	12	8	0	2.973320E+03	1.37171E+06
15	7	0	13	6	0	5.041389E+03	9.36244E+07
15	7	0	13	8	0	5.040455E+03	2.34733E+06
15	7	0	14	6	0	1.127814E+04	7.75874E+07
15	7	0	14	8	0	1.127427E+04	3.94065E+06
15	7	1	10	6	1	1.343072E+03	1.29813E+08
15	7	1	10	8	1	1.343951E+03	3.33200E+05
15	7	1	11	6	1	1.949853E+03	1.20248E+08
15	7	1	11	8	1	1.951316E+03	7.41835E+05
15	7	1	12	6	1	2.974696E+03	1.07465E+08
15	7	1	12	8	1	2.977443E+03	1.37171E+06
15	7	1	13	6	1	5.042113E+03	9.36244E+07
15	7	1	13	8	1	5.048589E+03	2.34733E+06
15	7	1	14	6	1	1.127212E+04	7.75874E+07
15	7	1	14	8	1	1.129908E+04	3.94065E+06
15	7	1	15	6	1	9.936901E+06	3.06774E-10
15	8	0	10	7	0	1.342543E+03	1.05627E+08
15	8	0	10	9	0	1.342450E+03	6.15126E+04
15	8	0	11	7	0	1.949037E+03	1.13794E+08
15	8	0	11	9	0	1.948876E+03	2.47269E+05
15	8	0	12	7	0	2.973590E+03	1.12304E+08
15	8	0	12	9	0	2.973281E+03	6.30349E+05
15	8	0	13	7	0	5.041143E+03	1.04756E+08
15	8	0	13	9	0	5.040413E+03	1.34584E+06
15	8	0	14	7	0	1.127736E+04	9.09888E+07
15	8	0	14	9	0	1.127433E+04	2.70008E+06
15	8	1	10	7	1	1.343428E+03	1.05627E+08
15	8	1	10	9	1	1.344115E+03	6.15126E+04
15	8	1	11	7	1	1.950383E+03	1.13794E+08
15	8	1	11	9	1	1.951527E+03	2.47269E+05
15	8	1	12	7	1	2.975558E+03	1.12304E+08
15	8	1	12	9	1	2.977707E+03	6.30349E+05
15	8	1	13	7	1	5.043787E+03	1.04756E+08
15	8	1	13	9	1	5.048855E+03	1.34584E+06
15	8	1	14	7	1	1.127742E+04	9.09888E+07
15	8	1	14	9	1	1.129853E+04	2.70008E+06
15	8	1	15	7	1	1.286273E+07	2.66859E-11
15	9	0	10	8	0	1.342507E+03	6.69257E+07
15	9	0	11	8	0	1.948981E+03	9.41337E+07
15	9	0	12	8	0	2.973496E+03	1.09246E+08
15	9	0	13	8	0	5.040960E+03	1.13517E+08
15	9	0	14	8	0	1.127679E+04	1.06237E+08
15	9	1	10	8	1	1.343699E+03	6.69257E+07
15	9	1	11	8	1	1.950785E+03	9.41337E+07
15	9	1	12	8	1	2.976206E+03	1.09246E+08
15	9	1	13	8	1	5.045033E+03	1.13517E+08
15	9	1	14	8	1	1.128129E+04	1.06237E+08
15	9	1	15	8	1	1.616344E+07	3.06231E-12
11	10	0	10	9	0	4.314525E+03	1.06802E+09
11	10	1	10	9	1	4.316421E+03	1.06802E+09
11	10	1	11	9	1	9.221859E+06	6.33137E-13
12	10	0	10	9	0	2.447588E+03	2.51591E+08
12	10	0	11	9	0	5.656909E+03	5.72476E+08
12	10	1	10	9	1	2.449523E+03	2.51591E+08
12	10	1	11	9	1	5.660023E+03	5.72476E+08
12	10	1	12	9	1	1.142909E+07	7.21458E-13
12	9	0	11	10	0	5.656016E+03	8.14944E+05
12	9	1	11	10	1	5.666307E+03	8.14944E+05
13	10	0	10	9	0	1.829826E+03	9.49379E+07
13	10	0	11	9	0	3.177533E+03	2.27587E+08
13	10	0	12	9	0	7.250478E+03	3.26944E+08
13	10	1	10	9	1	1.831531E+03	9.49379E+07
13	10	1	11	9	1	3.180396E+03	2.27587E+08
13	10	1	12	9	1	7.254999E+03	3.26944E+08
13	10	1	13	9	1	1.392602E+07	6.46060E-13
13	9	0	11	10	0	3.177274E+03	2.42463E+05
13	9	0	12	10	0	7.249272E+03	1.40138E+06
13	9	1	11	10	1	3.182221E+03	2.42463E+05
13	9	1	12	10	1	7.263394E+03	1.40138E+06
14	10	0	10	9	0	1.523923E+03	4.56589E+07
14	10	0	11	9	0	2.356208E+03	1.10950E+08
14	10	0	12	9	0	4.038395E+03	1.67817E+08
14	10	0	13	9	0	9.116534E+03	1.96699E+08
14	10	1	10	9	1	1.525467E+03	4.56589E+07
14	10	1	11	9	1	2.358647E+03	1.10950E+08
14	10	1	12	9	1	4.042338E+03	1.67817E+08
14	10	1	13	9	1	9.122639E+03	1.96699E+08
14	10	1	14	9	1	1.672520E+07	5.35060E-13
14	9	0	11	10	0	2.356076E+03	9.85312E+04
14	9	0	12	10	0	4.038050E+03	4.99627E+05
14	9	0	13	10	0	9.114958E+03	1.67623E+06
14	9	1	11	10	1	2.359584E+03	9.85312E+04
14	9	1	12	10	1	4.044746E+03	4.99627E+05
14	9	1	13	10	1	9.133604E+03	1.67623E+06
15	10	0	10	9	0	1.342478E+03	2.54955E+07
15	10	0	11	9	0	1.948936E+03	6.22955E+07
15	10	0	12	9	0	2.973422E+03	9.54838E+07
15	10	0	13	9	0	5.040818E+03	1.17747E+08
15	10	0	14	9	0	1.127636E+04	1.23598E+08
15	10	1	10	9	1	1.343912E+03	2.54955E+07
15	10	1	11	9	1	1.951100E+03	6.22955E+07
15	10	1	12	9	1	2.976712E+03	9.54838E+07
15	10	1	13	9	1	5.045995E+03	1.17747E+08
15	10	1	14	9	1	1.128421E+04	1.23598E+08
15	10	1	15	9	1	1.983891E+07	4.29832E-13
15	9	0	11	10	0	1.948851E+03	4.87742E+04
15	9	0	12	10	0	2.973248E+03	2.27448E+05
15	9	0	13	10	0	5.040373E+03	6.79055E+05
15	9	0	14	10	0	1.127436E+04	1.73249E+06
15	9	1	11	10	1	1.951705E+03	4.87742E+04
15	9	1	12	10	1	2.977934E+03	2.27448E+05
15	9	1	13	10	1	5.049108E+03	6.79055E+05
15	9	1	14	10	1	1.129826E+04	1.73249E+06
12	11	0	11	10	0	5.656753E+03	6.85672E+08
12	11	1	11	10	1	5.661170E+03	6.85672E+08
12	11	1	12	10	1	1.376898E+07	7.33134E-14
13	10	0	12	11	0	7.249268E+03	4.50352E+05
13	10	1	12	11	1	7.263437E+03	4.50352E+05
13	11	0	11	10	0	3.177466E+03	1.53291E+08
13	11	0	12	10	0	7.250270E+03	3.86802E+08
13	11	1	11	10	1	3.180890E+03	1.53291E+08
13	11	1	12	10	1	7.256467E+03	3.86802E+08
13	11	1	13	10	1	1.677430E+07	8.73699E-14
13	12	0	12	11	0	7.250103E+03	4.56398E+08
13	12	1	12	11	1	7.257644E+03	4.56398E+08
13	12	1	13	11	1	1.988625E+07	1.02798E-14
14	10	0	12	11	0	4.038020E+03	1.27431E+05
14	10	0	13	11	0	9.114957E+03	8.08457E+05
14	10	1	12	11	1	4.044956E+03	1.27431E+05
14	10	1	13	11	1	9.133590E+03	8.08457E+05
14	11	0	11	10	0	2.356163E+03	5.54687E+07
14	11	0	12	10	0	4.038307E+03	1.47456E+08
14	11	0	13	10	0	9.116266E+03	2.30268E+08
14	11	0	13	12	0	9.114947E+03	2.60724E+05
14	11	1	11	10	1	2.358974E+03	5.54687E+07
14	11	1	12	10	1	4.042957E+03	1.47456E+08
14	11	1	13	10	1	9.124484E+03	2.30268E+08
14	11	1	13	12	1	9.133643E+03	2.60724E+05
14	11	1	14	10	1	2.014261E+07	8.12623E-14
14	12	0	12	11	0	4.038234E+03	9.70115E+07
14	12	0	13	11	0	9.116050E+03	2.68870E+08
14	12	1	12	11	1	4.043459E+03	9.70115E+07
14	12	1	13	11	1	9.125960E+03	2.68870E+08
14	12	1	14	11	1	2.387661E+07	1.27279E-14
14	13	0	13	12	0	9.115875E+03	3.13252E+08
14	13	1	13	12	1	9.127167E+03	3.13252E+08
14	13	1	14	12	1	2.792750E+07	1.69146E-15
15	10	0	12	11	0	2.973219E+03	4.97057E+04
15	10	0	13	11	0	5.040336E+03	2.75608E+05
15	10	0	14	11	0	1.127436E+04	1.00342E+06
15	10	1	12	11	1	2.978131E+03	4.97057E+04
15	10	1	13	11	1	5.049343E+03	2.75608E+05
15	10	1	14	11	1	1.129817E+04	1.00342E+06
15	11	0	11	10	0	1.948901E+03	2.57828E+07
15	11	0	12	10	0	2.973364E+03	6.94766E+07
15	11	0	13	10	0	5.040706E+03	1.14243E+08
15	11	0	13	12	0	5.040303E+03	7.02892E+04
15	11	0	14	10	0	1.127603E+04	1.43372E+08
15	11	0	14	12	0	1.127435E+04	4.85597E+05
15	11	1	11	10	1	1.951353E+03	2.57828E+07
15	11	1	12	10	1	2.977116E+03	6.94766E+07
15	11	1	13	10	1	5.046757E+03	1.14243E+08
15	11	1	13	12	1	5.049558E+03	7.02892E+04
15	11	1	14	10	1	1.128650E+04	1.43372E+08
15	11	1	14	12	1	1.129817E+04	4.85597E+05
15	11	1	15	10	1	2.388915E+07	6.95215E-14
15	12	0	12	11	0	2.973316E+03	3.36856E+07
15	12	0	13	11	0	5.040615E+03	9.83571E+07
15	12	0	14	11	0	1.127576E+04	1.65894E+08
15	12	0	14	13	0	1.127434E+04	1.57059E+05
15	12	1	12	11	1	2.977447E+03	3.36856E+07
15	12	1	13	11	1	5.047376E+03	9.83571E+07
15	12	1	14	11	1	1.128832E+04	1.65894E+08
15	12	1	14	13	1	1.129823E+04	1.57059E+05
15	12	1	15	11	1	2.831498E+07	1.22319E-14
15	13	0	13	12	0	5.040539E+03	6.34247E+07
15	13	0	14	12	0	1.127554E+04	1.91543E+08
15	13	1	13	12	1	5.047888E+03	6.34247E+07
15	13	1	14	12	1	1.128981E+04	1.91543E+08
15	13	1	15	12	1	3.311478E+07	2.16443E-15
15	14	0	14	13	0	1.127535E+04	2.20748E+08
15	14	1	14	13	1	1.129105E+04	2.20748E+08
15	14	1	15	13	1	3.828924E+07	3.18780E-16
100	0	0	0	0	0	1.0	1.0
