2	0	1	1	0	0	4.147190E+01	4.85700E+01
2	1	0	1	0	0	4.026782E+01	8.87300E+11
2	1	0	2	0	0	3.527673E+03	1.66300E+07
2	1	0	2	0	1	1.386932E+03	7.21238E+03
2	1	1	1	0	0	4.072931E+01	2.58738E+07
2	1	1	2	0	1	2.274640E+03	1.85383E+08
3	0	0	2	1	0	2.718816E+02	5.69900E+09
3	0	0	2	1	1	2.525598E+02	3.59254E+05
3	0	1	2	0	1	2.334798E+02	2.25000E-02
3	0	1	2	1	1	2.601866E+02	6.70066E+09
3	1	0	1	0	0	3.497276E+01	2.55400E+11
3	1	0	2	0	0	2.473147E+02	1.27800E+10
3	1	0	2	1	0	2.659604E+02	3.66988E+05
3	1	0	3	0	0	1.221210E+04	2.41100E+06
3	1	0	3	2	0	5.439809E+04	3.43800E+04
3	1	1	1	0	0	3.507014E+01	8.24715E+06
3	1	1	2	0	0	2.522686E+02	5.43862E+05
3	1	1	2	0	1	2.271916E+02	1.36300E+10
3	1	1	2	1	1	2.524015E+02	4.07788E+05
3	1	1	3	0	1	8.435552E+03	6.89800E+06
3	2	0	2	1	0	2.672671E+02	3.94700E+10
3	2	1	2	1	1	2.487083E+02	6.01367E+10
3	2	1	3	1	1	1.699721E+04	5.08300E+05
4	0	0	2	1	0	1.980695E+02	2.29200E+09
4	0	0	2	1	1	1.876130E+02	1.46797E+05
4	0	0	3	1	0	7.759300E+02	1.56500E+09
4	0	0	3	1	1	7.308990E+02	3.78806E+04
4	0	1	2	1	1	1.892826E+02	2.60410E+09
4	0	1	3	1	1	7.569077E+02	5.99300E+08
4	1	0	1	0	0	3.342623E+01	1.06400E+11
4	1	0	2	0	0	1.863457E+02	5.76800E+09
4	1	0	2	1	0	1.967382E+02	1.58554E+05
4	1	0	3	0	0	7.118329E+02	1.66400E+09
4	1	0	3	2	0	7.455337E+02	1.95600E+08
4	1	0	4	0	0	2.927229E+04	5.93600E+05
4	1	0	4	2	0	1.364443E+05	9.37300E+03
4	1	1	1	0	0	3.346309E+01	3.60459E+06
4	1	1	2	0	0	1.874970E+02	2.37706E+05
4	1	1	2	0	1	1.732813E+02	6.18700E+09
4	1	1	2	1	1	1.875704E+02	1.73854E+05
4	1	1	3	0	0	7.289294E+02	7.12721E+04
4	1	1	3	0	1	6.720715E+02	1.67300E+09
4	1	1	3	2	1	7.630338E+02	2.92700E+06
4	1	1	4	0	1	2.073570E+04	1.58600E+06
4	2	0	2	1	0	1.970223E+02	1.23200E+10
4	2	0	3	1	0	7.601043E+02	4.42300E+09
4	2	1	2	1	1	1.867224E+02	2.35433E+10
4	2	1	3	1	1	7.175647E+02	4.31600E+09
4	2	1	4	1	1	4.130274E+04	5.74543E+04
4	3	0	3	2	0	7.496662E+02	6.00500E+09
4	3	1	3	2	1	7.484375E+02	8.60810E+09
4	3	1	4	2	1	7.420967E+05	2.80381E+01
5	0	0	2	1	0	1.760850E+02	1.14100E+09
5	0	0	2	1	1	1.677722E+02	7.33213E+04
5	0	0	3	1	0	5.210727E+02	7.53900E+08
5	0	0	3	1	1	5.003702E+02	1.89204E+04
5	0	0	4	1	0	1.677346E+03	5.36100E+08
5	0	0	4	1	1	1.589499E+03	1.46470E+04
5	0	1	2	1	1	1.684357E+02	1.27607E+09
5	0	1	3	1	1	5.063181E+02	2.83400E+08
5	0	1	4	1	1	1.651113E+03	6.07700E+08
5	1	0	1	0	0	3.275420E+01	5.42000E+10
5	1	0	2	0	0	1.672189E+02	3.00100E+09
5	1	0	2	1	0	1.755399E+02	8.12537E+04
5	1	0	3	0	0	4.953830E+02	9.32300E+08
5	1	0	3	2	0	5.114731E+02	8.45500E+07
5	1	0	4	0	0	1.543262E+03	3.89700E+08
5	1	0	4	2	0	1.609930E+03	1.07800E+08
5	1	0	5	0	0	5.670220E+04	1.95900E+05
5	1	0	5	2	0	2.669514E+05	3.30000E+03
5	1	1	1	0	0	3.277239E+01	1.89690E+06
5	1	1	2	0	0	1.676942E+02	1.25092E+05
5	1	1	2	0	1	1.562310E+02	3.22300E+09
5	1	1	2	1	1	1.677529E+02	8.85794E+04
5	1	1	3	0	0	4.995774E+02	3.75067E+04
5	1	1	3	0	1	4.721985E+02	9.48300E+08
5	1	1	3	2	1	5.153644E+02	1.24800E+06
5	1	1	4	0	0	1.584712E+03	1.82923E+04
5	1	1	4	0	1	1.474833E+03	3.82100E+08
5	1	1	4	2	1	1.651241E+03	1.53000E+08
5	1	1	5	0	1	4.138274E+04	5.08700E+05
5	2	0	2	1	0	1.756554E+02	5.57900E+09
5	2	0	3	1	0	5.173284E+02	2.10100E+09
5	2	0	4	1	0	1.639156E+03	9.43900E+08
5	2	0	4	3	0	1.619528E+03	2.14900E+07
5	2	1	2	1	1	1.674042E+02	7.10333E+09
5	2	1	3	1	1	4.971106E+02	1.62400E+09
5	2	1	4	1	1	1.557066E+03	8.79400E+08
5	2	1	4	3	1	1.621601E+03	3.15137E+07
5	2	1	5	1	1	8.053475E+04	1.92515E+04
5	3	0	3	2	0	5.124972E+02	2.10100E+09
5	3	0	4	2	0	1.620121E+03	1.17600E+09
5	3	1	3	2	1	5.119237E+02	2.83575E+09
5	3	1	4	2	1	1.616432E+03	1.61350E+09
5	3	1	5	2	1	1.601709E+06	8.31198E+00
5	4	0	4	3	0	1.619790E+03	2.65597E+09
5	4	0	5	3	0	1.639344E+07	4.13904E-03
5	4	1	4	3	1	1.619800E+03	2.65597E+09
5	4	1	5	3	1	1.639344E+07	4.13904E-03
6	0	0	2	1	0	1.656803E+02	6.61300E+08
6	0	0	2	1	1	1.583003E+02	4.15812E+04
6	0	0	3	1	0	4.394133E+02	4.27200E+08
6	0	0	3	1	1	4.245989E+02	1.07299E+04
6	0	0	4	1	0	1.049512E+03	2.95400E+08
6	0	0	4	1	1	1.014433E+03	8.30648E+03
6	0	0	5	1	0	2.949787E+03	2.23400E+08
6	0	0	5	1	1	2.809337E+03	6.43040E+03
6	0	1	2	1	1	1.590266E+02	7.32400E+08
6	0	1	3	1	1	4.298646E+02	1.56300E+08
6	0	1	4	1	1	1.045016E+03	3.29100E+08
6	0	1	5	1	1	3.057110E+03	2.49500E+08
6	1	0	1	0	0	3.239980E+01	3.18600E+10
6	1	0	2	0	0	1.583748E+02	1.74800E+09
6	1	0	2	1	0	1.658193E+02	4.69272E+04
6	1	0	3	0	0	4.250634E+02	5.53800E+08
6	1	0	3	2	0	4.368554E+02	4.42800E+07
6	1	0	4	0	0	1.018405E+03	2.51400E+08
6	1	0	4	2	0	1.047016E+03	5.41300E+07
6	1	0	5	0	0	2.844254E+03	1.28800E+08
6	1	0	5	2	0	2.961243E+03	5.54100E+07
6	1	0	6	2	0	4.000000E+05	1.22028E+02
6	1	1	1	0	0	3.241026E+01	1.12264E+06
6	1	1	2	0	0	1.586250E+02	7.40330E+04
6	1	1	2	0	1	1.483301E+02	1.90600E+09
6	1	1	2	1	1	1.586776E+02	5.09342E+04
6	1	1	3	0	0	4.268706E+02	2.21975E+04
6	1	1	3	0	1	4.067202E+02	5.73800E+08
6	1	1	3	2	1	4.383440E+02	6.52000E+05
6	1	1	4	0	0	1.028840E+03	1.08259E+04
6	1	1	4	0	1	9.813720E+02	2.49300E+08
6	1	1	4	2	1	1.056475E+03	7.67900E+07
6	1	1	5	0	0	2.927173E+03	6.63211E+03
6	1	1	5	0	1	2.738949E+03	1.24000E+08
6	1	1	5	2	1	3.043937E+03	7.73200E+07
6	1	1	6	0	1	7.229322E+04	1.44505E+05
6	2	0	2	1	0	1.658880E+02	3.06200E+09
6	2	0	3	1	0	4.408775E+02	1.16900E+09
6	2	0	4	1	0	1.057903E+03	5.46800E+08
6	2	0	4	3	0	1.049692E+03	9.23800E+06
6	2	0	5	1	0	3.017046E+03	2.90500E+08
6	2	0	5	3	0	2.981897E+03	1.79400E+07
6	2	1	2	1	1	1.585019E+02	3.93734E+09
6	2	1	3	1	1	4.260520E+02	5.07300E+08
6	2	1	4	1	1	1.022767E+03	5.37000E+08
6	2	1	4	3	1	1.050220E+03	1.33914E+07
6	2	1	5	1	1	2.874196E+03	2.64000E+08
6	2	1	5	3	1	2.986126E+03	2.43982E+07
6	2	1	6	1	1	1.431753E+05	7.87908E+03
6	3	0	3	2	0	4.373388E+02	1.02600E+09
6	3	0	4	2	0	1.049797E+03	6.06100E+08
6	3	0	5	2	0	2.983596E+03	3.39100E+08
6	3	0	5	4	0	2.982706E+03	7.10028E+06
6	3	1	3	2	1	4.369211E+02	1.33981E+09
6	3	1	4	2	1	1.048247E+03	8.03487E+08
6	3	1	5	2	1	2.976622E+03	4.51543E+08
6	3	1	5	4	1	2.982706E+03	7.10028E+06
6	3	1	6	2	1	2.247191E+06	1.29895E-01
6	4	0	4	3	0	1.049686E+03	8.57053E+08
6	4	0	5	3	0	2.981844E+03	6.90306E+08
6	4	0	6	3	0	2.777778E+07	2.90274E-04
6	4	1	4	3	1	1.049690E+03	8.57053E+08
6	4	1	5	3	1	2.981844E+03	6.90306E+08
6	4	1	6	3	1	2.777778E+07	2.90274E-04
6	5	0	5	4	0	2.982279E+03	1.02690E+09
6	5	0	6	4	0	8.333333E+07	2.34346E-06
6	5	1	5	4	1	2.982279E+03	1.02690E+09
6	5	1	6	4	1	8.333333E+07	2.34346E-06
7	0	0	2	1	0	1.604793E+02	3.47571E+08
7	0	0	2	1	1	1.535457E+02	2.57410E+04
7	0	0	3	1	0	4.046329E+02	2.47863E+08
7	0	0	3	1	1	3.920373E+02	6.64240E+03
7	0	0	4	1	0	8.707482E+02	1.73040E+08
7	0	0	4	1	1	8.464629E+02	5.14216E+03
7	0	0	5	1	0	1.870482E+03	1.27895E+08
7	0	0	5	1	1	1.813006E+03	3.98076E+03
7	0	0	6	1	0	4.983264E+03	1.03362E+08
7	0	0	6	1	1	4.747636E+03	3.08168E+03
7	0	1	2	1	1	1.538860E+02	3.77629E+08
7	0	1	3	1	1	3.942633E+02	9.59000E+07
7	0	1	4	1	1	8.569090E+02	1.88464E+08
7	0	1	5	1	1	1.861614E+03	1.39028E+08
7	0	1	6	1	1	5.096075E+03	1.12731E+08
7	1	0	1	0	0	3.219014E+01	1.75583E+10
7	1	0	2	0	0	1.534883E+02	1.10000E+09
7	1	0	2	1	0	1.604703E+02	3.15588E+04
7	1	0	3	0	0	3.916025E+02	3.53000E+08
7	1	0	3	2	0	4.015892E+02	2.47076E+07
7	1	0	4	0	0	8.453457E+02	1.61859E+08
7	1	0	4	2	0	8.649659E+02	3.09000E+07
7	1	0	5	0	0	1.809608E+03	8.70760E+07
7	1	0	5	2	0	1.856266E+03	3.06000E+07
7	1	0	6	0	0	5.103019E+03	5.02227E+07
7	1	0	6	2	0	4.913522E+03	2.94455E+07
7	1	0	7	0	0	2.870954E+06	3.80586E+04
7	1	0	7	2	0	7.462687E+05	6.31921E+01
7	1	1	1	0	0	3.219634E+01	7.20502E+05
7	1	1	2	0	0	1.536293E+02	4.75138E+04
7	1	1	2	0	1	1.439529E+02	1.16861E+09
7	1	1	2	1	1	1.536786E+02	3.41972E+04
7	1	1	3	0	0	3.925217E+02	1.42462E+04
7	1	1	3	0	1	3.754188E+02	3.97834E+08
7	1	1	3	2	1	4.022020E+02	3.84000E+05
7	1	1	4	0	0	8.496408E+02	6.94796E+03
7	1	1	4	0	1	8.170061E+02	1.65400E+08
7	1	1	4	2	1	8.683996E+02	4.32175E+07
7	1	1	5	0	0	1.829404E+03	4.25643E+03
7	1	1	5	0	1	1.754069E+03	8.60602E+07
7	1	1	5	2	1	1.874339E+03	4.18674E+07
7	1	1	6	0	0	5.263645E+03	2.96452E+03
7	1	1	6	0	1	4.569716E+03	4.90794E+07
7	1	1	6	2	1	5.050122E+03	4.07171E+07
7	1	1	7	0	1	1.140251E+05	6.35609E+04
7	2	0	2	1	0	1.605048E+02	1.84000E+09
7	2	0	3	1	0	4.047954E+02	7.06000E+08
7	2	0	4	1	0	8.715007E+02	3.33000E+08
7	2	0	4	3	0	8.659208E+02	7.01687E+06
7	2	0	5	1	0	1.873958E+03	1.83000E+08
7	2	0	5	3	0	1.860337E+03	1.19371E+07
7	2	0	6	1	0	5.008013E+03	1.09000E+08
7	2	0	6	3	0	4.945354E+03	1.57568E+07
7	2	1	2	1	1	1.535750E+02	3.19244E+09
7	2	1	3	1	1	3.922285E+02	7.51000E+08
7	2	1	4	1	1	8.473547E+02	3.33149E+08
7	2	1	4	3	1	8.661125E+02	7.01687E+06
7	2	1	5	1	1	1.817102E+03	1.72677E+08
7	2	1	5	3	1	1.861208E+03	1.19371E+07
7	2	1	6	1	1	4.775826E+03	9.68816E+07
7	2	1	6	3	1	4.951515E+03	1.57568E+07
7	2	1	7	1	1	2.278735E+05	3.70200E+03
7	3	0	3	2	0	4.021340E+02	7.53583E+08
7	3	0	4	2	0	8.674974E+02	4.58244E+08
7	3	0	5	2	0	1.867964E+03	2.70403E+08
7	3	0	5	4	0	1.867615E+03	2.90373E+06
7	3	0	6	2	0	4.996347E+03	1.61956E+08
7	3	0	6	4	0	4.996497E+03	6.93138E+06
7	3	1	3	2	1	4.016800E+02	7.53583E+08
7	3	1	4	2	1	8.659700E+02	4.58244E+08
7	3	1	5	2	1	1.863057E+03	2.70403E+08
7	3	1	5	4	1	1.865439E+03	2.90373E+06
7	3	1	6	2	1	4.969046E+03	1.61956E+08
7	3	1	6	4	1	4.980951E+03	6.93138E+06
7	4	0	4	3	0	8.659178E+02	4.03214E+08
7	4	0	5	3	0	1.860323E+03	3.42226E+08
7	4	0	6	3	0	4.945256E+03	2.34971E+08
7	4	0	6	5	0	4.946430E+03	2.09404E+06
7	4	0	7	3	0	4.907336E+05	1.62801E-04
7	4	1	4	3	1	8.659208E+02	4.03214E+08
7	4	1	5	3	1	1.860323E+03	3.42226E+08
7	4	1	6	3	1	4.945256E+03	2.34971E+08
7	4	1	6	5	1	4.946430E+03	2.09404E+06
7	4	1	7	3	1	7.076598E+05	1.62801E-04
7	5	0	5	4	0	1.860507E+03	3.17596E+08
7	5	0	6	4	0	4.945941E+03	3.32311E+08
7	5	0	7	4	0	1.250000E+08	1.73798E-06
7	5	1	5	4	1	1.860507E+03	3.17596E+08
7	5	1	6	4	1	4.945941E+03	3.32311E+08
7	5	1	7	4	1	1.250000E+08	1.73798E-06
7	6	0	6	5	0	4.946137E+03	4.62482E+08
7	6	0	7	5	0	2.500000E+08	3.36447E-08
7	6	1	6	5	1	4.946137E+03	4.62482E+08
7	6	1	7	5	1	2.500000E+08	3.36447E-08
8	0	0	2	1	0	1.572602E+02	2.17655E+08
8	0	0	2	1	1	1.505962E+02	1.69908E+04
8	0	0	3	1	0	3.847739E+02	1.58600E+08
8	0	0	3	1	1	3.733669E+02	4.38442E+03
8	0	0	4	1	0	7.837048E+02	1.10910E+08
8	0	0	4	1	1	7.639772E+02	3.39416E+03
8	0	0	5	1	0	1.510176E+03	8.12427E+07
8	0	0	5	1	1	1.472487E+03	2.62756E+03
8	0	0	6	1	0	3.046694E+03	6.43359E+07
8	0	0	6	1	1	2.956970E+03	2.03411E+03
8	0	0	7	1	0	7.861350E+03	5.32555E+07
8	0	0	7	1	1	7.508374E+03	1.57469E+03
8	0	1	2	1	1	1.507384E+02	2.35579E+08
8	0	1	3	1	1	3.742422E+02	6.27000E+07
8	0	1	4	1	1	7.676512E+02	1.20432E+08
8	0	1	5	1	1	1.486197E+03	8.79615E+07
8	0	1	6	1	1	3.012779E+03	6.95549E+07
8	0	1	7	1	1	7.878979E+03	5.77833E+07
8	1	0	1	0	0	3.205520E+01	1.16066E+10
8	1	0	2	0	0	1.504679E+02	7.68817E+08
8	1	0	2	1	0	1.571719E+02	2.20387E+04
8	1	0	3	0	0	3.725241E+02	2.38000E+08
8	1	0	3	2	0	3.815502E+02	1.49038E+07
8	1	0	4	0	0	7.611926E+02	1.09727E+08
8	1	0	4	2	0	7.770642E+02	1.94000E+07
8	1	0	5	0	0	1.463302E+03	5.98417E+07
8	1	0	5	2	0	1.493661E+03	1.87000E+07
8	1	0	6	0	0	3.060515E+03	3.65393E+07
8	1	0	6	2	0	2.991325E+03	1.75775E+07
8	1	0	7	0	0	7.626118E+03	2.30350E+07
8	1	0	7	2	0	7.568877E+03	1.66164E+07
8	1	0	8	0	0	2.796906E+05	1.93209E+04
8	1	0	8	2	0	1.123596E+06	3.57351E+01
8	1	1	1	0	0	3.205925E+01	4.90673E+05
8	1	1	2	0	0	1.505572E+02	3.23576E+04
8	1	1	2	0	1	1.412522E+02	7.95207E+08
8	1	1	2	1	1	1.506045E+02	2.38547E+04
8	1	1	3	0	0	3.730720E+02	9.70189E+03
8	1	1	3	0	1	3.575886E+02	2.78450E+08
8	1	1	3	2	1	3.818060E+02	2.47000E+07
8	1	1	4	0	0	7.634835E+02	4.73167E+03
8	1	1	4	0	1	7.370288E+02	1.16619E+08
8	1	1	4	2	1	7.785970E+02	2.64581E+07
8	1	1	5	0	0	1.471792E+03	2.89870E+03
8	1	1	5	0	1	1.422635E+03	5.94541E+07
8	1	1	5	2	1	1.500737E+03	2.53051E+07
8	1	1	6	0	0	3.097889E+03	2.01889E+03
8	1	1	6	0	1	2.843737E+03	3.60986E+07
8	1	1	6	2	1	3.022673E+03	2.38567E+07
8	1	1	7	0	0	7.862481E+03	1.52413E+03
8	1	1	7	0	1	7.062745E+03	2.23403E+07
8	1	1	7	2	1	7.786367E+03	2.26410E+07
8	1	1	8	0	1	1.695490E+05	3.12039E+04
8	2	0	2	1	0	1.571939E+02	1.20000E+09
8	2	0	3	1	0	3.843768E+02	4.63000E+08
8	2	0	4	1	0	7.820589E+02	2.20000E+08
8	2	0	4	3	0	7.775627E+02	4.18691E+06
8	2	0	5	1	0	1.504076E+03	1.22000E+08
8	2	0	5	3	0	1.495289E+03	6.79504E+06
8	2	0	6	1	0	3.021970E+03	7.47200E+07
8	2	0	6	3	0	2.999040E+03	8.50279E+06
8	2	0	7	1	0	7.698822E+03	4.88066E+07
8	2	0	7	3	0	7.503915E+03	9.94618E+06
8	2	1	2	1	1	1.505375E+02	1.19801E+09
8	2	1	3	1	1	3.730064E+02	2.07000E+08
8	2	1	4	1	1	7.624694E+02	2.20742E+08
8	2	1	4	3	1	7.776237E+02	4.18691E+06
8	2	1	5	1	1	1.466897E+03	1.17257E+08
8	2	1	5	3	1	1.495506E+03	6.79504E+06
8	2	1	6	1	1	2.934510E+03	6.98719E+07
8	2	1	6	3	1	2.999913E+03	8.50279E+06
8	2	1	7	1	1	7.365235E+03	4.23070E+07
8	2	1	7	3	1	7.544772E+03	9.94618E+06
8	2	1	8	1	1	3.384095E+05	1.92431E+03
8	3	0	3	2	0	3.823888E+02	4.70663E+08
8	3	0	4	2	0	7.805504E+02	2.87850E+08
8	3	0	5	2	0	1.506595E+03	1.71911E+08
8	3	0	5	4	0	1.506368E+03	1.49111E+06
8	3	0	6	2	0	3.043656E+03	1.07740E+08
8	3	0	6	4	0	3.043712E+03	3.26945E+06
8	3	0	7	2	0	7.913131E+03	6.87427E+07
8	3	0	7	4	0	7.913381E+03	5.28729E+06
8	3	1	3	2	1	3.819654E+02	4.70663E+08
8	3	1	4	2	1	7.792598E+02	2.87850E+08
8	3	1	5	2	1	1.503202E+03	1.71911E+08
8	3	1	5	4	1	1.504752E+03	1.49111E+06
8	3	1	6	2	1	3.032688E+03	1.07740E+08
8	3	1	6	4	1	3.037119E+03	3.26945E+06
8	3	1	7	2	1	7.853173E+03	6.87427E+07
8	3	1	7	4	1	7.868968E+03	5.28729E+06
8	4	0	4	3	0	7.806031E+02	2.27437E+08
8	4	0	5	3	0	1.506574E+03	1.95708E+08
8	4	0	6	3	0	3.044781E+03	1.41234E+08
8	4	0	6	5	0	3.045226E+03	8.15156E+05
8	4	0	7	3	0	7.796991E+03	9.58943E+07
8	4	0	7	5	0	7.923376E+03	2.40717E+06
8	4	1	4	3	1	7.797238E+02	2.27437E+08
8	4	1	5	3	1	1.503293E+03	1.95708E+08
8	4	1	6	3	1	3.031411E+03	1.41234E+08
8	4	1	6	5	1	3.031852E+03	8.15156E+05
8	4	1	7	3	1	7.747222E+03	9.58943E+07
8	4	1	7	5	1	7.833465E+03	2.40717E+06
8	4	1	8	3	1	1.712430E+06	9.29896E-05
8	5	0	5	4	0	1.506942E+03	1.45982E+08
8	5	0	6	4	0	3.046055E+03	1.60942E+08
8	5	0	7	4	0	7.929238E+03	1.30599E+08
8	5	0	7	6	0	7.929992E+03	7.42921E+05
8	5	1	5	4	1	1.502550E+03	1.45982E+08
8	5	1	6	4	1	3.028162E+03	1.60942E+08
8	5	1	7	4	1	7.809125E+03	1.30599E+08
8	5	1	7	6	1	7.809857E+03	7.42921E+05
8	5	1	8	4	1	2.564817E+06	1.10906E-06
8	6	0	6	5	0	3.046839E+03	1.35828E+08
8	6	0	7	5	0	7.934305E+03	1.75190E+08
8	6	1	6	5	1	3.025717E+03	1.35828E+08
8	6	1	7	5	1	7.792641E+03	1.75190E+08
8	6	1	8	5	1	3.585824E+06	2.84568E-08
8	7	0	7	6	0	7.937990E+03	2.32548E+08
8	7	1	7	6	1	7.780188E+03	2.32548E+08
8	7	1	8	6	1	4.775467E+06	9.68222E-10
9	0	0	2	1	0	1.551138E+02	1.43211E+08
9	0	0	2	1	1	1.486267E+02	1.17782E+04
9	0	0	3	1	0	3.721730E+02	1.06719E+08
9	0	0	3	1	1	3.614905E+02	3.03932E+03
9	0	0	4	1	0	7.331463E+02	7.49909E+07
9	0	0	4	1	1	7.158538E+02	2.35287E+03
9	0	0	5	1	0	1.333034E+03	5.47129E+07
9	0	0	5	1	1	1.303583E+03	1.82145E+03
9	0	0	6	1	0	2.402586E+03	4.26721E+07
9	0	0	6	1	1	2.346439E+03	1.41006E+03
9	0	0	7	1	0	4.646878E+03	3.47045E+07
9	0	0	7	1	1	4.521240E+03	1.09159E+03
9	0	0	8	1	0	1.184578E+04	2.96300E+07
9	0	0	8	1	1	1.131730E+04	8.45045E+02
9	0	1	2	1	1	1.487951E+02	1.54508E+08
9	0	1	3	1	1	3.624885E+02	1.15897E+08
9	0	1	4	1	1	7.197782E+02	8.12483E+07
9	0	1	5	1	1	1.316655E+03	5.90848E+07
9	0	1	6	1	1	2.389136E+03	4.59603E+07
9	0	1	7	1	1	4.682484E+03	3.73382E+07
9	0	1	8	1	1	1.238484E+04	3.20199E+07
9	1	0	1	0	0	3.196972E+01	8.05627E+09
9	1	0	2	0	0	1.486030E+02	5.47071E+08
9	1	0	2	1	0	1.551382E+02	1.59181E+04
9	1	0	3	0	0	3.612984E+02	1.70702E+08
9	1	0	3	2	0	3.697826E+02	9.49055E+06
9	1	0	4	0	0	7.157515E+02	7.74709E+07
9	1	0	4	2	0	7.297672E+02	1.19218E+07
9	1	0	5	0	0	1.304136E+03	4.24591E+07
9	1	0	5	2	0	1.328196E+03	1.18170E+07
9	1	0	6	0	0	2.438148E+03	2.62186E+07
9	1	0	6	2	0	2.394034E+03	1.12214E+07
9	1	0	7	0	0	4.661281E+03	1.74466E+07
9	1	0	7	2	0	4.639833E+03	1.05047E+07
9	1	0	8	0	0	1.149685E+04	1.17331E+07
9	1	0	8	2	0	1.186310E+04	9.87570E+06
9	1	0	9	2	0	2.786956E+06	2.16135E+01
9	1	1	1	0	0	3.197186E+01	3.49644E+05
9	1	1	2	0	0	1.486491E+02	2.30574E+04
9	1	1	2	0	1	1.395714E+02	5.66249E+08
9	1	1	2	1	1	1.486953E+02	1.72161E+04
9	1	1	3	0	0	3.615713E+02	6.91338E+03
9	1	1	3	0	1	3.470092E+02	2.03267E+08
9	1	1	3	2	1	3.697693E+02	1.44650E+07
9	1	1	4	0	0	7.168232E+02	3.37170E+03
9	1	1	4	0	1	6.934538E+02	8.56847E+07
9	1	1	4	2	1	7.301297E+02	1.72236E+07
9	1	1	5	0	0	1.307699E+03	2.06556E+03
9	1	1	5	0	1	1.268747E+03	4.22884E+07
9	1	1	5	2	1	1.330499E+03	1.64273E+07
9	1	1	6	0	0	2.450629E+03	1.43862E+03
9	1	1	6	0	1	2.288811E+03	2.60015E+07
9	1	1	6	2	1	2.403320E+03	1.51819E+07
9	1	1	7	0	0	4.707112E+03	1.08606E+03
9	1	1	7	0	1	4.408274E+03	1.71114E+07
9	1	1	7	2	1	4.679725E+03	1.40251E+07
9	1	1	8	0	0	1.177974E+04	8.65846E+02
9	1	1	8	0	1	1.097019E+04	1.13144E+07
9	1	1	8	2	1	1.215020E+04	1.33068E+07
9	1	1	9	0	1	2.215198E+05	1.66598E+04
9	2	0	2	1	0	1.551468E+02	4.21183E+08
9	2	0	3	1	0	3.723632E+02	2.85748E+08
9	2	0	4	1	0	7.338845E+02	1.47869E+08
9	2	0	4	3	0	7.299237E+02	2.72123E+06
9	2	0	5	1	0	1.335477E+03	8.34976E+07
9	2	0	5	3	0	1.328545E+03	4.28483E+06
9	2	0	6	1	0	2.410532E+03	5.25046E+07
9	2	0	6	3	0	2.395920E+03	5.14944E+06
9	2	0	7	1	0	4.676696E+03	3.50832E+07
9	2	0	7	3	0	4.604053E+03	5.77027E+06
9	2	0	8	1	0	1.204149E+04	2.42136E+07
9	2	0	8	3	0	1.126203E+04	6.36812E+06
9	2	1	2	1	1	1.486624E+02	5.63556E+08
9	2	1	3	1	1	3.617020E+02	3.18762E+08
9	2	1	4	1	1	7.166837E+02	1.53084E+08
9	2	1	4	3	1	7.300567E+02	2.72123E+06
9	2	1	5	1	1	1.306338E+03	8.23911E+07
9	2	1	5	3	1	1.328979E+03	4.28483E+06
9	2	1	6	1	1	2.355379E+03	4.98489E+07
9	2	1	6	3	1	2.397331E+03	5.14944E+06
9	2	1	7	1	1	4.554551E+03	3.19956E+07
9	2	1	7	3	1	4.622574E+03	5.77027E+06
9	2	1	8	1	1	1.152836E+04	2.07432E+07
9	2	1	8	3	1	1.138497E+04	6.36812E+06
9	2	1	9	1	1	6.736538E+05	1.08051E+03
9	3	0	3	2	0	3.698567E+02	3.15475E+08
9	3	0	4	2	0	7.300560E+02	1.93510E+08
9	3	0	5	2	0	1.329153E+03	1.16107E+08
9	3	0	5	4	0	1.328976E+03	8.80558E+05
9	3	0	6	2	0	2.397145E+03	7.35205E+07
9	3	0	6	4	0	2.397179E+03	1.82461E+06
9	3	0	7	2	0	4.651531E+03	4.89361E+07
9	3	0	7	4	0	4.651617E+03	2.75516E+06
9	3	0	8	2	0	1.193987E+04	3.29498E+07
9	3	0	8	4	0	1.126606E+04	3.78449E+06
9	3	1	3	2	1	3.694645E+02	3.15475E+08
9	3	1	4	2	1	7.289422E+02	1.93510E+08
9	3	1	5	2	1	1.326561E+03	1.16107E+08
9	3	1	5	4	1	1.327768E+03	8.80558E+05
9	3	1	6	2	1	2.390501E+03	7.35205E+07
9	3	1	6	4	1	2.393253E+03	1.82461E+06
9	3	1	7	2	1	4.631366E+03	4.89361E+07
9	3	1	7	4	1	4.636855E+03	2.75516E+06
9	3	1	8	2	1	1.182950E+04	3.29498E+07
9	3	1	8	4	1	1.136390E+04	3.78449E+06
9	3	1	9	2	1	1.339032E+06	2.02685E-02
9	4	0	4	3	0	7.300805E+02	1.42900E+08
9	4	0	5	3	0	1.329064E+03	1.23659E+08
9	4	0	6	3	0	2.397610E+03	9.03600E+07
9	4	0	6	5	0	2.397886E+03	4.05656E+05
9	4	0	7	3	0	4.610298E+03	6.43189E+07
9	4	0	7	5	0	4.654195E+03	1.08677E+06
9	4	0	8	3	0	1.129947E+04	4.45752E+07
9	4	0	8	5	0	1.126730E+04	2.07706E+06
9	4	1	4	3	1	7.294191E+02	1.42900E+08
9	4	1	5	3	1	1.326867E+03	1.23659E+08
9	4	1	6	3	1	2.390468E+03	9.03600E+07
9	4	1	6	5	1	2.390743E+03	4.05656E+05
9	4	1	7	3	1	4.597127E+03	6.43189E+07
9	4	1	7	5	1	4.627358E+03	1.08677E+06
9	4	1	8	3	1	1.123184E+04	4.45752E+07
9	4	1	8	5	1	1.135606E+04	2.07706E+06
9	4	1	9	3	1	2.219067E+06	5.52121E-05
9	5	0	5	4	0	1.329304E+03	8.13015E+07
9	5	0	6	4	0	2.398246E+03	9.08670E+07
9	5	0	7	4	0	4.655636E+03	7.75485E+07
9	5	0	7	6	0	4.655896E+03	2.74067E+05
9	5	0	8	4	0	1.128967E+04	5.89491E+07
9	5	0	8	6	0	1.126755E+04	9.64430E+05
9	5	1	5	4	1	1.326443E+03	8.13015E+07
9	5	1	6	4	1	2.388951E+03	9.08670E+07
9	5	1	7	4	1	4.620735E+03	7.75485E+07
9	5	1	7	6	1	4.620991E+03	2.74067E+05
9	5	1	8	4	1	1.126756E+04	5.89491E+07
9	5	1	8	6	1	1.135311E+04	9.64430E+05
9	5	1	9	4	1	3.313977E+06	6.98245E-07
9	6	0	6	5	0	2.398623E+03	6.03916E+07
9	6	0	7	5	0	4.656969E+03	8.20678E+07
9	6	0	8	5	0	1.128357E+04	7.68512E+07
9	6	0	8	7	0	1.126742E+04	3.01790E+05
9	6	1	6	5	1	2.387786E+03	6.03916E+07
9	6	1	7	5	1	4.616292E+03	8.20678E+07
9	6	1	8	5	1	1.128964E+04	7.68512E+07
9	6	1	8	7	1	1.135222E+04	3.01790E+05
9	6	1	9	5	1	4.623822E+06	2.00527E-08
9	7	0	7	6	0	4.657928E+03	6.46284E+07
9	7	0	8	6	0	1.127946E+04	9.91959E+07
9	7	1	7	6	1	4.612914E+03	6.46284E+07
9	7	1	8	6	1	1.130448E+04	9.91959E+07
9	7	1	9	6	1	6.148628E+06	9.05662E-10
9	8	0	8	7	0	1.127651E+04	1.27096E+08
9	8	1	8	7	1	1.131505E+04	1.27096E+08
9	8	1	9	7	1	7.888395E+06	4.57525E-11
10	0	0	2	1	0	1.536042E+02	9.80136E+07
10	0	0	2	1	1	1.472401E+02	8.48644E+03
10	0	0	3	1	0	3.635991E+02	7.47008E+07
10	0	0	3	1	1	3.533963E+02	2.18990E+03
10	0	0	4	1	0	7.006020E+02	5.28336E+07
10	0	0	4	1	1	6.847941E+02	1.69530E+03
10	0	0	5	1	0	1.229214E+03	3.85169E+07
10	0	0	5	1	1	1.204128E+03	1.31240E+03
10	0	0	6	1	0	2.085167E+03	2.97831E+07
10	0	0	6	1	1	2.042745E+03	1.01598E+03
10	0	0	7	1	0	3.589918E+03	2.38622E+07
10	0	0	7	1	1	3.514470E+03	7.86516E+02
10	0	0	8	1	0	6.766910E+03	2.00181E+07
10	0	0	8	1	1	6.591092E+03	6.08875E+02
10	0	0	9	1	0	1.553448E+04	1.75234E+07
10	0	0	9	1	1	1.504624E+04	4.71356E+02
10	0	1	2	1	1	1.473647E+02	1.05452E+08
10	0	1	3	1	1	3.541148E+02	8.09792E+07
10	0	1	4	1	1	6.874971E+02	5.71430E+07
10	0	1	5	1	1	1.212511E+03	4.15163E+07
10	0	1	6	1	1	2.066987E+03	3.20030E+07
10	0	1	7	1	1	3.586844E+03	2.55836E+07
10	0	1	8	1	1	6.850318E+03	2.14550E+07
10	0	1	9	1	1	1.646891E+04	1.88760E+07
10	1	0	1	0	0	3.190480E+01	5.81147E+09
10	1	0	2	0	0	1.472106E+02	4.03506E+08
10	1	0	2	1	0	1.536213E+02	1.18363E+04
10	1	0	3	0	0	3.531769E+02	1.24344E+08
10	1	0	3	2	0	3.612796E+02	6.30264E+06
10	1	0	4	0	0	6.845655E+02	5.65892E+07
10	1	0	4	2	0	6.973755E+02	8.10149E+06
10	1	0	5	0	0	1.204183E+03	3.10867E+07
10	1	0	5	2	0	1.224667E+03	8.06535E+06
10	1	0	6	0	0	2.110617E+03	1.92610E+07
10	1	0	6	2	0	2.077479E+03	7.59570E+06
10	1	0	7	0	0	3.594782E+03	1.29402E+07
10	1	0	7	2	0	3.582013E+03	6.99843E+06
10	1	0	8	0	0	6.638871E+03	9.16534E+06
10	1	0	8	2	0	6.759376E+03	6.52980E+06
10	1	0	9	0	0	1.596567E+04	6.47414E+06
10	1	0	9	2	0	1.562342E+04	6.14101E+06
10	1	1	1	0	0	3.190636E+01	2.58215E+05
10	1	1	2	0	0	1.472439E+02	1.70281E+04
10	1	1	2	0	1	1.383318E+02	4.17915E+08
10	1	1	2	1	1	1.472891E+02	1.27941E+04
10	1	1	3	0	0	3.533682E+02	5.10559E+03
10	1	1	3	0	1	3.394466E+02	1.53392E+08
10	1	1	3	2	1	3.611944E+02	9.63470E+06
10	1	1	4	0	0	6.852847E+02	2.49003E+03
10	1	1	4	0	1	6.638958E+02	6.50363E+07
10	1	1	4	2	1	6.974361E+02	1.17369E+07
10	1	1	5	0	0	1.206410E+03	1.52543E+03
10	1	1	5	0	1	1.173182E+03	3.10048E+07
10	1	1	5	2	1	1.225789E+03	1.12282E+07
10	1	1	6	0	0	2.117469E+03	1.06243E+03
10	1	1	6	0	1	1.995564E+03	1.91370E+07
10	1	1	6	2	1	2.082056E+03	1.02759E+07
10	1	1	7	0	0	3.614704E+03	8.02068E+02
10	1	1	7	0	1	3.435841E+03	1.27434E+07
10	1	1	7	2	1	3.598532E+03	9.30549E+06
10	1	1	8	0	0	6.707138E+03	6.39435E+02
10	1	1	8	0	1	6.436683E+03	8.93976E+06
10	1	1	8	2	1	6.825635E+03	8.60952E+06
10	1	1	9	0	0	1.636628E+04	5.30003E+02
10	1	1	9	0	1	1.455230E+04	6.21530E+06
10	1	1	9	2	1	1.594415E+04	8.20238E+06
10	2	0	2	1	0	1.536274E+02	2.72108E+08
10	2	0	3	1	0	3.637295E+02	1.99961E+08
10	2	0	4	1	0	7.010865E+02	1.05458E+08
10	2	0	4	3	0	6.974710E+02	1.87852E+06
10	2	0	5	1	0	1.230706E+03	6.00163E+07
10	2	0	5	3	0	1.224817E+03	2.89826E+06
10	2	0	6	1	0	2.089465E+03	3.78573E+07
10	2	0	6	3	0	2.078477E+03	3.39104E+06
10	2	0	7	1	0	3.602676E+03	2.54288E+07
10	2	0	7	3	0	3.559413E+03	3.66711E+06
10	2	0	8	1	0	6.812385E+03	1.80443E+07
10	2	0	8	3	0	6.555690E+03	3.90652E+06
10	2	0	9	1	0	1.577623E+04	1.30801E+07
10	2	0	9	3	0	1.564248E+04	4.17673E+06
10	2	1	2	1	1	1.472638E+02	3.71779E+08
10	2	1	3	1	1	3.535328E+02	2.25292E+08
10	2	1	4	1	1	6.853067E+02	1.10179E+08
10	2	1	4	3	1	6.975244E+02	1.87852E+06
10	2	1	5	1	1	1.205714E+03	5.98448E+07
10	2	1	5	3	1	1.224976E+03	2.89826E+06
10	2	1	6	1	1	2.047313E+03	3.64521E+07
10	2	1	6	3	1	2.078935E+03	3.39104E+06
10	2	1	7	1	1	3.528014E+03	2.37175E+07
10	2	1	7	3	1	3.568692E+03	3.66711E+06
10	2	1	8	1	1	6.638890E+03	1.62441E+07
10	2	1	8	3	1	6.591084E+03	3.90652E+06
10	2	1	9	1	1	1.529767E+04	1.11018E+07
10	2	1	9	3	1	1.583828E+04	4.17673E+06
10	3	0	3	2	0	3.613312E+02	2.22566E+08
10	3	0	4	2	0	6.975679E+02	1.36756E+08
10	3	0	5	2	0	1.225260E+03	8.22390E+07
10	3	0	5	4	0	1.225110E+03	5.69574E+05
10	3	0	6	2	0	2.079187E+03	5.22644E+07
10	3	0	6	4	0	2.079213E+03	1.13805E+06
10	3	0	7	2	0	3.587093E+03	3.50954E+07
10	3	0	7	4	0	3.587145E+03	1.63634E+06
10	3	0	8	2	0	6.777490E+03	2.45873E+07
10	3	0	8	4	0	6.554953E+03	2.12368E+06
10	3	0	9	2	0	1.572053E+04	1.73116E+07
10	3	0	9	4	0	1.564815E+04	2.67361E+06
10	3	1	3	2	1	3.609653E+02	2.22566E+08
10	3	1	4	2	1	6.965826E+02	1.36756E+08
10	3	1	5	2	1	1.223155E+03	8.22390E+07
10	3	1	5	4	1	1.224181E+03	5.69574E+05
10	3	1	6	2	1	2.074468E+03	5.22644E+07
10	3	1	6	4	1	2.076540E+03	1.13805E+06
10	3	1	7	2	1	3.575924E+03	3.50954E+07
10	3	1	7	4	1	3.579195E+03	1.63634E+06
10	3	1	8	2	1	6.744753E+03	2.45873E+07
10	3	1	8	4	1	6.590786E+03	2.12368E+06
10	3	1	9	2	1	1.550969E+04	1.73116E+07
10	3	1	9	4	1	1.580319E+04	2.67361E+06
10	4	0	4	3	0	6.975760E+02	9.64772E+07
10	4	0	5	3	0	1.225141E+03	8.37274E+07
10	4	0	6	3	0	2.079410E+03	6.14811E+07
10	4	0	6	5	0	2.079618E+03	2.34698E+05
10	4	0	7	3	0	3.562150E+03	4.42561E+07
10	4	0	7	5	0	3.588299E+03	5.89910E+05
10	4	0	8	3	0	6.564983E+03	3.20764E+07
10	4	0	8	5	0	6.554110E+03	1.04002E+06
10	4	0	9	3	0	1.569550E+04	2.28478E+07
10	4	0	9	5	0	1.564991E+04	1.63732E+06
10	4	1	4	3	1	6.970631E+02	9.64772E+07
10	4	1	5	3	1	1.223554E+03	8.37274E+07
10	4	1	6	3	1	2.074842E+03	6.14811E+07
10	4	1	6	5	1	2.075049E+03	2.34698E+05
10	4	1	7	3	1	3.556650E+03	4.42561E+07
10	4	1	7	5	1	3.574718E+03	5.89910E+05
10	4	1	8	3	1	6.550124E+03	3.20764E+07
10	4	1	8	5	1	6.592175E+03	1.04002E+06
10	4	1	9	3	1	1.560381E+04	2.28478E+07
10	4	1	9	5	1	1.578918E+04	1.63732E+06
10	5	0	5	4	0	1.225315E+03	5.07439E+07
10	5	0	6	4	0	2.079804E+03	5.70316E+07
10	5	0	7	4	0	3.588904E+03	4.92971E+07
10	5	0	7	6	0	3.589059E+03	1.31396E+05
10	5	0	8	4	0	6.560829E+03	3.93331E+07
10	5	0	8	6	0	6.553354E+03	4.15438E+05
10	5	0	9	4	0	1.568168E+04	2.95097E+07
10	5	0	9	6	0	1.565027E+04	9.15153E+05
10	5	1	5	4	1	1.223286E+03	5.07439E+07
10	5	1	6	4	1	2.073963E+03	5.70316E+07
10	5	1	7	4	1	3.571549E+03	4.92971E+07
10	5	1	7	6	1	3.571702E+03	1.31396E+05
10	5	1	8	4	1	6.564903E+03	3.93331E+07
10	5	1	8	6	1	6.593853E+03	4.15438E+05
10	5	1	9	4	1	1.565520E+04	2.95097E+07
10	5	1	9	6	1	1.578319E+04	9.15153E+05
10	6	0	6	5	0	2.080026E+03	3.29029E+07
10	6	0	7	5	0	3.589516E+03	4.53263E+07
10	6	0	8	5	0	6.558169E+03	4.46578E+07
10	6	0	8	7	0	6.552709E+03	1.05374E+05
10	6	0	9	5	0	1.567307E+04	3.76012E+07
10	6	0	9	7	0	1.565009E+04	4.30416E+05
10	6	1	6	5	1	2.073273E+03	3.29029E+07
10	6	1	7	5	1	3.569451E+03	4.53263E+07
10	6	1	8	5	1	6.574285E+03	4.46578E+07
10	6	1	8	7	1	6.595457E+03	1.05374E+05
10	6	1	9	5	1	1.568693E+04	3.76012E+07
10	6	1	9	7	1	1.578073E+04	4.30416E+05
10	7	0	7	6	0	3.589950E+03	2.76500E+07
10	7	0	8	6	0	6.556328E+03	4.47125E+07
10	7	0	9	6	0	1.566724E+04	4.74601E+07
10	7	0	9	8	0	1.564969E+04	1.35994E+05
10	7	1	7	6	1	3.567848E+03	2.76500E+07
10	7	1	8	6	1	6.580730E+03	4.47125E+07
10	7	1	9	6	1	1.570822E+04	4.74601E+07
10	7	1	9	8	1	1.577995E+04	1.35994E+05
10	8	0	8	7	0	6.554983E+03	3.33987E+07
10	8	0	9	7	0	1.566307E+04	5.94839E+07
10	8	1	8	7	1	6.585412E+03	3.33987E+07
10	8	1	9	7	1	1.572335E+04	5.94839E+07
10	9	0	9	8	0	1.565994E+04	7.41489E+07
10	9	1	9	8	1	1.573460E+04	7.41489E+07
11	0	0	2	1	0	1.524988E+02	6.92726E+07
11	0	0	2	1	1	1.462242E+02	6.30889E+03
11	0	0	3	1	0	3.574659E+02	5.39833E+07
11	0	0	3	1	1	3.475998E+02	1.62799E+03
11	0	0	4	1	0	6.781816E+02	3.84624E+07
11	0	0	4	1	1	6.633586E+02	1.26030E+03
11	0	0	5	1	0	1.161824E+03	2.80713E+07
11	0	0	5	1	1	1.139389E+03	9.75649E+02
11	0	0	6	1	0	1.898378E+03	2.16067E+07
11	0	0	6	1	1	1.863152E+03	7.55291E+02
11	0	0	7	1	0	3.069883E+03	1.71530E+07
11	0	0	7	1	1	3.014542E+03	5.84702E+02
11	0	0	8	1	0	5.129116E+03	1.41676E+07
11	0	0	8	1	1	5.027466E+03	4.52643E+02
11	0	0	9	1	0	8.963756E+03	1.21888E+07
11	0	0	9	1	1	8.799005E+03	3.50410E+02
11	0	1	2	1	1	1.463192E+02	7.43476E+07
11	0	1	3	1	1	3.481374E+02	5.84335E+07
11	0	1	4	1	1	6.653191E+02	4.15416E+07
11	0	1	5	1	1	1.145185E+03	3.02130E+07
11	0	1	6	1	1	1.878701E+03	2.31780E+07
11	0	1	7	1	1	3.055457E+03	1.83514E+07
11	0	1	8	1	1	5.142307E+03	1.51345E+07
11	0	1	9	1	1	9.156915E+03	1.30234E+07
11	1	0	1	0	0	3.185664E+01	4.32482E+09
11	1	0	2	0	0	1.461908E+02	3.06384E+08
11	1	0	2	1	0	1.525110E+02	9.02294E+03
11	1	0	3	0	0	3.473632E+02	9.32458E+07
11	1	0	3	2	0	3.551984E+02	4.32909E+06
11	1	0	4	0	0	6.630556E+02	4.25236E+07
11	1	0	4	2	0	6.750662E+02	5.70459E+06
11	1	0	5	0	0	1.139176E+03	2.33903E+07
11	1	0	5	2	0	1.157492E+03	5.72156E+06
11	1	0	6	0	0	1.918709E+03	1.45103E+07
11	1	0	6	2	0	1.891284E+03	5.37254E+06
11	1	0	7	0	0	3.071540E+03	9.77103E+06
11	1	0	7	2	0	3.062213E+03	4.90201E+06
11	1	0	8	0	0	5.050081E+03	6.97854E+06
11	1	0	8	2	0	5.119509E+03	4.50086E+06
11	1	0	9	0	0	9.089012E+03	5.18258E+06
11	1	0	9	2	0	8.977059E+03	4.20954E+06
11	1	1	1	0	0	3.185782E+01	1.96289E+05
11	1	1	2	0	0	1.462156E+02	1.29443E+04
11	1	1	2	0	1	1.374238E+02	3.17507E+08
11	1	1	2	1	1	1.462602E+02	9.74878E+03
11	1	1	3	0	0	3.475031E+02	3.88114E+03
11	1	1	3	0	1	3.340310E+02	1.18906E+08
11	1	1	3	2	1	3.550689E+02	6.63570E+06
11	1	1	4	0	0	6.635656E+02	1.89286E+03
11	1	1	4	0	1	6.434911E+02	5.06794E+07
11	1	1	4	2	1	6.749526E+02	8.28827E+06
11	1	1	5	0	0	1.140683E+03	1.15959E+03
11	1	1	5	0	1	1.110932E+03	2.33493E+07
11	1	1	5	2	1	1.157993E+03	7.97984E+06
11	1	1	6	0	0	1.922987E+03	8.07635E+02
11	1	1	6	0	1	1.821912E+03	1.44322E+07
11	1	1	6	2	1	1.893735E+03	7.27487E+06
11	1	1	7	0	0	3.082516E+03	6.09712E+02
11	1	1	7	0	1	2.951489E+03	9.64218E+06
11	1	1	7	2	1	3.070748E+03	6.51333E+06
11	1	1	8	0	0	5.079820E+03	4.86082E+02
11	1	1	8	0	1	4.923150E+03	6.83571E+06
11	1	1	8	2	1	5.147502E+03	5.90562E+06
11	1	1	9	0	0	9.185797E+03	4.02895E+02
11	1	1	9	0	1	8.585157E+03	5.03311E+06
11	1	1	9	2	1	9.051298E+03	5.49568E+06
11	2	0	2	1	0	1.525155E+02	1.81816E+08
11	2	0	3	1	0	3.575574E+02	1.44593E+08
11	2	0	4	1	0	6.785109E+02	7.76519E+07
11	2	0	4	3	0	6.751238E+02	1.35625E+06
11	2	0	5	1	0	1.162791E+03	4.44982E+07
11	2	0	5	3	0	1.157532E+03	2.06259E+06
11	2	0	6	1	0	1.900961E+03	2.81345E+07
11	2	0	6	3	0	1.891862E+03	2.36922E+06
11	2	0	7	1	0	3.076641E+03	1.89280E+07
11	2	0	7	3	0	3.045034E+03	2.50084E+06
11	2	0	8	1	0	5.148011E+03	1.34761E+07
11	2	0	8	3	0	5.000062E+03	2.58037E+06
11	2	0	9	1	0	9.021624E+03	1.00208E+07
11	2	0	9	3	0	8.977727E+03	2.67849E+06
11	2	1	2	1	1	1.462401E+02	2.53665E+08
11	2	1	3	1	1	3.476899E+02	1.64363E+08
11	2	1	4	1	1	6.636868E+02	8.17460E+07
11	2	1	4	3	1	6.751393E+02	1.35625E+06
11	2	1	5	1	1	1.140357E+03	4.47295E+07
11	2	1	5	3	1	1.157572E+03	2.06259E+06
11	2	1	6	1	1	1.865744E+03	2.73574E+07
11	2	1	6	3	1	1.891969E+03	2.36922E+06
11	2	1	7	1	1	3.021332E+03	1.78947E+07
11	2	1	7	3	1	3.051115E+03	2.50084E+06
11	2	1	8	1	1	5.046379E+03	1.23991E+07
11	2	1	8	3	1	5.018709E+03	2.58037E+06
11	2	1	9	1	1	8.857103E+03	8.92878E+06
11	2	1	9	3	1	9.035670E+03	2.67849E+06
11	3	0	3	2	0	3.552350E+02	1.63265E+08
11	3	0	4	2	0	6.751986E+02	1.00430E+08
11	3	0	5	2	0	1.157881E+03	6.04692E+07
11	3	0	5	4	0	1.157747E+03	3.92595E+05
11	3	0	6	2	0	1.892324E+03	3.84902E+07
11	3	0	6	4	0	1.892345E+03	7.65296E+05
11	3	0	7	2	0	3.064939E+03	2.59168E+07
11	3	0	7	4	0	3.064976E+03	1.06538E+06
11	3	0	8	2	0	5.127133E+03	1.82934E+07
11	3	0	8	4	0	4.998751E+03	1.32408E+06
11	3	0	9	2	0	9.000525E+03	1.33716E+07
11	3	0	9	4	0	8.976753E+03	1.58907E+06
11	3	1	3	2	1	3.548904E+02	1.63265E+08
11	3	1	4	2	1	6.743081E+02	1.00430E+08
11	3	1	5	2	1	1.156097E+03	6.04692E+07
11	3	1	5	4	1	1.157014E+03	3.92595E+05
11	3	1	6	2	1	1.888670E+03	3.84902E+07
11	3	1	6	4	1	1.890388E+03	7.65296E+05
11	3	1	7	2	1	3.057453E+03	2.59168E+07
11	3	1	7	4	1	3.059844E+03	1.06538E+06
11	3	1	8	2	1	5.110253E+03	1.82934E+07
11	3	1	8	4	1	5.021376E+03	1.32408E+06
11	3	1	9	2	1	8.936754E+03	1.33716E+07
11	3	1	9	4	1	9.033424E+03	1.58907E+06
11	4	0	4	3	0	6.751965E+02	6.85829E+07
11	4	0	5	3	0	1.157746E+03	5.96193E+07
11	4	0	6	3	0	1.892433E+03	4.38832E+07
11	4	0	6	5	0	1.892605E+03	1.49765E+05
11	4	0	7	3	0	3.046513E+03	3.17196E+07
11	4	0	7	5	0	3.065619E+03	3.61245E+05
11	4	0	8	3	0	5.004050E+03	2.32216E+07
11	4	0	8	5	0	4.997730E+03	6.02255E+05
11	4	0	9	3	0	8.990594E+03	1.72602E+07
11	4	0	9	5	0	8.975618E+03	8.85595E+05
11	4	1	4	3	1	6.747890E+02	6.85829E+07
11	4	1	5	3	1	1.156543E+03	5.96193E+07
11	4	1	6	3	1	1.889221E+03	4.38832E+07
11	4	1	6	5	1	1.889392E+03	1.49765E+05
11	4	1	7	3	1	3.043975E+03	3.17196E+07
11	4	1	7	5	1	3.057200E+03	3.61245E+05
11	4	1	8	3	1	4.999418E+03	2.32216E+07
11	4	1	8	5	1	5.023878E+03	6.02255E+05
11	4	1	9	3	1	8.973332E+03	1.72602E+07
11	4	1	9	5	1	9.034327E+03	8.85595E+05
11	5	0	5	4	0	1.157882E+03	3.41569E+07
11	5	0	6	4	0	1.892708E+03	3.84984E+07
11	5	0	7	4	0	3.065927E+03	3.34453E+07
11	5	0	7	6	0	3.066040E+03	7.40307E+04
11	5	0	8	4	0	5.001281E+03	2.70016E+07
11	5	0	8	6	0	4.996936E+03	2.18347E+05
11	5	0	9	4	0	8.984913E+03	2.12214E+07
11	5	0	9	6	0	8.974592E+03	4.39322E+05
11	5	1	5	4	1	1.156363E+03	3.41569E+07
11	5	1	6	4	1	1.888652E+03	3.84984E+07
11	5	1	7	4	1	3.055298E+03	3.34453E+07
11	5	1	7	6	1	3.055410E+03	7.40307E+04
11	5	1	8	4	1	5.009145E+03	2.70016E+07
11	5	1	8	6	1	5.025981E+03	2.18347E+05
11	5	1	9	4	1	8.993917E+03	2.12214E+07
11	5	1	9	6	1	9.036016E+03	4.39322E+05
11	6	0	6	5	0	1.892856E+03	2.02352E+07
11	6	0	7	5	0	3.066278E+03	2.80307E+07
11	6	0	8	5	0	4.999480E+03	2.79769E+07
11	6	0	8	7	0	4.996307E+03	4.85261E+04
11	6	0	9	5	0	8.981264E+03	2.47450E+07
11	6	0	9	7	0	8.973714E+03	1.76715E+05
11	6	1	6	5	1	1.888193E+03	2.02352E+07
11	6	1	7	5	1	3.054060E+03	2.80307E+07
11	6	1	8	5	1	5.015406E+03	2.79769E+07
11	6	1	8	7	1	5.027719E+03	4.85261E+04
11	6	1	9	5	1	9.006968E+03	2.47450E+07
11	6	1	9	7	1	9.037812E+03	1.76715E+05
11	7	0	7	6	0	3.066523E+03	1.46556E+07
11	7	0	8	6	0	4.998220E+03	2.40240E+07
11	7	0	9	6	0	8.978735E+03	2.68370E+07
11	7	0	9	8	0	8.972968E+03	4.49592E+04
11	7	1	7	6	1	3.053109E+03	1.46556E+07
11	7	1	8	6	1	5.019758E+03	2.40240E+07
11	7	1	9	6	1	9.015920E+03	2.68370E+07
11	7	1	9	8	1	9.039506E+03	4.49592E+04
11	8	0	8	7	0	4.997290E+03	1.37138E+07
11	8	0	9	7	0	8.976884E+03	2.57326E+07
11	8	1	8	7	1	5.022950E+03	1.37138E+07
11	8	1	9	7	1	9.022414E+03	2.57326E+07
11	9	0	9	8	0	8.975474E+03	1.84361E+07
11	9	1	9	8	1	9.027326E+03	1.84361E+07
12	0	0	2	1	0	1.516635E+02	5.02883E+07
12	0	0	2	1	1	1.454560E+02	4.81274E+03
12	0	0	3	1	0	3.529098E+02	4.00537E+07
12	0	0	3	1	1	3.432902E+02	1.24192E+03
12	0	0	4	1	0	6.619679E+02	2.87602E+07
12	0	0	4	1	1	6.478378E+02	9.61419E+02
12	0	0	5	1	0	1.115037E+03	2.10375E+07
12	0	0	5	1	1	1.094356E+03	7.44275E+02
12	0	0	6	1	0	1.776573E+03	1.61574E+07
12	0	0	6	1	1	1.745686E+03	5.76174E+02
12	0	0	7	1	0	2.763490E+03	1.27566E+07
12	0	0	7	1	1	2.718564E+03	4.46041E+02
12	0	0	8	1	0	4.327481E+03	1.04318E+07
12	0	0	8	1	1	4.254897E+03	3.45299E+02
12	0	0	9	1	0	6.771565E+03	8.83364E+06
12	0	0	9	1	1	6.677120E+03	2.67310E+02
12	0	1	2	1	1	1.455304E+02	5.38540E+07
12	0	1	3	1	1	3.437046E+02	4.33014E+07
12	0	1	4	1	1	6.493151E+02	3.10270E+07
12	0	1	5	1	1	1.098578E+03	2.26159E+07
12	0	1	6	1	1	1.756454E+03	1.73100E+07
12	0	1	7	1	1	2.744769E+03	1.36272E+07
12	0	1	8	1	1	4.319441E+03	1.11217E+07
12	0	1	9	1	1	6.837454E+03	9.40854E+06
12	1	0	1	0	0	3.181989E+01	3.30236E+09
12	1	0	2	0	0	1.454200E+02	2.38284E+08
12	1	0	2	1	0	1.516723E+02	7.02670E+03
12	1	0	3	0	0	3.430427E+02	7.16383E+07
12	1	0	3	2	0	3.506820E+02	3.05733E+06
12	1	0	4	0	0	6.474893E+02	3.27233E+07
12	1	0	4	2	0	6.589377E+02	4.13381E+06
12	1	0	5	0	0	1.093990E+03	1.80145E+07
12	1	0	5	2	0	1.110870E+03	4.18482E+06
12	1	0	6	0	0	1.793910E+03	1.11810E+07
12	1	0	6	2	0	1.769914E+03	3.93096E+06
12	1	0	7	0	0	2.763748E+03	7.53282E+06
12	1	0	7	2	0	2.756194E+03	3.56804E+06
12	1	0	8	0	0	4.268496E+03	5.38800E+06
12	1	0	8	2	0	4.317992E+03	3.24080E+06
12	1	0	9	0	0	6.836163E+03	4.03083E+06
12	1	0	9	2	0	6.772637E+03	2.98344E+06
12	1	1	1	0	0	3.182079E+01	1.52819E+05
12	1	1	2	0	0	1.454390E+02	1.00777E+04
12	1	1	2	0	1	1.367376E+02	2.47064E+08
12	1	1	2	1	1	1.454831E+02	7.58938E+03
12	1	1	3	0	0	3.431484E+02	3.02163E+03
12	1	1	3	0	1	3.300055E+02	9.42391E+07
12	1	1	3	2	1	3.505237E+02	4.69755E+06
12	1	1	4	0	0	6.478661E+02	1.47367E+03
12	1	1	4	0	1	6.287165E+02	4.03588E+07
12	1	1	4	2	1	6.587162E+02	6.02357E+06
12	1	1	5	0	0	1.095066E+03	9.02793E+02
12	1	1	5	0	1	1.067619E+03	1.79939E+07
12	1	1	5	2	1	1.111010E+03	5.84815E+06
12	1	1	6	0	0	1.796805E+03	6.28778E+02
12	1	1	6	0	1	1.708254E+03	1.11284E+07
12	1	1	6	2	1	1.771241E+03	5.32964E+06
12	1	1	7	0	0	2.770626E+03	4.74686E+02
12	1	1	7	0	1	2.664316E+03	7.44244E+06
12	1	1	7	2	1	2.761115E+03	4.74266E+06
12	1	1	8	0	0	4.284926E+03	3.78436E+02
12	1	1	8	0	1	4.172910E+03	5.28926E+06
12	1	1	8	2	1	4.332983E+03	4.24708E+06
12	1	1	9	0	0	6.878401E+03	3.13671E+02
12	1	1	9	0	1	6.535990E+03	3.93165E+06
12	1	1	9	2	1	6.802707E+03	3.87368E+06
12	2	0	2	1	0	1.516756E+02	1.24844E+08
12	2	0	3	1	0	3.529750E+02	1.07393E+08
12	2	0	4	1	0	6.621974E+02	5.86973E+07
12	2	0	4	3	0	6.589708E+02	1.01378E+06
12	2	0	5	1	0	1.115688E+03	3.38534E+07
12	2	0	5	3	0	1.110846E+03	1.52557E+06
12	2	0	6	1	0	1.778227E+03	2.14506E+07
12	2	0	6	3	0	1.770263E+03	1.72934E+06
12	2	0	7	1	0	2.767493E+03	1.44438E+07
12	2	0	7	3	0	2.741893E+03	1.79478E+06
12	2	0	8	1	0	4.337307E+03	1.02852E+07
12	2	0	8	3	0	4.231809E+03	1.81117E+06
12	2	0	9	1	0	6.795656E+03	7.66307E+06
12	2	0	9	3	0	6.770719E+03	1.82607E+06
12	2	1	2	1	1	1.454669E+02	1.77907E+08
12	2	1	3	1	1	3.433505E+02	1.23075E+08
12	2	1	4	1	1	6.480526E+02	6.21985E+07
12	2	1	4	3	1	6.589674E+02	1.01378E+06
12	2	1	5	1	1	1.094969E+03	3.42527E+07
12	2	1	5	3	1	1.110831E+03	1.52557E+06
12	2	1	6	1	1	1.747246E+03	2.10140E+07
12	2	1	6	3	1	1.770226E+03	1.72934E+06
12	2	1	7	1	1	2.722350E+03	1.37840E+07
12	2	1	7	3	1	2.746507E+03	1.79478E+06
12	2	1	8	1	1	4.264180E+03	9.58805E+06
12	2	1	8	3	1	4.244406E+03	1.81117E+06
12	2	1	9	1	1	6.700008E+03	6.97478E+06
12	2	1	9	3	1	6.801689E+03	1.82607E+06
12	3	0	3	2	0	3.507084E+02	1.23511E+08
12	3	0	4	2	0	6.590310E+02	7.60335E+07
12	3	0	5	2	0	1.111135E+03	4.58147E+07
12	3	0	5	4	0	1.111012E+03	2.83573E+05
12	3	0	6	2	0	1.770587E+03	2.91850E+07
12	3	0	6	4	0	1.770606E+03	5.43141E+05
12	3	0	7	2	0	2.757827E+03	1.96707E+07
12	3	0	7	4	0	2.757857E+03	7.39439E+05
12	3	0	8	2	0	4.322000E+03	1.39116E+07
12	3	0	8	4	0	4.230413E+03	8.92552E+05
12	3	0	9	2	0	6.782503E+03	1.02335E+07
12	3	0	9	4	0	6.768995E+03	1.03025E+06
12	3	1	3	2	1	3.503809E+02	1.23511E+08
12	3	1	4	2	1	6.582120E+02	7.60335E+07
12	3	1	5	2	1	1.109576E+03	4.58147E+07
12	3	1	5	4	1	1.110420E+03	2.83573E+05
12	3	1	6	2	1	1.767600E+03	2.91850E+07
12	3	1	6	4	1	1.769104E+03	5.43141E+05
12	3	1	7	2	1	2.752278E+03	1.96707E+07
12	3	1	7	4	1	2.754215E+03	7.39439E+05
12	3	1	8	2	1	4.311259E+03	1.39116E+07
12	3	1	8	4	1	4.247829E+03	8.92552E+05
12	3	1	9	2	1	6.749314E+03	1.02335E+07
12	3	1	9	4	1	6.804306E+03	1.03025E+06
12	4	0	4	3	0	6.590223E+02	5.06890E+07
12	4	0	5	3	0	1.110992E+03	4.41113E+07
12	4	0	6	3	0	1.770634E+03	3.25118E+07
12	4	0	6	5	0	1.770785E+03	1.02304E+05
12	4	0	7	3	0	2.742783E+03	2.35449E+07
12	4	0	7	5	0	2.758260E+03	2.39923E+05
12	4	0	8	3	0	4.233931E+03	1.72962E+07
12	4	0	8	5	0	4.229405E+03	3.85519E+05
12	4	0	9	3	0	6.776152E+03	1.29713E+07
12	4	0	9	5	0	6.767641E+03	5.39341E+05
12	4	1	4	3	1	6.586920E+02	5.06890E+07
12	4	1	5	3	1	1.110049E+03	4.41113E+07
12	4	1	6	3	1	1.768240E+03	3.25118E+07
12	4	1	6	5	1	1.768390E+03	1.02304E+05
12	4	1	7	3	1	2.741730E+03	2.35449E+07
12	4	1	7	5	1	2.752454E+03	2.39923E+05
12	4	1	8	3	1	4.233007E+03	1.72962E+07
12	4	1	8	5	1	4.250529E+03	3.85519E+05
12	4	1	9	3	1	6.772465E+03	1.29713E+07
12	4	1	9	5	1	6.807151E+03	5.39341E+05
12	5	0	5	4	0	1.111105E+03	2.42629E+07
12	5	0	6	4	0	1.770842E+03	2.73919E+07
12	5	0	7	4	0	2.758430E+03	2.38556E+07
12	5	0	7	6	0	2.758522E+03	4.63401E+04
12	5	0	8	4	0	4.231762E+03	1.93457E+07
12	5	0	8	6	0	4.228651E+03	1.30662E+05
12	5	0	9	4	0	6.772449E+03	1.53699E+07
12	5	0	9	6	0	6.766584E+03	2.47188E+05
12	5	1	5	4	1	1.109925E+03	2.42629E+07
12	5	1	6	4	1	1.767846E+03	2.73919E+07
12	5	1	7	4	1	2.751167E+03	2.38556E+07
12	5	1	7	6	1	2.751257E+03	4.63401E+04
12	5	1	8	4	1	4.240581E+03	1.93457E+07
12	5	1	8	6	1	4.252642E+03	1.30662E+05
12	5	1	9	4	1	6.785728E+03	1.53699E+07
12	5	1	9	6	1	6.809665E+03	2.47188E+05
12	6	0	6	5	0	1.770949E+03	1.34852E+07
12	6	0	7	5	0	2.758658E+03	1.87330E+07
12	6	0	8	5	0	4.230340E+03	1.87933E+07
12	6	0	8	7	0	4.228068E+03	2.65291E+04
12	6	0	9	5	0	6.770035E+03	1.68258E+07
12	6	0	9	7	0	6.765744E+03	8.97073E+04
12	6	1	6	5	1	1.767519E+03	1.34852E+07
12	6	1	7	5	1	2.750344E+03	1.87330E+07
12	6	1	8	5	1	4.245500E+03	1.87933E+07
12	6	1	8	7	1	4.254319E+03	2.65291E+04
12	6	1	9	5	1	6.794261E+03	1.68258E+07
12	6	1	9	7	1	6.811797E+03	8.97073E+04
12	7	0	7	6	0	2.758814E+03	8.83407E+06
12	7	0	8	6	0	4.229338E+03	1.45615E+07
12	7	0	9	6	0	6.768343E+03	1.64804E+07
12	7	0	9	8	0	6.765065E+03	1.98612E+04
12	7	1	7	6	1	2.749709E+03	8.83407E+06
12	7	1	8	6	1	4.248942E+03	1.45615E+07
12	7	1	9	6	1	6.800185E+03	1.64804E+07
12	7	1	9	8	1	6.813594E+03	1.98612E+04
12	8	0	8	7	0	4.228594E+03	7.04827E+06
12	8	0	9	7	0	6.767091E+03	1.34063E+07
12	8	1	8	7	1	4.251482E+03	7.04827E+06
12	8	1	9	7	1	6.804526E+03	1.34063E+07
12	9	0	9	8	0	6.766130E+03	7.25757E+06
12	9	1	9	8	1	6.807837E+03	7.25757E+06
13	0	0	2	1	0	1.510160E+02	3.73438E+07
13	0	0	2	1	1	1.448603E+02	3.75187E+03
13	0	0	3	1	0	3.494233E+02	3.03853E+07
13	0	0	3	1	1	3.399902E+02	9.68160E+02
13	0	0	4	1	0	6.498060E+02	2.19916E+07
13	0	0	4	1	1	6.361850E+02	7.49494E+02
13	0	0	5	1	0	1.080959E+03	1.61336E+07
13	0	0	5	1	1	1.061511E+03	5.80214E+02
13	0	0	6	1	0	1.691604E+03	1.23825E+07
13	0	0	6	1	1	1.663577E+03	4.49168E+02
13	0	0	7	1	0	2.563217E+03	9.74485E+06
13	0	0	7	1	1	2.524521E+03	3.47720E+02
13	0	0	8	1	0	3.855723E+03	7.91840E+06
13	0	0	8	1	1	3.797996E+03	2.69185E+02
13	0	0	9	1	0	5.683441E+03	6.63556E+06
13	0	0	9	1	1	5.616760E+03	2.08387E+02
13	0	1	2	1	1	1.449197E+02	3.99116E+07
13	0	1	3	1	1	3.403174E+02	3.28139E+07
13	0	1	4	1	1	6.373314E+02	2.37022E+07
13	0	1	5	1	1	1.064707E+03	1.73272E+07
13	0	1	6	1	1	1.671439E+03	1.32519E+07
13	0	1	7	1	1	2.542670E+03	1.03978E+07
13	0	1	8	1	1	3.839223E+03	8.43044E+06
13	0	1	9	1	1	5.707397E+03	7.05429E+06
13	1	0	1	0	0	3.179118E+01	2.57668E+09
13	1	0	2	0	0	1.448224E+02	1.89090E+08
13	1	0	2	1	0	1.510224E+02	5.57390E+03
13	1	0	3	0	0	3.397358E+02	5.61756E+07
13	1	0	3	2	0	3.472269E+02	2.21026E+06
13	1	0	4	0	0	6.358079E+02	2.56955E+07
13	1	0	4	2	0	6.468435E+02	3.06762E+06
13	1	0	5	0	0	1.061053E+03	1.41537E+07
13	1	0	5	2	0	1.076925E+03	3.13794E+06
13	1	0	6	0	0	1.707019E+03	8.78659E+06
13	1	0	6	2	0	1.685278E+03	2.95479E+06
13	1	0	7	0	0	2.562773E+03	5.91946E+06
13	1	0	7	2	0	2.556276E+03	2.67594E+06
13	1	0	8	0	0	3.807356E+03	4.23365E+06
13	1	0	8	2	0	3.846686E+03	2.41441E+06
13	1	0	9	0	0	5.725547E+03	3.16989E+06
13	1	0	9	2	0	5.680918E+03	2.19775E+06
13	1	1	1	0	0	3.179190E+01	1.21386E+05
13	1	1	2	0	0	1.448373E+02	8.00482E+03
13	1	1	2	0	1	1.362056E+02	1.96151E+08
13	1	1	2	1	1	1.448811E+02	6.01863E+03
13	1	1	3	0	0	3.398178E+02	2.40011E+03
13	1	1	3	0	1	3.269239E+02	7.60934E+07
13	1	1	3	2	1	3.470491E+02	3.40302E+06
13	1	1	4	0	0	6.360952E+02	1.17055E+03
13	1	1	4	0	1	6.176253E+02	3.27315E+07
13	1	1	4	2	1	6.465515E+02	4.48294E+06
13	1	1	5	0	0	1.061853E+03	7.17097E+02
13	1	1	5	0	1	1.036026E+03	1.41440E+07
13	1	1	5	2	1	1.076838E+03	4.39421E+06
13	1	1	6	0	0	1.709092E+03	4.99444E+02
13	1	1	6	0	1	1.628782E+03	8.74937E+06
13	1	1	6	2	1	1.685947E+03	4.01190E+06
13	1	1	7	0	0	2.567447E+03	3.77048E+02
13	1	1	7	0	1	2.475899E+03	5.85301E+06
13	1	1	7	2	1	2.559278E+03	3.55976E+06
13	1	1	8	0	0	3.817683E+03	3.00595E+02
13	1	1	8	0	1	3.728510E+03	4.16150E+06
13	1	1	8	2	1	3.855784E+03	3.16402E+06
13	1	1	9	0	0	5.748932E+03	2.49151E+02
13	1	1	9	0	1	5.507768E+03	3.09895E+06
13	1	1	9	2	1	5.695960E+03	2.84887E+06
13	2	0	2	1	0	1.510248E+02	8.76769E+07
13	2	0	3	1	0	3.494703E+02	8.15626E+07
13	2	0	4	1	0	6.499689E+02	4.53529E+07
13	2	0	4	3	0	6.468602E+02	7.79096E+05
13	2	0	5	1	0	1.081409E+03	2.63183E+07
13	2	0	5	3	0	1.076860E+03	1.16308E+06
13	2	0	6	1	0	1.692709E+03	1.67119E+07
13	2	0	6	3	0	1.685490E+03	1.30553E+06
13	2	0	7	1	0	2.565753E+03	1.12616E+07
13	2	0	7	3	0	2.543734E+03	1.33837E+06
13	2	0	8	1	0	3.861464E+03	8.01701E+06
13	2	0	8	3	0	3.777621E+03	1.32950E+06
13	2	0	9	1	0	5.695924E+03	5.96828E+06
13	2	0	9	3	0	5.678395E+03	1.31306E+06
13	2	1	2	1	1	1.448677E+02	1.27677E+08
13	2	1	3	1	1	3.400308E+02	9.41847E+07
13	2	1	4	1	1	6.363271E+02	4.83392E+07
13	2	1	4	3	1	6.468474E+02	7.79096E+05
13	2	1	5	1	1	1.061907E+03	2.67767E+07
13	2	1	5	3	1	1.076820E+03	1.16308E+06
13	2	1	6	1	1	1.664549E+03	1.64698E+07
13	2	1	6	3	1	1.685392E+03	1.30553E+06
13	2	1	7	1	1	2.526760E+03	1.08232E+07
13	2	1	7	3	1	2.547558E+03	1.33837E+06
13	2	1	8	1	1	3.803066E+03	7.54149E+06
13	2	1	8	3	1	3.787330E+03	1.32950E+06
13	2	1	9	1	1	5.627856E+03	5.50191E+06
13	2	1	9	3	1	5.699424E+03	1.31306E+06
13	3	0	3	2	0	3.472462E+02	9.58027E+07
13	3	0	4	2	0	6.469103E+02	5.90084E+07
13	3	0	5	2	0	1.077110E+03	3.55737E+07
13	3	0	5	4	0	1.076994E+03	2.12312E+05
13	3	0	6	2	0	1.685731E+03	2.26708E+07
13	3	0	6	4	0	1.685748E+03	4.01398E+05
13	3	0	7	2	0	2.557320E+03	1.52856E+07
13	3	0	7	4	0	2.557346E+03	5.37748E+05
13	3	0	8	2	0	3.849051E+03	1.08154E+07
13	3	0	8	4	0	3.776243E+03	6.35979E+05
13	3	0	9	2	0	5.686078E+03	7.96586E+06
13	3	0	9	4	0	5.676581E+03	7.14734E+05
13	3	1	3	2	1	3.469323E+02	9.58027E+07
13	3	1	4	2	1	6.461464E+02	5.90084E+07
13	3	1	5	2	1	1.075714E+03	3.55737E+07
13	3	1	5	4	1	1.076508E+03	2.12312E+05
13	3	1	6	2	1	1.683194E+03	2.26708E+07
13	3	1	6	4	1	1.684558E+03	4.01398E+05
13	3	1	7	2	1	2.552941E+03	1.52856E+07
13	3	1	7	4	1	2.554608E+03	5.37748E+05
13	3	1	8	2	1	3.841419E+03	1.08154E+07
13	3	1	8	4	1	3.790980E+03	6.35979E+05
13	3	1	9	2	1	5.664668E+03	7.96586E+06
13	3	1	9	4	1	5.703354E+03	7.14734E+05
13	4	0	4	3	0	6.468972E+02	3.86247E+07
13	4	0	5	3	0	1.076962E+03	3.36370E+07
13	4	0	6	3	0	1.685742E+03	2.48122E+07
13	4	0	6	5	0	1.685878E+03	7.34566E+04
13	4	0	7	3	0	2.544306E+03	1.79868E+07
13	4	0	7	5	0	2.557619E+03	1.68836E+05
13	4	0	8	3	0	3.778883E+03	1.32322E+07
13	4	0	8	5	0	3.775278E+03	2.64460E+05
13	4	0	9	3	0	5.681248E+03	9.95111E+06
13	4	0	9	5	0	5.675264E+03	3.57817E+05
13	4	1	4	3	1	6.466251E+02	3.86247E+07
13	4	1	5	3	1	1.076204E+03	3.36370E+07
13	4	1	6	3	1	1.683884E+03	2.48122E+07
13	4	1	6	5	1	1.684020E+03	7.34566E+04
13	4	1	7	3	1	2.544114E+03	1.79868E+07
13	4	1	7	5	1	2.553345E+03	1.68836E+05
13	4	1	8	3	1	3.779723E+03	1.32322E+07
13	4	1	8	5	1	3.793688E+03	2.64460E+05
13	4	1	9	3	1	5.682216E+03	9.95111E+06
13	4	1	9	5	1	5.706613E+03	3.57817E+05
13	5	0	5	4	0	1.077059E+03	1.79440E+07
13	5	0	6	4	0	1.685909E+03	2.02792E+07
13	5	0	7	4	0	2.557715E+03	1.76859E+07
13	5	0	7	6	0	2.557794E+03	3.12094E+04
13	5	0	8	4	0	3.777047E+03	1.43726E+07
13	5	0	8	6	0	3.774568E+03	8.53245E+04
13	5	0	9	4	0	5.678398E+03	1.14635E+07
13	5	0	9	6	0	5.674275E+03	1.54996E+05
13	5	1	5	4	1	1.076117E+03	1.79440E+07
13	5	1	6	4	1	1.683600E+03	2.02792E+07
13	5	1	7	4	1	2.552405E+03	1.76859E+07
13	5	1	7	6	1	2.552484E+03	3.12094E+04
13	5	1	8	4	1	3.786131E+03	1.43726E+07
13	5	1	8	6	1	3.795742E+03	8.53245E+04
13	5	1	9	4	1	5.692387E+03	1.14635E+07
13	5	1	9	6	1	5.709222E+03	1.54996E+05
13	6	0	6	5	0	1.685989E+03	9.51447E+06
13	6	0	7	5	0	2.557875E+03	1.32385E+07
13	6	0	8	5	0	3.775836E+03	1.33149E+07
13	6	0	8	7	0	3.774026E+03	1.62294E+04
13	6	0	9	5	0	5.676525E+03	1.19770E+07
13	6	0	9	7	0	5.673508E+03	5.23019E+04
13	6	1	6	5	1	1.683356E+03	9.51447E+06
13	6	1	7	5	1	2.551818E+03	1.32385E+07
13	6	1	8	5	1	3.790317E+03	1.33149E+07
13	6	1	8	7	1	3.797345E+03	1.62294E+04
13	6	1	9	5	1	5.698990E+03	1.19770E+07
13	6	1	9	7	1	5.711323E+03	5.23019E+04
13	7	0	7	6	0	2.557982E+03	5.80044E+06
13	7	0	8	6	0	3.774979E+03	9.58784E+06
13	7	0	9	6	0	5.675203E+03	1.09079E+07
13	7	0	9	8	0	5.672898E+03	1.05140E+04
13	7	1	7	6	1	2.551361E+03	5.80044E+06
13	7	1	8	6	1	3.793260E+03	9.58784E+06
13	7	1	9	6	1	5.703609E+03	1.09079E+07
13	7	1	9	8	1	5.713039E+03	1.05140E+04
13	8	0	8	7	0	3.774341E+03	4.14974E+06
13	8	0	9	7	0	5.674219E+03	7.93681E+06
13	8	1	8	7	1	3.795440E+03	4.14974E+06
13	8	1	9	7	1	5.707014E+03	7.93681E+06
13	9	0	9	8	0	5.673461E+03	3.61001E+06
13	9	1	9	8	1	5.709625E+03	3.61001E+06
14	0	0	2	1	0	1.505032E+02	2.82760E+07
14	0	0	2	1	1	1.443885E+02	2.97935E+03
14	0	0	3	1	0	3.466905E+02	2.34919E+07
14	0	0	3	1	1	3.374025E+02	7.68813E+02
14	0	0	4	1	0	6.404184E+02	1.71383E+07
14	0	0	4	1	1	6.271841E+02	5.95170E+02
14	0	0	5	1	0	1.055227E+03	1.26151E+07
14	0	0	5	1	1	1.036687E+03	4.60746E+02
14	0	0	6	1	0	1.629426E+03	9.68458E+06
14	0	0	6	1	1	1.603405E+03	3.56683E+02
14	0	0	7	1	0	2.423108E+03	7.60815E+06
14	0	0	7	1	1	2.388498E+03	2.76123E+02
14	0	0	8	1	0	3.547192E+03	6.15707E+06
14	0	0	8	1	1	3.498275E+03	2.13759E+02
14	0	0	9	1	0	5.037576E+03	5.12416E+06
14	0	0	9	1	1	4.985119E+03	1.65480E+02
14	0	1	2	1	1	1.444367E+02	3.01645E+07
14	0	1	3	1	1	3.376659E+02	2.53460E+07
14	0	1	4	1	1	6.280948E+02	1.84563E+07
14	0	1	5	1	1	1.039177E+03	1.35373E+07
14	0	1	6	1	1	1.609371E+03	1.03556E+07
14	0	1	7	1	1	2.401760E+03	8.11036E+06
14	0	1	8	1	1	3.526798E+03	6.54828E+06
14	0	1	9	1	1	5.043242E+03	5.44049E+06
14	1	0	1	0	0	3.176832E+01	2.04781E+09
14	1	0	2	0	0	1.443493E+02	1.52646E+08
14	1	0	2	1	0	1.505079E+02	4.49289E+03
14	1	0	3	0	0	3.371435E+02	4.48287E+07
14	1	0	3	2	0	3.445195E+02	1.63016E+06
14	1	0	4	0	0	6.267887E+02	2.05299E+07
14	1	0	4	2	0	6.375108E+02	2.32258E+06
14	1	0	5	0	0	1.036171E+03	1.13131E+07
14	1	0	5	2	0	1.051301E+03	2.40225E+06
14	1	0	6	0	0	1.643525E+03	7.02379E+06
14	1	0	6	2	0	1.623361E+03	2.27059E+06
14	1	0	7	0	0	2.422279E+03	4.73098E+06
14	1	0	7	2	0	2.416475E+03	2.05564E+06
14	1	0	8	0	0	3.505312E+03	3.38208E+06
14	1	0	8	2	0	3.538621E+03	1.84758E+06
14	1	0	9	0	0	5.068740E+03	2.53089E+06
14	1	0	9	2	0	5.033731E+03	1.66935E+06
14	1	1	1	0	0	3.176890E+01	9.80780E+04
14	1	1	2	0	0	1.443612E+02	6.46780E+03
14	1	1	2	0	1	1.357845E+02	1.58417E+08
14	1	1	2	1	1	1.444047E+02	4.85032E+03
14	1	1	3	0	0	3.372085E+02	1.93926E+03
14	1	1	3	0	1	3.245082E+02	6.24237E+07
14	1	1	3	2	1	3.443281E+02	2.51412E+06
14	1	1	4	0	0	6.270134E+02	9.45788E+02
14	1	1	4	0	1	6.090597E+02	2.69612E+07
14	1	1	4	2	1	6.371709E+02	3.40389E+06
14	1	1	5	0	0	1.036785E+03	5.79405E+02
14	1	1	5	0	1	1.012149E+03	1.13096E+07
14	1	1	5	2	1	1.051065E+03	3.37103E+06
14	1	1	6	0	0	1.645071E+03	4.03545E+02
14	1	1	6	0	1	1.570534E+03	6.99649E+06
14	1	1	6	2	1	1.623616E+03	3.08759E+06
14	1	1	7	0	0	2.425639E+03	3.04650E+02
14	1	1	7	0	1	2.343763E+03	4.68042E+06
14	1	1	7	2	1	2.418346E+03	2.73732E+06
14	1	1	8	0	0	3.512351E+03	2.42877E+02
14	1	1	8	0	1	3.436731E+03	3.32731E+06
14	1	1	8	2	1	3.544576E+03	2.42234E+06
14	1	1	9	0	0	5.083472E+03	2.01311E+02
14	1	1	9	0	1	4.893988E+03	2.47768E+06
14	1	1	9	2	1	5.042009E+03	2.16320E+06
14	2	0	2	1	0	1.505097E+02	6.27518E+07
14	2	0	3	1	0	3.467248E+02	6.31241E+07
14	2	0	4	1	0	6.405355E+02	3.56999E+07
14	2	0	4	3	0	6.375161E+02	6.12485E+05
14	2	0	5	1	0	1.055545E+03	2.08404E+07
14	2	0	5	3	0	1.051210E+03	9.08698E+05
14	2	0	6	1	0	1.630184E+03	1.32620E+07
14	2	0	6	3	0	1.623488E+03	1.01235E+06
14	2	0	7	1	0	2.424785E+03	8.94389E+06
14	2	0	7	3	0	2.405109E+03	1.02826E+06
14	2	0	8	1	0	3.550786E+03	6.36568E+06
14	2	0	8	3	0	3.479768E+03	1.00973E+06
14	2	0	9	1	0	5.044829E+03	4.73404E+06
14	2	0	9	3	0	5.031073E+03	9.82609E+05
14	2	1	2	1	1	1.443934E+02	9.34359E+07
14	2	1	3	1	1	3.374297E+02	7.34182E+07
14	2	1	4	1	1	6.272781E+02	3.82529E+07
14	2	1	4	3	1	6.374989E+02	6.12485E+05
14	2	1	5	1	1	1.036944E+03	2.13063E+07
14	2	1	5	3	1	1.051159E+03	9.08698E+05
14	2	1	6	1	1	1.604020E+03	1.31354E+07
14	2	1	6	3	1	1.623366E+03	1.01235E+06
14	2	1	7	1	1	2.389862E+03	8.64419E+06
14	2	1	7	3	1	2.408459E+03	1.02826E+06
14	2	1	8	1	1	3.501202E+03	6.02884E+06
14	2	1	8	3	1	3.487861E+03	1.00973E+06
14	2	1	9	1	1	4.991066E+03	4.40261E+06
14	2	1	9	3	1	5.047274E+03	9.82609E+05
14	3	0	3	2	0	3.445337E+02	7.58681E+07
14	3	0	4	2	0	6.375592E+02	4.67488E+07
14	3	0	5	2	0	1.051433E+03	2.81925E+07
14	3	0	5	4	0	1.051323E+03	1.63544E+05
14	3	0	6	2	0	1.623675E+03	1.79711E+07
14	3	0	6	4	0	1.623691E+03	3.06145E+05
14	3	0	7	2	0	2.417171E+03	1.21182E+07
14	3	0	7	4	0	2.417195E+03	4.05235E+05
14	3	0	8	2	0	3.540115E+03	8.57418E+06
14	3	0	8	4	0	3.478431E+03	4.72184E+05
14	3	0	9	2	0	5.036754E+03	6.31514E+06
14	3	0	9	4	0	5.029301E+03	5.20721E+05
14	3	1	3	2	1	3.442309E+02	7.58681E+07
14	3	1	4	2	1	6.368384E+02	4.67488E+07
14	3	1	5	2	1	1.050161E+03	2.81925E+07
14	3	1	5	4	1	1.050917E+03	1.63544E+05
14	3	1	6	2	1	1.621459E+03	1.79711E+07
14	3	1	6	4	1	1.622725E+03	3.06145E+05
14	3	1	7	2	1	2.413563E+03	1.21182E+07
14	3	1	7	4	1	2.415053E+03	4.05235E+05
14	3	1	8	2	1	3.534311E+03	8.57418E+06
14	3	1	8	4	1	3.491570E+03	4.72184E+05
14	3	1	9	2	1	5.021266E+03	6.31514E+06
14	3	1	9	4	1	5.051640E+03	5.20721E+05
14	4	0	4	3	0	6.375431E+02	3.01655E+07
14	4	0	5	3	0	1.051283E+03	2.62838E+07
14	4	0	6	3	0	1.623663E+03	1.93986E+07
14	4	0	6	5	0	1.623789E+03	5.47873E+04
14	4	0	7	3	0	2.405493E+03	1.40704E+07
14	4	0	7	5	0	2.417389E+03	1.24052E+05
14	4	0	8	3	0	3.480570E+03	1.03580E+07
14	4	0	8	5	0	3.477511E+03	1.90755E+05
14	4	0	9	3	0	5.032751E+03	7.79744E+06
14	4	0	9	5	0	5.028054E+03	2.52125E+05
14	4	1	4	3	1	6.373158E+02	3.01655E+07
14	4	1	5	3	1	1.050661E+03	2.62838E+07
14	4	1	6	3	1	1.622179E+03	1.93986E+07
14	4	1	6	5	1	1.622305E+03	5.47873E+04
14	4	1	7	3	1	2.405848E+03	1.40704E+07
14	4	1	7	5	1	2.414101E+03	1.24052E+05
14	4	1	8	3	1	3.482387E+03	1.03580E+07
14	4	1	8	5	1	3.494237E+03	1.90755E+05
14	4	1	9	3	1	5.035819E+03	7.79744E+06
14	4	1	9	5	1	5.054972E+03	2.52125E+05
14	5	0	5	4	0	1.051369E+03	1.36938E+07
14	5	0	6	4	0	1.623803E+03	1.54869E+07
14	5	0	7	4	0	2.417442E+03	1.35181E+07
14	5	0	7	6	0	2.417512E+03	2.21742E+04
14	5	0	8	4	0	3.478944E+03	1.09980E+07
14	5	0	8	6	0	3.476841E+03	5.92908E+04
14	5	0	9	4	0	5.030372E+03	8.78720E+06
14	5	0	9	6	0	5.027135E+03	1.04713E+05
14	5	1	5	4	1	1.050600E+03	1.36938E+07
14	5	1	6	4	1	1.621969E+03	1.54869E+07
14	5	1	7	4	1	2.413380E+03	1.35181E+07
14	5	1	7	6	1	2.413449E+03	2.21742E+04
14	5	1	8	4	1	3.488073E+03	1.09980E+07
14	5	1	8	6	1	3.496228E+03	5.92908E+04
14	5	1	9	4	1	5.044323E+03	8.78720E+06
14	5	1	9	6	1	5.057539E+03	1.04713E+05
14	6	0	6	5	0	1.623867E+03	7.00486E+06
14	6	0	7	5	0	2.417561E+03	9.75667E+06
14	6	0	8	5	0	3.477867E+03	9.82705E+06
14	6	0	8	7	0	3.476331E+03	1.07382E+04
14	6	0	9	5	0	5.028799E+03	8.85946E+06
14	6	0	9	7	0	5.026431E+03	3.34787E+04
14	6	1	6	5	1	1.621780E+03	7.00486E+06
14	6	1	7	5	1	2.412939E+03	9.75667E+06
14	6	1	8	5	1	3.491803E+03	9.82705E+06
14	6	1	8	7	1	3.497766E+03	1.07382E+04
14	6	1	9	5	1	5.049879E+03	8.85946E+06
14	6	1	9	7	1	5.059560E+03	3.34787E+04
14	7	0	7	6	0	2.417639E+03	4.04721E+06
14	7	0	8	6	0	3.477103E+03	6.70065E+06
14	7	0	9	6	0	5.027683E+03	7.64292E+06
14	7	0	9	8	0	5.025874E+03	6.27109E+03
14	7	1	7	6	1	2.412594E+03	4.04721E+06
14	7	1	8	6	1	3.494434E+03	6.70065E+06
14	7	1	9	6	1	5.053784E+03	7.64292E+06
14	7	1	9	8	1	5.061186E+03	6.27109E+03
14	8	0	8	7	0	3.476532E+03	2.67548E+06
14	8	0	9	7	0	5.026851E+03	5.13141E+06
14	8	1	8	7	1	3.496387E+03	2.67548E+06
14	8	1	9	7	1	5.056675E+03	5.13141E+06
14	9	0	9	8	0	5.026207E+03	2.07135E+06
14	9	1	9	8	1	5.058900E+03	2.07135E+06
15	0	0	2	1	0	1.500900E+02	2.17747E+07
15	0	0	2	1	1	1.440081E+02	2.40384E+03
15	0	0	3	1	0	3.445057E+02	1.84626E+07
15	0	0	3	1	1	3.353328E+02	6.20305E+02
15	0	0	4	1	0	6.330027E+02	1.35760E+07
15	0	0	4	1	1	6.200701E+02	4.80204E+02
15	0	0	5	1	0	1.035244E+03	1.00288E+07
15	0	0	5	1	1	1.017393E+03	3.71746E+02
15	0	0	6	1	0	1.582263E+03	7.70590E+06
15	0	0	6	1	1	1.557716E+03	2.87784E+02
15	0	0	7	1	0	2.320261E+03	6.04880E+06
15	0	0	7	1	1	2.288508E+03	2.22786E+02
15	0	0	8	1	0	3.331046E+03	4.88247E+06
15	0	0	8	1	1	3.287873E+03	1.72468E+02
15	0	0	9	1	0	4.612524E+03	4.04468E+06
15	0	0	9	1	1	4.568508E+03	1.33515E+02
15	0	1	2	1	1	1.440478E+02	2.31890E+07
15	0	1	3	1	1	3.355484E+02	1.99037E+07
15	0	1	4	1	1	6.208075E+02	1.46100E+07
15	0	1	5	1	1	1.019380E+03	1.07545E+07
15	0	1	6	1	1	1.562379E+03	8.23383E+06
15	0	1	7	1	1	2.298585E+03	6.44309E+06
15	0	1	8	1	1	3.308715E+03	5.18829E+06
15	0	1	9	1	1	4.608847E+03	4.29017E+06
15	1	0	1	0	0	3.174982E+01	1.65350E+09
15	1	0	2	0	0	1.439680E+02	1.25061E+08
15	1	0	2	1	0	1.500935E+02	3.67270E+03
15	1	0	3	0	0	3.350709E+02	3.63200E+07
15	1	0	3	2	0	3.423556E+02	1.22334E+06
15	1	0	4	0	0	6.196629E+02	1.66513E+07
15	1	0	4	2	0	6.301405E+02	1.78904E+06
15	1	0	5	0	0	1.016840E+03	9.17868E+06
15	1	0	5	2	0	1.031408E+03	1.87169E+06
15	1	0	6	0	0	1.595418E+03	5.69879E+06
15	1	0	6	2	0	1.576410E+03	1.77735E+06
15	1	0	7	0	0	2.319212E+03	3.83766E+06
15	1	0	7	2	0	2.313890E+03	1.61062E+06
15	1	0	8	0	0	3.293503E+03	2.74207E+06
15	1	0	8	2	0	3.322892E+03	1.44472E+06
15	1	0	9	0	0	4.637478E+03	2.05030E+06
15	1	0	9	2	0	4.608156E+03	1.29914E+06
15	1	1	1	0	0	3.175029E+01	8.04206E+04
15	1	1	2	0	0	1.439777E+02	5.30337E+03
15	1	1	2	0	1	1.354451E+02	1.29843E+08
15	1	1	2	1	1	1.440210E+02	3.96418E+03
15	1	1	3	0	0	3.351234E+02	1.59013E+03
15	1	1	3	0	1	3.225767E+02	5.19144E+07
15	1	1	3	2	1	3.421542E+02	1.88916E+06
15	1	1	4	0	0	6.198423E+02	7.75514E+02
15	1	1	4	0	1	6.022911E+02	2.25074E+07
15	1	1	4	2	1	6.297669E+02	2.62934E+06
15	1	1	5	0	0	1.017323E+03	4.75093E+02
15	1	1	5	0	1	9.935927E+02	9.17876E+06
15	1	1	5	2	1	1.031069E+03	2.63204E+06
15	1	1	6	0	0	1.596607E+03	3.30893E+02
15	1	1	6	0	1	1.526304E+03	5.67824E+06
15	1	1	6	2	1	1.576390E+03	2.42063E+06
15	1	1	7	0	0	2.321727E+03	2.49802E+02
15	1	1	7	0	1	2.246607E+03	3.79819E+06
15	1	1	7	2	1	2.315044E+03	2.14709E+06
15	1	1	8	0	0	3.298577E+03	1.99151E+02
15	1	1	8	0	1	3.231794E+03	2.69930E+06
15	1	1	8	2	1	3.326983E+03	1.89548E+06
15	1	1	9	0	0	4.647545E+03	1.65068E+02
15	1	1	9	0	1	4.488658E+03	2.00905E+06
15	1	1	9	2	1	4.612865E+03	1.68381E+06
15	2	0	2	1	0	1.500948E+02	4.56422E+07
15	2	0	3	1	0	3.445308E+02	4.96502E+07
15	2	0	4	1	0	6.330876E+02	2.85540E+07
15	2	0	4	3	0	6.301379E+02	4.90714E+05
15	2	0	5	1	0	1.035471E+03	1.67661E+07
15	2	0	5	3	0	1.031299E+03	7.24466E+05
15	2	0	6	1	0	1.582794E+03	1.06925E+07
15	2	0	6	3	0	1.576481E+03	8.02353E+05
15	2	0	7	1	0	2.321401E+03	7.21708E+06
15	2	0	7	3	0	2.303362E+03	8.09175E+05
15	2	0	8	1	0	3.333397E+03	5.13626E+06
15	2	0	8	3	0	3.270731E+03	7.87668E+05
15	2	0	9	1	0	4.617033E+03	3.81651E+06
15	2	0	9	3	0	4.605508E+03	7.58182E+05
15	2	1	2	1	1	1.440114E+02	6.95390E+07
15	2	1	3	1	1	3.353508E+02	5.81445E+07
15	2	1	4	1	1	6.201315E+02	3.07460E+07
15	2	1	4	3	1	6.301188E+02	4.90714E+05
15	2	1	5	1	1	1.017558E+03	1.72153E+07
15	2	1	5	3	1	1.031243E+03	7.24466E+05
15	2	1	6	1	1	1.558104E+03	1.06361E+07
15	2	1	6	3	1	1.576352E+03	8.02353E+05
15	2	1	7	1	1	2.289345E+03	7.00778E+06
15	2	1	7	3	1	2.306404E+03	8.09175E+05
15	2	1	8	1	1	3.289601E+03	4.89064E+06
15	2	1	8	3	1	3.277821E+03	7.87668E+05
15	2	1	9	1	1	4.571845E+03	3.57268E+06
15	2	1	9	3	1	4.618963E+03	7.58182E+05
15	3	0	3	2	0	3.423660E+02	6.11425E+07
15	3	0	4	2	0	6.301759E+02	3.76868E+07
15	3	0	5	2	0	1.031503E+03	2.27331E+07
15	3	0	5	4	0	1.031396E+03	1.28921E+05
15	3	0	6	2	0	1.576632E+03	1.44931E+07
15	3	0	6	4	0	1.576647E+03	2.39470E+05
15	3	0	7	2	0	2.314367E+03	9.77294E+06
15	3	0	7	4	0	2.314388E+03	3.14060E+05
15	3	0	8	2	0	3.323876E+03	6.91361E+06
15	3	0	8	4	0	3.269440E+03	3.61864E+05
15	3	0	9	2	0	4.610049E+03	5.09034E+06
15	3	0	9	4	0	4.603805E+03	3.93559E+05
15	3	1	3	2	1	3.420723E+02	6.11425E+07
15	3	1	4	2	1	6.294894E+02	3.76868E+07
15	3	1	5	2	1	1.030326E+03	2.27331E+07
15	3	1	5	4	1	1.031054E+03	1.28921E+05
15	3	1	6	2	1	1.574653E+03	1.44931E+07
15	3	1	6	4	1	1.575847E+03	2.39470E+05
15	3	1	7	2	1	2.311299E+03	9.77294E+06
15	3	1	7	4	1	2.312665E+03	3.14060E+05
15	3	1	8	2	1	3.319254E+03	6.91361E+06
15	3	1	8	4	1	3.281528E+03	3.61864E+05
15	3	1	9	2	1	4.598020E+03	5.09034E+06
15	3	1	9	4	1	4.623477E+03	3.93559E+05
15	4	0	4	3	0	6.301576E+02	2.40426E+07
15	4	0	5	3	0	1.031351E+03	2.09569E+07
15	4	0	6	3	0	1.576604E+03	1.54729E+07
15	4	0	6	5	0	1.576723E+03	4.21039E+04
15	4	0	7	3	0	2.303625E+03	1.12268E+07
15	4	0	7	5	0	2.314533E+03	9.42435E+04
15	4	0	8	3	0	3.271262E+03	8.26741E+06
15	4	0	8	5	0	3.268560E+03	1.42922E+05
15	4	0	9	3	0	4.606562E+03	6.22595E+06
15	4	0	9	5	0	4.602627E+03	1.85702E+05
15	4	1	4	3	1	6.299655E+02	2.40426E+07
15	4	1	5	3	1	1.030833E+03	2.09569E+07
15	4	1	6	3	1	1.575392E+03	1.54729E+07
15	4	1	6	5	1	1.575511E+03	4.21039E+04
15	4	1	7	3	1	2.304351E+03	1.12268E+07
15	4	1	7	5	1	2.311922E+03	9.42435E+04
15	4	1	8	3	1	3.273675E+03	8.26741E+06
15	4	1	8	5	1	3.284145E+03	1.42922E+05
15	4	1	9	3	1	4.610736E+03	6.22595E+06
15	4	1	9	5	1	4.626786E+03	1.85702E+05
15	5	0	5	4	0	1.031430E+03	1.07166E+07
15	5	0	6	4	0	1.576726E+03	1.21259E+07
15	5	0	7	4	0	2.314559E+03	1.05904E+07
15	5	0	7	6	0	2.314623E+03	1.64085E+04
15	5	0	8	4	0	3.269780E+03	8.62188E+06
15	5	0	8	6	0	3.267923E+03	4.31512E+04
15	5	0	9	4	0	4.604479E+03	6.89473E+06
15	5	0	9	6	0	4.601767E+03	7.46645E+04
15	5	1	5	4	1	1.030792E+03	1.07166E+07
15	5	1	6	4	1	1.575234E+03	1.21259E+07
15	5	1	7	4	1	2.311347E+03	1.05904E+07
15	5	1	7	6	1	2.311411E+03	1.64085E+04
15	5	1	8	4	1	3.278874E+03	8.62188E+06
15	5	1	8	6	1	3.286080E+03	4.31512E+04
15	5	1	9	4	1	4.618210E+03	6.89473E+06
15	5	1	9	6	1	4.629285E+03	7.46645E+04
15	6	0	6	5	0	1.576779E+03	5.33008E+06
15	6	0	7	5	0	2.314652E+03	7.42913E+06
15	6	0	8	5	0	3.268797E+03	7.48936E+06
15	6	0	8	7	0	3.267440E+03	7.52444E+03
15	6	0	9	5	0	4.603096E+03	6.76025E+06
15	6	0	9	7	0	4.601112E+03	2.29044E+04
15	6	1	6	5	1	1.575086E+03	5.33008E+06
15	6	1	7	5	1	2.311005E+03	7.42913E+06
15	6	1	8	5	1	3.282295E+03	7.48936E+06
15	6	1	8	7	1	3.287564E+03	7.52444E+03
15	6	1	9	5	1	4.623115E+03	6.76025E+06
15	6	1	9	7	1	4.631228E+03	2.29044E+04
15	7	0	7	6	0	2.314711E+03	2.95477E+06
15	7	0	8	6	0	3.268097E+03	4.89697E+06
15	7	0	9	6	0	4.602113E+03	5.59377E+06
15	7	0	9	8	0	4.600597E+03	4.06630E+03
15	7	1	7	6	1	2.310735E+03	2.95477E+06
15	7	1	8	6	1	3.284715E+03	4.89697E+06
15	7	1	9	6	1	4.626576E+03	5.59377E+06
15	7	1	9	8	1	4.632779E+03	4.06630E+03
15	8	0	8	7	0	3.267574E+03	1.84029E+06
15	8	0	9	7	0	4.601378E+03	3.53524E+06
15	8	1	8	7	1	3.286515E+03	1.84029E+06
15	8	1	9	7	1	4.629145E+03	3.53524E+06
15	9	0	9	8	0	4.600808E+03	1.30827E+06
15	9	1	9	8	1	4.631127E+03	1.30827E+06
10	1	0	10	2	0	3.828906E+06	1.37844E+01
10	1	1	10	0	1	2.871177E+05	9.50326E+03
10	2	1	10	1	1	8.575867E+05	6.44788E+02
10	3	1	10	2	1	1.692577E+06	1.22521E-02
10	4	1	10	3	1	2.793911E+06	3.41267E-05
10	5	1	10	4	1	4.161872E+06	4.47278E-07
10	6	1	10	5	1	5.796537E+06	1.36407E-08
10	7	1	10	6	1	7.697951E+06	6.90373E-10
10	8	1	10	7	1	9.866097E+06	4.63410E-11
10	9	1	10	8	1	1.230102E+07	3.13795E-12
11	0	0	10	1	0	2.087128E+04	1.08910E+07
11	0	0	10	1	1	2.022415E+04	2.71267E+02
11	0	1	10	1	1	2.222039E+04	1.17008E+07
11	1	0	10	0	0	2.143012E+04	3.80485E+06
11	1	0	10	2	0	2.098647E+04	3.97032E+06
11	1	0	11	2	0	5.223195E+06	9.17659E+00
11	1	1	10	0	0	2.197606E+04	3.43740E+02
11	1	1	10	0	1	1.951396E+04	3.63968E+06
11	1	1	10	2	1	2.146089E+04	5.26575E+06
11	1	1	11	0	1	3.624832E+05	5.71916E+03
11	2	0	10	1	0	2.118773E+04	7.55391E+06
11	2	0	10	3	0	2.101170E+04	2.81110E+06
11	2	1	10	1	1	2.053373E+04	6.36346E+06
11	2	1	10	3	1	2.130221E+04	2.81110E+06
11	2	1	11	1	1	1.066214E+06	4.04196E+02
11	3	0	10	2	0	2.111517E+04	9.77122E+06
11	3	0	10	4	0	2.101933E+04	1.89809E+06
11	3	1	10	2	1	2.082793E+04	9.77122E+06
11	3	1	10	4	1	2.124779E+04	1.89809E+06
11	3	1	11	2	1	2.091341E+06	7.73786E-03
11	4	0	10	3	0	2.108232E+04	1.26359E+07
11	4	0	10	5	0	2.102176E+04	1.25018E+06
11	4	1	10	3	1	2.095894E+04	1.26359E+07
11	4	1	10	5	1	2.122505E+04	1.25018E+06
11	4	1	11	3	1	3.440155E+06	2.18903E-05
11	5	0	10	4	0	2.106413E+04	1.60056E+07
11	5	0	10	6	0	2.102232E+04	7.78761E+05
11	5	1	10	4	1	2.103050E+04	1.60056E+07
11	5	1	10	6	1	2.121467E+04	7.78761E+05
11	5	1	11	4	1	5.113026E+06	2.93790E-07
11	6	0	10	5	0	2.105276E+04	2.00142E+07
11	6	0	10	7	0	2.102213E+04	4.40496E+05
11	6	1	10	5	1	2.107466E+04	2.00142E+07
11	6	1	10	7	1	2.120984E+04	4.40496E+05
11	6	1	11	5	1	7.110049E+06	9.29666E-09
11	7	0	10	6	0	2.104506E+04	2.48027E+07
11	7	0	10	8	0	2.102164E+04	2.09059E+05
11	7	1	10	6	1	2.110423E+04	2.48027E+07
11	7	1	10	8	1	2.120773E+04	2.09059E+05
11	7	1	11	6	1	9.431275E+06	5.00146E-10
11	8	0	10	7	0	2.103954E+04	3.05313E+07
11	8	0	10	9	0	2.102104E+04	6.65275E+04
11	8	1	10	7	1	2.112523E+04	3.05313E+07
11	8	1	10	9	1	2.120706E+04	6.65275E+04
11	8	1	11	7	1	1.207671E+07	3.76521E-11
11	9	0	10	8	0	2.103540E+04	3.73873E+07
11	9	1	10	8	1	2.114081E+04	3.73873E+07
11	9	1	11	8	1	1.504637E+07	3.39003E-12
12	0	0	10	1	0	1.190070E+04	7.75964E+06
12	0	0	10	1	1	1.168746E+04	2.06936E+02
12	0	0	11	1	0	2.729250E+04	7.05307E+06
12	0	0	11	1	1	2.645549E+04	1.60198E+02
12	0	1	10	1	1	1.218770E+04	8.26980E+06
12	0	1	11	1	1	2.916520E+04	7.56089E+06
12	1	0	10	0	0	1.205964E+04	3.10688E+06
12	1	0	10	2	0	1.191786E+04	2.80342E+06
12	1	0	11	0	0	2.798472E+04	2.35306E+06
12	1	0	11	2	0	2.743531E+04	2.65449E+06
12	1	0	12	2	0	7.075278E+06	6.32939E+00
12	1	1	10	0	0	1.219171E+04	2.67616E+02
12	1	1	10	0	1	1.139416E+04	3.00671E+06
12	1	1	10	2	1	1.203148E+04	3.63079E+06
12	1	1	11	0	0	2.870632E+04	2.33443E+02
12	1	1	11	0	1	2.545977E+04	2.24432E+06
12	1	1	11	2	1	2.810488E+04	3.50020E+06
12	1	1	12	0	1	4.481354E+05	3.59745E+03
12	2	0	10	1	0	1.197531E+04	5.91509E+06
12	2	0	10	3	0	1.191887E+04	1.86910E+06
12	2	0	11	1	0	2.768811E+04	4.60363E+06
12	2	0	11	3	0	2.746723E+04	1.93947E+06
12	2	1	10	1	1	1.175776E+04	5.22670E+06
12	2	1	10	3	1	1.200577E+04	1.86910E+06
12	2	1	11	1	1	2.681848E+04	3.85416E+06
12	2	1	11	3	1	2.787716E+04	1.93947E+06
12	2	1	12	1	1	1.300724E+06	2.63893E+02
12	3	0	10	2	0	1.194845E+04	7.74838E+06
12	3	0	10	4	0	1.191770E+04	1.18124E+06
12	3	0	11	2	0	2.759794E+04	5.84154E+06
12	3	0	11	4	0	2.747705E+04	1.36349E+06
12	3	1	10	2	1	1.186546E+04	7.74838E+06
12	3	1	10	4	1	1.200055E+04	1.18124E+06
12	3	1	11	2	1	2.721538E+04	5.84154E+06
12	3	1	11	4	1	2.779702E+04	1.36349E+06
12	3	1	12	2	1	2.537383E+06	5.07228E-03
12	4	0	10	3	0	1.193572E+04	9.88950E+06
12	4	0	10	5	0	1.191628E+04	7.18047E+05
12	4	0	11	3	0	2.755688E+04	7.42597E+06
12	4	0	11	5	0	2.748026E+04	9.46187E+05
12	4	1	10	3	1	1.191501E+04	9.88950E+06
12	4	1	10	5	1	1.200055E+04	7.18047E+05
12	4	1	11	3	1	2.739269E+04	7.42597E+06
12	4	1	11	5	1	2.776249E+04	9.46187E+05
12	4	1	12	3	1	4.160951E+06	1.45128E-05
12	5	0	10	4	0	1.192841E+04	1.21209E+07
12	5	0	10	6	0	1.191499E+04	4.05329E+05
12	5	0	11	4	0	2.753406E+04	9.25375E+06
12	5	0	11	6	0	2.748106E+04	6.33284E+05
12	5	1	10	4	1	1.194289E+04	1.21209E+07
12	5	1	10	6	1	1.200206E+04	4.05329E+05
12	5	1	11	4	1	2.748957E+04	9.25375E+06
12	5	1	11	6	1	2.774602E+04	6.33284E+05
12	5	1	12	4	1	6.171891E+06	1.98058E-07
12	6	0	10	5	0	1.192371E+04	1.42728E+07
12	6	0	10	7	0	1.191388E+04	2.02573E+05
12	6	0	11	5	0	2.751978E+04	1.13902E+07
12	6	0	11	7	0	2.748090E+04	3.98897E+05
12	6	1	10	5	1	1.196054E+04	1.42728E+07
12	6	1	10	7	1	1.200396E+04	2.02573E+05
12	6	1	11	5	1	2.754932E+04	1.13902E+07
12	6	1	11	7	1	2.773782E+04	3.98897E+05
12	6	1	12	5	1	8.570324E+06	6.42409E-09
12	7	0	10	6	0	1.192045E+04	1.60090E+07
12	7	0	10	8	0	1.191293E+04	8.18179E+04
12	7	0	11	6	0	2.751009E+04	1.39002E+07
12	7	0	11	8	0	2.748034E+04	2.27547E+05
12	7	1	10	6	1	1.197264E+04	1.60090E+07
12	7	1	10	8	1	1.200588E+04	8.18179E+04
12	7	1	11	6	1	2.758929E+04	1.39002E+07
12	7	1	11	8	1	2.773378E+04	2.27547E+05
12	7	1	12	6	1	1.135632E+07	3.58895E-10
12	8	0	10	7	0	1.191805E+04	1.67434E+07
12	8	0	10	9	0	1.191212E+04	2.08482E+04
12	8	0	11	7	0	2.750314E+04	1.68552E+07
12	8	0	11	9	0	2.747962E+04	1.08724E+05
12	8	1	10	7	1	1.198140E+04	1.67434E+07
12	8	1	10	9	1	1.200768E+04	2.08482E+04
12	8	1	11	7	1	2.761764E+04	1.68552E+07
12	8	1	11	9	1	2.773196E+04	1.08724E+05
12	8	1	12	7	1	1.452986E+07	2.87398E-11
12	9	0	10	8	0	1.191623E+04	1.55059E+07
12	9	0	11	8	0	2.749792E+04	2.03363E+07
12	9	1	10	8	1	1.198802E+04	1.55059E+07
12	9	1	11	8	1	2.763866E+04	2.03363E+07
12	9	1	12	8	1	1.809100E+07	2.90379E-12
13	0	0	10	1	0	8.904553E+03	5.73636E+06
13	0	0	10	1	1	8.784627E+03	1.61321E+02
13	0	0	11	1	0	1.540511E+04	5.12744E+06
13	0	0	11	1	1	1.513483E+04	1.24885E+02
13	0	0	12	1	0	3.489720E+04	4.72847E+06
13	0	0	12	1	1	3.383654E+04	9.66791E+01
13	0	1	10	1	1	9.008371E+03	6.09467E+06
13	0	1	11	1	1	1.581143E+04	5.45286E+06
13	0	1	12	1	1	3.741606E+04	5.05954E+06
13	1	0	10	0	0	8.985038E+03	2.45930E+06
13	1	0	10	2	0	8.906100E+03	2.03352E+06
13	1	0	11	0	0	1.559851E+04	1.95324E+06
13	1	0	11	2	0	1.542632E+04	1.92134E+06
13	1	0	12	0	0	3.572356E+04	1.51774E+06
13	1	0	12	2	0	3.506773E+04	1.82703E+06
13	1	0	13	2	0	9.529119E+06	4.49741E+00
13	1	1	10	0	0	9.042760E+03	2.12570E+02
13	1	1	10	0	1	8.596457E+03	2.39057E+06
13	1	1	10	2	1	8.954311E+03	2.61789E+06
13	1	1	11	0	0	1.577330E+04	1.85426E+02
13	1	1	11	0	1	1.474048E+04	1.88481E+06
13	1	1	11	2	1	1.558998E+04	2.47198E+06
13	1	1	12	0	0	3.665379E+04	1.64597E+02
13	1	1	12	0	1	3.247365E+04	1.44406E+06
13	1	1	12	2	1	3.597908E+04	2.39743E+06
13	1	1	13	0	1	5.445898E+05	2.34846E+03
13	2	0	10	1	0	8.935235E+03	4.61105E+06
13	2	0	10	3	0	8.903778E+03	1.30834E+06
13	2	0	11	1	0	1.549718E+04	3.66932E+06
13	2	0	11	3	0	1.542774E+04	1.32886E+06
13	2	0	12	1	0	3.537323E+04	2.93258E+06
13	2	0	12	3	0	3.510650E+04	1.36910E+06
13	2	1	10	1	1	8.811800E+03	4.16007E+06
13	2	1	10	3	1	8.950362E+03	1.30834E+06
13	2	1	11	1	1	1.521567E+04	3.21993E+06
13	2	1	11	3	1	1.555073E+04	1.32886E+06
13	2	1	12	1	1	3.424327E+04	2.44240E+06
13	2	1	12	3	1	3.566345E+04	1.36910E+06
13	2	1	13	1	1	1.562283E+06	1.78276E+02
13	3	0	10	2	0	8.918788E+03	6.06381E+06
13	3	0	10	4	0	8.901646E+03	7.90892E+05
13	3	0	11	2	0	1.546442E+04	4.72879E+06
13	3	0	11	4	0	1.542639E+04	8.81123E+05
13	3	0	12	2	0	3.526527E+04	3.66069E+06
13	3	0	12	4	0	3.511859E+04	9.93460E+05
13	3	1	10	2	1	8.877221E+03	6.06381E+06
13	3	1	10	4	1	8.952621E+03	7.90892E+05
13	3	1	11	2	1	1.535778E+04	4.72879E+06
13	3	1	11	4	1	1.554129E+04	8.81123E+05
13	3	1	12	2	1	3.476597E+04	3.66069E+06
13	3	1	12	4	1	3.555010E+04	9.93460E+05
13	3	1	13	2	1	3.032726E+06	3.43276E-03
13	4	0	10	3	0	8.910795E+03	7.64727E+06
13	4	0	10	5	0	8.899958E+03	4.55405E+05
13	4	0	11	3	0	1.544881E+04	5.96953E+06
13	4	0	11	5	0	1.542471E+04	5.70287E+05
13	4	0	12	3	0	3.521583E+04	4.58618E+06
13	4	0	12	5	0	3.512263E+04	7.17125E+05
13	4	1	10	3	1	8.907996E+03	7.64727E+06
13	4	1	10	5	1	8.955719E+03	4.55405E+05
13	4	1	11	3	1	1.542328E+04	5.96953E+06
13	4	1	11	5	1	1.553983E+04	5.70287E+05
13	4	1	12	3	1	3.500017E+04	4.58618E+06
13	4	1	12	5	1	3.550010E+04	7.17125E+05
13	4	1	13	3	1	4.959378E+06	9.90592E-06
13	5	0	10	4	0	8.906117E+03	9.13026E+06
13	5	0	10	6	0	8.898633E+03	2.40473E+05
13	5	0	11	4	0	1.543983E+04	7.27568E+06
13	5	0	11	6	0	1.542315E+04	3.51056E+05
13	5	0	12	4	0	3.518829E+04	5.63585E+06
13	5	0	12	6	0	3.512370E+04	5.05283E+05
13	5	1	10	4	1	8.925626E+03	9.13026E+06
13	5	1	10	6	1	8.958633E+03	2.40473E+05
13	5	1	11	4	1	1.546012E+04	7.27568E+06
13	5	1	11	6	1	1.554090E+04	3.51056E+05
13	5	1	12	4	1	3.512821E+04	5.63585E+06
13	5	1	12	6	1	3.547554E+04	5.05283E+05
13	5	1	13	4	1	7.342802E+06	1.36859E-07
13	6	0	10	5	0	8.903062E+03	1.02760E+07
13	6	0	10	7	0	8.897579E+03	1.10523E+05
13	6	0	11	5	0	1.543403E+04	8.58690E+06
13	6	0	11	7	0	1.542179E+04	1.99668E+05
13	6	0	12	5	0	3.517101E+04	6.84434E+06
13	6	0	12	7	0	3.512358E+04	3.41736E+05
13	6	1	10	5	1	8.936959E+03	1.02760E+07
13	6	1	10	7	1	8.961179E+03	1.10523E+05
13	6	1	11	5	1	1.548343E+04	8.58690E+06
13	6	1	11	7	1	1.554279E+04	1.99668E+05
13	6	1	12	5	1	3.520715E+04	6.84434E+06
13	6	1	12	7	1	3.546277E+04	3.41736E+05
13	6	1	13	5	1	1.018316E+07	4.51756E-09
13	7	0	10	6	0	8.900916E+03	1.07286E+07
13	7	0	10	8	0	8.896723E+03	4.00655E+04
13	7	0	11	6	0	1.543000E+04	9.77788E+06
13	7	0	11	8	0	1.542064E+04	1.00249E+05
13	7	0	12	6	0	3.515928E+04	8.24412E+06
13	7	0	12	8	0	3.512295E+04	2.16964E+05
13	7	1	10	6	1	8.944820E+03	1.07286E+07
13	7	1	10	8	1	8.963361E+03	4.00655E+04
13	7	1	11	6	1	1.549938E+04	9.77788E+06
13	7	1	11	8	1	1.554488E+04	1.00249E+05
13	7	1	12	6	1	3.525991E+04	8.24412E+06
13	7	1	12	8	1	3.545604E+04	2.16964E+05
13	7	1	13	6	1	1.348052E+07	2.58875E-10
13	8	0	10	7	0	8.899328E+03	1.00437E+07
13	8	0	10	9	0	8.896018E+03	8.83219E+03
13	8	0	11	7	0	1.542705E+04	1.06315E+07
13	8	0	11	9	0	1.541965E+04	4.05903E+04
13	8	0	12	7	0	3.515085E+04	9.86966E+06
13	8	0	12	9	0	3.512212E+04	1.24551E+05
13	8	1	10	7	1	8.950575E+03	1.00437E+07
13	8	1	10	9	1	8.965232E+03	8.83219E+03
13	8	1	11	7	1	1.551092E+04	1.06315E+07
13	8	1	11	9	1	1.554692E+04	4.05903E+04
13	8	1	12	7	1	3.529729E+04	9.86966E+06
13	8	1	12	9	1	3.545259E+04	1.24551E+05
13	8	1	13	7	1	1.723493E+07	2.15402E-11
13	9	0	10	8	0	8.898107E+03	7.81831E+06
13	9	0	11	8	0	1.542480E+04	1.07950E+07
13	9	0	12	8	0	3.514453E+04	1.17593E+07
13	9	1	10	8	1	8.954962E+03	7.81831E+06
13	9	1	11	8	1	1.551963E+04	1.07950E+07
13	9	1	12	8	1	3.532497E+04	1.17593E+07
13	9	1	13	8	1	2.144634E+07	2.31618E-12
14	0	0	10	1	0	7.415069E+03	4.38241E+06
14	0	0	10	1	1	7.331720E+03	1.28105E+02
14	0	0	11	1	0	1.143224E+04	3.85488E+06
14	0	0	11	1	1	1.128271E+04	9.91712E+01
14	0	0	12	1	0	1.952591E+04	3.49693E+06
14	0	0	12	1	1	1.918934E+04	7.67726E+01
14	0	0	13	1	0	4.378456E+04	3.26502E+06
14	0	0	13	1	1	4.246370E+04	5.94329E+01
14	0	1	10	1	1	7.458134E+03	4.64789E+06
14	0	1	11	1	1	1.158489E+04	4.08719E+06
14	0	1	12	1	1	2.008015E+04	3.71210E+06
14	0	1	13	1	1	4.708610E+04	3.48808E+06
14	1	0	10	0	0	7.466696E+03	1.96413E+06
14	1	0	10	2	0	7.412102E+03	1.52704E+06
14	1	0	11	0	0	1.152863E+04	1.56915E+06
14	1	0	11	2	0	1.143430E+04	1.42134E+06
14	1	0	12	0	0	1.975323E+04	1.27739E+06
14	1	0	12	2	0	1.955105E+04	1.35052E+06
14	1	0	13	0	0	4.474028E+04	1.01413E+06
14	1	0	13	2	0	4.398147E+04	1.28973E+06
14	1	0	14	2	0	1.278483E+07	3.27768E+00
14	1	1	10	0	0	7.498708E+03	1.71754E+02
14	1	1	10	0	1	7.189197E+03	1.91372E+06
14	1	1	10	2	1	7.437784E+03	1.96196E+06
14	1	1	11	0	0	1.160512E+04	1.49822E+02
14	1	1	11	0	1	1.103619E+04	1.52096E+06
14	1	1	11	2	1	1.150558E+04	1.81692E+06
14	1	1	12	0	0	1.997886E+04	1.32992E+02
14	1	1	12	0	1	1.866898E+04	1.22964E+06
14	1	1	12	2	1	1.977671E+04	1.72794E+06
14	1	1	13	0	0	4.591478E+04	1.19720E+02
14	1	1	13	0	1	4.063911E+04	9.62892E+05
14	1	1	13	2	1	4.518649E+04	1.68541E+06
14	1	1	14	0	1	6.523554E+05	1.58235E+03
14	2	0	10	1	0	7.430795E+03	3.65185E+06
14	2	0	10	3	0	7.409026E+03	9.60301E+05
14	2	0	11	1	0	1.146966E+04	2.90617E+06
14	2	0	11	3	0	1.143158E+04	9.51219E+05
14	2	0	12	1	0	1.963533E+04	2.37188E+06
14	2	0	12	3	0	1.955287E+04	9.62140E+05
14	2	0	13	1	0	4.433864E+04	1.93856E+06
14	2	0	13	3	0	4.402682E+04	9.86796E+05
14	2	1	10	1	1	7.344589E+03	3.33595E+06
14	2	1	10	3	1	7.440600E+03	9.60301E+05
14	2	1	11	1	1	1.131322E+04	2.60280E+06
14	2	1	11	3	1	1.149741E+04	9.51219E+05
14	2	1	12	1	1	1.927775E+04	2.06928E+06
14	2	1	12	3	1	1.971983E+04	9.62140E+05
14	2	1	13	1	1	4.289905E+04	1.60739E+06
14	2	1	13	3	1	4.476132E+04	9.86796E+05
14	2	1	14	1	1	1.852040E+06	1.23991E+02
14	3	0	10	2	0	7.418658E+03	4.81036E+06
14	3	0	10	4	0	7.406793E+03	5.62120E+05
14	3	0	11	2	0	1.144991E+04	3.76817E+06
14	3	0	11	4	0	1.142904E+04	6.06090E+05
14	3	0	12	2	0	1.959673E+04	3.01293E+06
14	3	0	12	4	0	1.955135E+04	6.62523E+05
14	3	0	13	2	0	4.421332E+04	2.38594E+06
14	3	0	13	4	0	4.404111E+04	7.34573E+05
14	3	1	10	2	1	7.392733E+03	4.81036E+06
14	3	1	10	4	1	7.444950E+03	5.62120E+05
14	3	1	11	2	1	1.139813E+04	3.76817E+06
14	3	1	11	4	1	1.149890E+04	6.06090E+05
14	3	1	12	2	1	1.946137E+04	3.01293E+06
14	3	1	12	4	1	1.970466E+04	6.62523E+05
14	3	1	13	2	1	4.357330E+04	2.38594E+06
14	3	1	13	4	1	4.460610E+04	7.34573E+05
14	3	1	14	2	1	3.579347E+06	2.38815E-03
14	4	0	10	3	0	7.412665E+03	6.00533E+06
14	4	0	10	5	0	7.405164E+03	3.11197E+05
14	4	0	11	3	0	1.144025E+04	4.72087E+06
14	4	0	11	5	0	1.142702E+04	3.73990E+05
14	4	0	12	3	0	1.957823E+04	3.76436E+06
14	4	0	12	5	0	1.954939E+04	4.49699E+05
14	4	0	13	3	0	4.415562E+04	2.95172E+06
14	4	0	13	5	0	4.404594E+04	5.46887E+05
14	4	1	10	3	1	7.415733E+03	6.00533E+06
14	4	1	10	5	1	7.448777E+03	3.11197E+05
14	4	1	11	3	1	1.143814E+04	4.72087E+06
14	4	1	11	5	1	1.150212E+04	3.73990E+05
14	4	1	12	3	1	1.954613E+04	3.76436E+06
14	4	1	12	5	1	1.970107E+04	4.49699E+05
14	4	1	13	3	1	4.387625E+04	2.95172E+06
14	4	1	13	5	1	4.453639E+04	5.46887E+05
14	4	1	14	3	1	5.838431E+06	6.93715E-06
14	5	0	10	4	0	7.409117E+03	7.02227E+06
14	5	0	10	6	0	7.403937E+03	1.56553E+05
14	5	0	11	4	0	1.143458E+04	5.64672E+06
14	5	0	11	6	0	1.142543E+04	2.17337E+05
14	5	0	12	4	0	1.956755E+04	4.55815E+06
14	5	0	12	6	0	1.954756E+04	2.94669E+05
14	5	0	13	4	0	4.412339E+04	3.58387E+06
14	5	0	13	6	0	4.404727E+04	4.00557E+05
14	5	1	10	4	1	7.429068E+03	7.02227E+06
14	5	1	10	6	1	7.451921E+03	1.56553E+05
14	5	1	11	4	1	1.146106E+04	5.64672E+06
14	5	1	11	6	1	1.150539E+04	2.17337E+05
14	5	1	12	4	1	1.959379E+04	4.55815E+06
14	5	1	12	6	1	1.970138E+04	2.94669E+05
14	5	1	13	4	1	4.404197E+04	3.58387E+06
14	5	1	13	6	1	4.450136E+04	4.00557E+05
14	5	1	14	4	1	8.629989E+06	9.67416E-08
14	6	0	10	5	0	7.406779E+03	7.63345E+06
14	6	0	10	7	0	7.402984E+03	6.77189E+04
14	6	0	11	5	0	1.143087E+04	6.44677E+06
14	6	0	11	7	0	1.142415E+04	1.15208E+05
14	6	0	12	5	0	1.956065E+04	5.37233E+06
14	6	0	12	7	0	1.954597E+04	1.82758E+05
14	6	0	13	5	0	4.410314E+04	4.30208E+06
14	6	0	13	7	0	4.404716E+04	2.85028E+05
14	6	1	10	5	1	7.437722E+03	7.63345E+06
14	6	1	10	7	1	7.454490E+03	6.77189E+04
14	6	1	11	5	1	1.147578E+04	6.44677E+06
14	6	1	11	7	1	1.150836E+04	1.15208E+05
14	6	1	12	5	1	1.962393E+04	5.37233E+06
14	6	1	12	7	1	1.970309E+04	1.82758E+05
14	6	1	13	5	1	4.414411E+04	4.30208E+06
14	6	1	13	7	1	4.448261E+04	2.85028E+05
14	6	1	14	5	1	1.195420E+07	3.23504E-09
14	7	0	10	6	0	7.405126E+03	7.55379E+06
14	7	0	10	8	0	7.402224E+03	2.27166E+04
14	7	0	11	6	0	1.142826E+04	6.96605E+06
14	7	0	11	8	0	1.142312E+04	5.29777E+04
14	7	0	12	6	0	1.955585E+04	6.15655E+06
14	7	0	12	8	0	1.954460E+04	1.04448E+05
14	7	0	13	6	0	4.408937E+04	5.12379E+06
14	7	0	13	8	0	4.404646E+04	1.94208E+05
14	7	1	10	6	1	7.443772E+03	7.55379E+06
14	7	1	10	8	1	7.456608E+03	2.27166E+04
14	7	1	11	6	1	1.148598E+04	6.96605E+06
14	7	1	11	8	1	1.151095E+04	5.29777E+04
14	7	1	12	6	1	1.964453E+04	6.15655E+06
14	7	1	12	8	1	1.970526E+04	1.04448E+05
14	7	1	13	6	1	4.421233E+04	5.12379E+06
14	7	1	13	8	1	4.447228E+04	1.94208E+05
14	7	1	14	6	1	1.581118E+07	1.88770E-10
14	8	0	10	7	0	7.403896E+03	6.52779E+06
14	8	0	10	9	0	7.401604E+03	4.52231E+03
14	8	0	11	7	0	1.142633E+04	6.99775E+06
14	8	0	11	9	0	1.142226E+04	1.91647E+04
14	8	0	12	7	0	1.955233E+04	6.82310E+06
14	8	0	12	9	0	1.954343E+04	5.25967E+04
14	8	0	13	7	0	4.407947E+04	6.06684E+06
14	8	0	13	9	0	4.404552E+04	1.24035E+05
14	8	1	10	7	1	7.448230E+03	6.52779E+06
14	8	1	10	9	1	7.458376E+03	4.52231E+03
14	8	1	11	7	1	1.149344E+04	6.99775E+06
14	8	1	11	9	1	1.151320E+04	1.91647E+04
14	8	1	12	7	1	1.965942E+04	6.82310E+06
14	8	1	12	9	1	1.970750E+04	5.25967E+04
14	8	1	13	7	1	4.426063E+04	6.06684E+06
14	8	1	13	9	1	4.446659E+04	1.24035E+05
14	8	1	14	7	1	2.020092E+07	1.61191E-11
14	9	0	10	8	0	7.402946E+03	4.51078E+06
14	9	0	11	8	0	1.142484E+04	6.31109E+06
14	9	0	12	8	0	1.954964E+04	7.23120E+06
14	9	0	13	8	0	4.407204E+04	7.15060E+06
14	9	1	10	8	1	7.451646E+03	4.51078E+06
14	9	1	11	8	1	1.149913E+04	6.31109E+06
14	9	1	12	8	1	1.967064E+04	7.23120E+06
14	9	1	13	8	1	4.429635E+04	7.15060E+06
14	9	1	14	8	1	2.512342E+07	1.80175E-12
15	0	0	10	1	0	6.529402E+03	3.43423E+06
15	0	0	10	1	1	6.464689E+03	1.03359E+02
15	0	0	11	1	0	9.454943E+03	2.98799E+06
15	0	0	11	1	1	9.352435E+03	8.00148E+01
15	0	0	12	1	0	1.438707E+04	2.66740E+06
15	0	0	12	1	1	1.420351E+04	6.19428E+01
15	0	0	13	1	0	2.431200E+04	2.45054E+06
15	0	0	13	1	1	2.389921E+04	4.79525E+01
15	0	0	14	1	0	5.405392E+04	2.31268E+06
15	0	0	14	1	1	5.243347E+04	3.71220E+01
15	0	1	10	1	1	6.545759E+03	3.63784E+06
15	0	1	11	1	1	9.523066E+03	3.16263E+06
15	0	1	12	1	1	1.460082E+04	2.82313E+06
15	0	1	13	1	1	2.504599E+04	2.59725E+06
15	0	1	14	1	1	5.828880E+04	2.46729E+06
15	1	0	10	0	0	6.567076E+03	1.58968E+06
15	1	0	10	2	0	6.524807E+03	1.17911E+06
15	1	0	11	0	0	9.515895E+03	1.26981E+06
15	1	0	11	2	0	9.451535E+03	1.08501E+06
15	1	0	12	0	0	1.449877E+04	1.03921E+06
15	1	0	12	2	0	1.438955E+04	1.01608E+06
15	1	0	13	0	0	2.457126E+04	8.63644E+05
15	1	0	13	2	0	2.434062E+04	9.70747E+05
15	1	0	14	0	0	5.512819E+04	6.98291E+05
15	1	0	14	2	0	5.427423E+04	9.30885E+05
15	1	0	15	2	0	1.712772E+07	2.44148E+00
15	1	1	10	0	0	6.587281E+03	1.40832E+02
15	1	1	10	0	1	6.347232E+03	1.55112E+06
15	1	1	10	2	1	6.540220E+03	1.51403E+06
15	1	1	11	0	0	9.558378E+03	1.22849E+02
15	1	1	11	0	1	9.169064E+03	1.23377E+06
15	1	1	11	2	1	9.490750E+03	1.38380E+06
15	1	1	12	0	0	1.459762E+04	1.09049E+02
15	1	1	12	0	1	1.388576E+04	1.00489E+06
15	1	1	12	2	1	1.448941E+04	1.29115E+06
15	1	1	13	0	0	2.485653E+04	9.81667E+01
15	1	1	13	0	1	2.322436E+04	8.29644E+05
15	1	1	13	2	1	2.464152E+04	1.23616E+06
15	1	1	14	0	0	5.658519E+04	8.93903E+01
15	1	1	14	0	1	5.003926E+04	6.61830E+05
15	1	1	14	2	1	5.583019E+04	1.21215E+06
15	1	1	15	0	1	7.719348E+05	1.09562E+03
15	2	0	10	1	0	6.538440E+03	2.93938E+06
15	2	0	10	3	0	6.521580E+03	7.30675E+05
15	2	0	11	1	0	9.473906E+03	2.33423E+06
15	2	0	11	3	0	9.447910E+03	7.10633E+05
15	2	0	12	1	0	1.443102E+04	1.90383E+06
15	2	0	12	3	0	1.438643E+04	7.02057E+05
15	2	0	13	1	0	2.443778E+04	1.58731E+06
15	2	0	13	3	0	2.434275E+04	7.08672E+05
15	2	0	14	1	0	5.467963E+04	1.32240E+06
15	2	0	14	3	0	5.432546E+04	7.24761E+05
15	2	1	10	1	1	6.471374E+03	2.70820E+06
15	2	1	10	3	1	6.545795E+03	7.30675E+05
15	2	1	11	1	1	9.366432E+03	2.11619E+06
15	2	1	11	3	1	9.492333E+03	7.10633E+05
15	2	1	12	1	1	1.423582E+04	1.69456E+06
15	2	1	12	3	1	1.447546E+04	7.02057E+05
15	2	1	13	1	1	2.399083E+04	1.37791E+06
15	2	1	13	3	1	2.456232E+04	7.08672E+05
15	2	1	14	1	1	5.287650E+04	1.09230E+06
15	2	1	14	3	1	5.527101E+04	7.24761E+05
15	2	1	15	1	1	2.171120E+06	8.84239E+01
15	3	0	10	2	0	6.528604E+03	3.87583E+06
15	3	0	10	4	0	6.519413E+03	4.17412E+05
15	3	0	11	2	0	9.459502E+03	3.03646E+06
15	3	0	11	4	0	9.445258E+03	4.39773E+05
15	3	0	12	2	0	1.440802E+04	2.43692E+06
15	3	0	12	4	0	1.438348E+04	4.66312E+05
15	3	0	13	2	0	2.439354E+04	1.99064E+06
15	3	0	13	4	0	2.434103E+04	5.03120E+05
15	3	0	14	2	0	5.453802E+04	1.60767E+06
15	3	0	14	4	0	5.434166E+04	5.50999E+05
15	3	1	10	2	1	6.510420E+03	3.87583E+06
15	3	1	10	4	1	6.550883E+03	4.17412E+05
15	3	1	11	2	1	9.428126E+03	3.03646E+06
15	3	1	11	4	1	9.496967E+03	4.39773E+05
15	3	1	12	2	1	1.434395E+04	2.43692E+06
15	3	1	12	4	1	1.447568E+04	4.66312E+05
15	3	1	13	2	1	2.422376E+04	1.99064E+06
15	3	1	13	4	1	2.453963E+04	5.03120E+05
15	3	1	14	2	1	5.373071E+04	1.60767E+06
15	3	1	14	4	1	5.506405E+04	5.50999E+05
15	3	1	15	2	1	4.179173E+06	1.70186E-03
15	4	0	10	3	0	6.523694E+03	4.79796E+06
15	4	0	10	5	0	6.517884E+03	2.24299E+05
15	4	0	11	3	0	9.452347E+03	3.77796E+06
15	4	0	11	5	0	9.443316E+03	2.62008E+05
15	4	0	12	3	0	1.439672E+04	3.03126E+06
15	4	0	12	5	0	1.438112E+04	3.03309E+05
15	4	0	13	3	0	2.437223E+04	2.46342E+06
15	4	0	13	5	0	2.433878E+04	3.54520E+05
15	4	0	14	3	0	5.447249E+04	1.96715E+06
15	4	0	14	5	0	5.434715E+04	4.20567E+05
15	4	1	10	3	1	6.529284E+03	4.79796E+06
15	4	1	10	5	1	6.554887E+03	2.24299E+05
15	4	1	11	3	1	9.457652E+03	3.77796E+06
15	4	1	11	5	1	9.501347E+03	2.62008E+05
15	4	1	12	3	1	1.439497E+04	3.03126E+06
15	4	1	12	5	1	1.447883E+04	3.03309E+05
15	4	1	13	3	1	2.433144E+04	2.46342E+06
15	4	1	13	5	1	2.453310E+04	3.54520E+05
15	4	1	14	3	1	5.411552E+04	1.96715E+06
15	4	1	14	5	1	5.496972E+04	4.20567E+05
15	4	1	15	3	1	6.801042E+06	4.96948E-06
15	5	0	10	4	0	6.520766E+03	5.51753E+06
15	5	0	10	6	0	6.516753E+03	1.08770E+05
15	5	0	11	4	0	9.448097E+03	4.44941E+06
15	5	0	11	6	0	9.441849E+03	1.45939E+05
15	5	0	12	4	0	1.439006E+04	3.62138E+06
15	5	0	12	6	0	1.437925E+04	1.88944E+05
15	5	0	13	4	0	2.435989E+04	2.96277E+06
15	5	0	13	6	0	2.433667E+04	2.43559E+05
15	5	0	14	4	0	5.443577E+04	2.36344E+06
15	5	0	14	6	0	5.434866E+04	3.17525E+05
15	5	1	10	4	1	6.540315E+03	5.51753E+06
15	5	1	10	6	1	6.558020E+03	1.08770E+05
15	5	1	11	4	1	9.474772E+03	4.44941E+06
15	5	1	11	6	1	9.505052E+03	1.45939E+05
15	5	1	12	4	1	1.442418E+04	3.62138E+06
15	5	1	12	6	1	1.448240E+04	1.88944E+05
15	5	1	13	4	1	2.439199E+04	2.96277E+06
15	5	1	13	6	1	2.453224E+04	2.43559E+05
15	5	1	14	4	1	5.432617E+04	2.36344E+06
15	5	1	14	6	1	5.492150E+04	3.17525E+05
15	5	1	15	4	1	1.003754E+07	6.98078E-08
15	6	0	10	5	0	6.518825E+03	5.83608E+06
15	6	0	10	7	0	6.515885E+03	4.49419E+04
15	6	0	11	5	0	9.445292E+03	4.94746E+06
15	6	0	11	7	0	9.440707E+03	7.34514E+04
15	6	0	12	5	0	1.438570E+04	4.16378E+06
15	6	0	12	7	0	1.437776E+04	1.10296E+05
15	6	0	13	5	0	2.435190E+04	3.48098E+06
15	6	0	13	7	0	2.433483E+04	1.60778E+05
15	6	0	14	5	0	5.441265E+04	2.80843E+06
15	6	0	14	7	0	5.434854E+04	2.34754E+05
15	6	1	10	5	1	6.547521E+03	5.83608E+06
15	6	1	10	7	1	6.560511E+03	4.49419E+04
15	6	1	11	5	1	9.485879E+03	4.94746E+06
15	6	1	11	7	1	9.508128E+03	7.34514E+04
15	6	1	12	5	1	1.444294E+04	4.16378E+06
15	6	1	12	7	1	1.448577E+04	1.10296E+05
15	6	1	13	5	1	2.443024E+04	3.48098E+06
15	6	1	13	7	1	2.453356E+04	1.60778E+05
15	6	1	14	5	1	5.445597E+04	2.80843E+06
15	6	1	14	7	1	5.489511E+04	2.34754E+05
15	6	1	15	5	1	1.388895E+07	2.35765E-09
15	7	0	10	6	0	6.517447E+03	5.54151E+06
15	7	0	10	8	0	6.515198E+03	1.42237E+04
15	7	0	11	6	0	9.443305E+03	5.13321E+06
15	7	0	11	8	0	9.439796E+03	3.16677E+04
15	7	0	12	6	0	1.438263E+04	4.58749E+06
15	7	0	12	8	0	1.437654E+04	5.85559E+04
15	7	0	13	6	0	2.434634E+04	3.99667E+06
15	7	0	13	8	0	2.433325E+04	1.00204E+05
15	7	0	14	6	0	5.439692E+04	3.31208E+06
15	7	0	14	8	0	5.434773E+04	1.68220E+05
15	7	1	10	6	1	6.552585E+03	5.54151E+06
15	7	1	10	8	1	6.562529E+03	1.42237E+04
15	7	1	11	6	1	9.493639E+03	5.13321E+06
15	7	1	11	8	1	9.510689E+03	3.16677E+04
15	7	1	12	6	1	1.445592E+04	4.58749E+06
15	7	1	12	8	1	1.448878E+04	5.85559E+04
15	7	1	13	6	1	2.445636E+04	3.99667E+06
15	7	1	13	8	1	2.453569E+04	1.00204E+05
15	7	1	14	6	1	5.454262E+04	3.31208E+06
15	7	1	14	8	1	5.488011E+04	1.68220E+05
15	7	1	15	6	1	1.835529E+07	1.39440E-10
15	8	0	10	7	0	6.516417E+03	4.50902E+06
15	8	0	10	9	0	6.514642E+03	2.62587E+03
15	8	0	11	7	0	9.441825E+03	4.85767E+06
15	8	0	11	9	0	9.439052E+03	1.05555E+04
15	8	0	12	7	0	1.438035E+04	4.79406E+06
15	8	0	12	9	0	1.437554E+04	2.69085E+04
15	8	0	13	7	0	2.434226E+04	4.47185E+06
15	8	0	13	9	0	2.433190E+04	5.74516E+04
15	8	0	14	7	0	5.438559E+04	3.88416E+06
15	8	0	14	9	0	5.434665E+04	1.15262E+05
15	8	1	10	7	1	6.556333E+03	4.50902E+06
15	8	1	10	9	1	6.564193E+03	2.62587E+03
15	8	1	11	7	1	9.499353E+03	4.85767E+06
15	8	1	11	9	1	9.512841E+03	1.05555E+04
15	8	1	12	7	1	1.446541E+04	4.79406E+06
15	8	1	12	9	1	1.449143E+04	2.69085E+04
15	8	1	13	7	1	2.447522E+04	4.47185E+06
15	8	1	13	9	1	2.453807E+04	5.74516E+04
15	8	1	14	7	1	5.460391E+04	3.88416E+06
15	8	1	14	9	1	5.487149E+04	1.15262E+05
15	8	1	15	7	1	2.343666E+07	1.21297E-11
15	9	0	10	8	0	6.515620E+03	2.85695E+06
15	9	0	11	8	0	9.440681E+03	4.01841E+06
15	9	0	12	8	0	1.437860E+04	4.66355E+06
15	9	0	13	8	0	2.433913E+04	4.84586E+06
15	9	0	14	8	0	5.437708E+04	4.53507E+06
15	9	1	10	8	1	6.559215E+03	2.85695E+06
15	9	1	11	8	1	9.503730E+03	4.01841E+06
15	9	1	12	8	1	1.447264E+04	4.66355E+06
15	9	1	13	8	1	2.448942E+04	4.84586E+06
15	9	1	14	8	1	5.464920E+04	4.53507E+06
15	9	1	15	8	1	2.913303E+07	1.39193E-12
11	10	0	10	9	0	2.103219E+04	4.55920E+07
11	10	1	10	9	1	2.115278E+04	4.55920E+07
11	10	1	11	9	1	1.834024E+07	2.87783E-13
12	10	0	10	9	0	1.191480E+04	1.07400E+07
12	10	0	11	9	0	2.749388E+04	2.44380E+07
12	10	1	10	9	1	1.199318E+04	1.07400E+07
12	10	1	11	9	1	2.765477E+04	2.44380E+07
12	10	1	12	9	1	2.203973E+07	3.27928E-13
12	9	0	11	10	0	2.747887E+04	3.47886E+04
12	9	1	11	10	1	2.773139E+04	3.47886E+04
13	10	0	10	9	0	8.897140E+03	4.05274E+06
13	10	0	11	9	0	1.542302E+04	9.71530E+06
13	10	0	12	9	0	3.513963E+04	1.39567E+07
13	10	1	10	9	1	8.958411E+03	4.05274E+06
13	10	1	11	9	1	1.552642E+04	9.71530E+06
13	10	1	12	9	1	3.534617E+04	1.39567E+07
13	10	1	13	9	1	2.611477E+07	2.93657E-13
13	9	0	11	10	0	1.541880E+04	1.03504E+04
13	9	0	12	10	0	3.512124E+04	5.98226E+04
13	9	1	11	10	1	1.554883E+04	1.03504E+04
13	9	1	12	10	1	3.545101E+04	5.98226E+04
14	10	0	10	9	0	7.402190E+03	1.94910E+06
14	10	0	11	9	0	1.142366E+04	4.73628E+06
14	10	0	12	9	0	1.954752E+04	7.16384E+06
14	10	0	13	9	0	4.406627E+04	8.39674E+06
14	10	1	10	9	1	7.454345E+03	1.94910E+06
14	10	1	11	9	1	1.150359E+04	4.73628E+06
14	10	1	12	9	1	1.967938E+04	7.16384E+06
14	10	1	13	9	1	4.432369E+04	8.39674E+06
14	10	1	14	9	1	3.057880E+07	2.43204E-13
14	9	0	11	10	0	1.142155E+04	4.20613E+03
14	9	0	12	10	0	1.954243E+04	2.13282E+04
14	9	0	13	10	0	4.404450E+04	7.15556E+04
14	9	1	11	10	1	1.151515E+04	4.20613E+03
14	9	1	12	10	1	1.970966E+04	2.13282E+04
14	9	1	13	10	1	4.446360E+04	7.15556E+04
15	10	0	10	9	0	6.514984E+03	1.08836E+06
15	10	0	11	9	0	9.439771E+03	2.65929E+06
15	10	0	12	9	0	1.437721E+04	4.07604E+06
15	10	0	13	9	0	2.433667E+04	5.02641E+06
15	10	0	14	9	0	5.437048E+04	5.27622E+06
15	10	1	10	9	1	6.561500E+03	1.08836E+06
15	10	1	11	9	1	9.507185E+03	2.65929E+06
15	10	1	12	9	1	1.447831E+04	4.07604E+06
15	10	1	13	9	1	2.450047E+04	5.02641E+06
15	10	1	14	9	1	5.468384E+04	5.27622E+06
15	10	1	15	9	1	3.544440E+07	1.95374E-13
15	9	0	11	10	0	9.438434E+03	2.08209E+03
15	9	0	12	10	0	1.437470E+04	9.70940E+03
15	9	0	13	10	0	2.433073E+04	2.89877E+04
15	9	0	14	10	0	5.434548E+04	7.39571E+04
15	9	1	11	10	1	9.514670E+03	2.08209E+03
15	9	1	12	10	1	1.449375E+04	9.70940E+03
15	9	1	13	10	1	2.454046E+04	2.89877E+04
15	9	1	14	10	1	5.486660E+04	7.39571E+04
12	11	0	11	10	0	2.749066E+04	2.92702E+07
12	11	1	11	10	1	2.766748E+04	2.92702E+07
12	11	1	12	10	1	2.637604E+07	3.33235E-14
13	10	0	12	11	0	3.512036E+04	1.92248E+04
13	10	1	12	11	1	3.545053E+04	1.92248E+04
13	11	0	11	10	0	1.542159E+04	6.54375E+06
13	11	0	12	10	0	3.513573E+04	1.65119E+07
13	11	1	11	10	1	1.553185E+04	6.54375E+06
13	11	1	12	10	1	3.536287E+04	1.65119E+07
13	11	1	13	10	1	3.124034E+07	3.97127E-14
13	12	0	12	11	0	3.513255E+04	1.94829E+07
13	12	1	12	11	1	3.537633E+04	1.94829E+07
13	12	1	13	11	1	3.682292E+07	4.67254E-15
14	10	0	12	11	0	1.954156E+04	5.43982E+03
14	10	0	13	11	0	4.404349E+04	3.45117E+04
14	10	1	12	11	1	1.971169E+04	5.43982E+03
14	10	1	13	11	1	4.446223E+04	3.45117E+04
14	11	0	11	10	0	1.142270E+04	2.36786E+06
14	11	0	12	10	0	1.954581E+04	6.29465E+06
14	11	0	13	10	0	4.406168E+04	9.82978E+06
14	11	0	13	12	0	4.404251E+04	1.11299E+04
14	11	1	11	10	1	1.150719E+04	2.36786E+06
14	11	1	12	10	1	1.968636E+04	6.29465E+06
14	11	1	13	10	1	4.434520E+04	9.82978E+06
14	11	1	13	12	1	4.446186E+04	1.11299E+04
14	11	1	14	10	1	3.656681E+07	3.69366E-14
14	12	0	12	11	0	1.954440E+04	4.14126E+06
14	12	0	13	11	0	4.405795E+04	1.14776E+07
14	12	1	12	11	1	1.969206E+04	4.14126E+06
14	12	1	13	11	1	4.436252E+04	1.14776E+07
14	12	1	14	11	1	4.308785E+07	5.78527E-15
14	13	0	13	12	0	4.405485E+04	1.33722E+07
14	13	1	13	12	1	4.437672E+04	1.33722E+07
14	13	1	14	12	1	5.014165E+07	7.68827E-16
15	10	0	12	11	0	1.437398E+04	2.12185E+03
15	10	0	13	11	0	2.432972E+04	1.17652E+04
15	10	0	14	11	0	5.434432E+04	4.28343E+04
15	10	1	12	11	1	1.449579E+04	2.12185E+03
15	10	1	13	11	1	2.454275E+04	1.17652E+04
15	10	1	14	11	1	5.486399E+04	4.28343E+04
15	11	0	11	10	0	9.439029E+03	1.10063E+06
15	11	0	12	10	0	1.437608E+04	2.96584E+06
15	11	0	13	10	0	2.433469E+04	4.87686E+06
15	11	0	13	12	0	2.432884E+04	3.00053E+03
15	11	0	14	10	0	5.436522E+04	6.12033E+06
15	11	0	14	12	0	5.434320E+04	2.07293E+04
15	11	1	11	10	1	9.509981E+03	1.10063E+06
15	11	1	12	10	1	1.448287E+04	2.96584E+06
15	11	1	13	10	1	2.450930E+04	4.87686E+06
15	11	1	13	12	1	2.454489E+04	3.00053E+03
15	11	1	14	10	1	5.471107E+04	6.12033E+06
15	11	1	14	12	1	5.486281E+04	2.07293E+04
15	11	1	15	10	1	4.237109E+07	3.15999E-14
15	12	0	12	11	0	1.437514E+04	1.43798E+06
15	12	0	13	11	0	2.433305E+04	4.19870E+06
15	12	0	14	11	0	5.436093E+04	7.08174E+06
15	12	0	14	13	0	5.434215E+04	6.70460E+03
15	12	1	12	11	1	1.448662E+04	1.43798E+06
15	12	1	13	11	1	2.451649E+04	4.19870E+06
15	12	1	14	11	1	5.473296E+04	7.08174E+06
15	12	1	14	13	1	5.486254E+04	6.70460E+03
15	12	1	15	11	1	4.991240E+07	5.55984E-15
15	13	0	13	12	0	2.433168E+04	2.70750E+06
15	13	0	14	12	0	5.435738E+04	8.17664E+06
15	13	1	13	12	1	2.452246E+04	2.70750E+06
15	13	1	14	12	1	5.475090E+04	8.17664E+06
15	13	1	15	12	1	5.806931E+07	9.83808E-16
15	14	0	14	13	0	5.435439E+04	9.42336E+06
15	14	1	14	13	1	5.476584E+04	9.42336E+06
15	14	1	15	13	1	6.684045E+07	1.44896E-16
100	0	0	0	0	0	1.0	1.0
