 2	1	1	2	1	1	0	0	2	1	24.79638125927487	1505000000000.0
 3	1	1	2	1	1	0	0	2	1	20.92194666914242	401800000000.0
 4	1	1	2	1	1	0	0	2	1	19.837105239905366	163800000000.0
 5	1	1	2	1	1	0	0	2	1	19.372173120532143	82580000000.0
 6	1	1	2	1	1	0	0	2	1	19.128637324585362	47390000000.0
 7	1	1	2	1	1	0	0	2	1	18.984729759764065	29700000000.0
 8	1	1	2	1	1	0	0	2	1	18.892481325186854	19830000000.0
 9	1	1	2	1	1	0	0	2	1	18.829752385173453	13900000000.0
10	1	1	2	1	1	0	0	2	1	18.78513768383074	10120000000.0
11	1	1	2	1	1	0	0	2	1	18.7522636931297	7591000000.0
12	1	1	2	1	1	0	0	2	1	18.72733726054323	5842000000.0
13	1	1	2	1	1	0	0	2	1	18.707984440003823	4591000000.0
14	1	1	2	1	1	0	0	2	1	18.692657006188938	3674000000.0
15	1	1	2	1	1	0	0	2	1	18.680309906652088	2986000000.0
 3	2	2	2	1	 2	1	1	2	1	133.90046844004337	155300000000.0
 3	0	0	2	1	 2	1	1	2	1	133.90045116130975	15170000000.0
 4	2	2	2	1	 2	1	1	2	1	99.18553347907017	49550000000.0
 4	0	0	2	1	 2	1	1	2	1	99.18552935619061	6194000000.0
 5	2	2	2	1	 2	1	1	2	1	88.55851152893868	22640000000.0
 5	0	0	2	1	 2	1	1	2	1	88.55850921040962	3096000000.0
 6	0	0	2	1	 2	1	1	2	1	83.6877932550705	1766000000.0
 6	2	2	2	1	 2	1	1	2	1	83.68779300682516	12360000000.0
 7	2	2	2	1	 2	1	1	2	1	81.00151898962773	7522000000.0
 7	0	0	2	1	 2	1	1	2	1	81.0015185626597	1102000000.0
 8	2	2	2	1	 2	1	1	2	1	79.34842664990757	4930000000.0
 8	0	0	2	1	 2	1	1	2	1	79.34842639219247	733700000.0
 9	2	2	2	1	 2	1	1	2	1	78.25352132437031	3412000000.0
 9	0	0	2	1	 2	1	1	2	1	78.25352115166913	513100000.0
10	2	2	2	1	 2	1	1	2	1	77.48869774671456	2461000000.0
10	0	0	2	1	 2	1	1	2	1	77.48869762415592	372900000.0
11	2	2	2	1	 2	1	1	2	1	76.9323685844668	1835000000.0
11	0	0	2	1	 2	1	1	2	1	76.93236849483718	279600000.0
12	2	2	2	1	 2	1	1	2	1	76.51455403017987	1405000000.0
12	0	0	2	1	 2	1	1	2	1	76.51455396272216	215000000.0
13	2	2	2	1	 2	1	1	2	1	76.19252304778404	1100000000.0
13	0	0	2	1	 2	1	1	2	1	76.19252299554529	168800000.0
14	2	2	2	1	 2	1	1	2	1	75.93892365076375	877800000.0
14	0	0	2	1	 2	1	1	2	1	75.9389236096302	135000000.0
15	2	2	2	1	 2	1	1	2	1	75.73555962895298	711600000.0
15	0	0	2	1	 2	1	1	2	1	75.73555959622212	109700000.0
 3	1	1	2	1	 2	0	0	2	1	133.9004610067638	53930000000.0
 4	1	1	2	1	 2	0	0	2	1	99.1855324729104	23230000000.0
 5	1	1	2	1	 2	0	0	2	1	88.55851126128361	11890000000.0
 6	1	1	2	1	 2	0	0	2	1	83.6877946653807	6867000000.0
 7	1	1	2	1	 2	0	0	2	1	81.00151971612142	4317000000.0
 8	1	1	2	1	 2	0	0	2	1	79.34842752047318	2889000000.0
 9	1	1	2	1	 2	0	0	2	1	78.25352222214751	2027000000.0
10	1	1	2	1	 2	0	0	2	1	77.48869865733862	1477000000.0
11	1	1	2	1	 2	0	0	2	1	76.93236950219634	1109000000.0
12	1	1	2	1	 2	0	0	2	1	76.51455495210224	853900000.0
13	1	1	2	1	 2	0	0	2	1	76.19252397151831	671400000.0
14	1	1	2	1	 2	0	0	2	1	75.9389245753202	537400000.0
15	1	1	2	1	 2	0	0	2	1	75.73556055359965	436800000.0
 4	3	3	2	1	 3	2	2	2	1	382.57280128425145	33120000000.0
 4	1	1	2	1	 3	2	2	2	1	382.5727472056339	834900000.0
 5	3	3	2	1	 3	2	2	2	1	261.52436435651754	10910000000.0
 5	1	1	2	1	 3	2	2	2	1	261.52434451952695	359200000.0
 6	1	1	2	1	 3	2	2	2	1	223.16745262273704	188000000.0
 6	3	3	2	1	 3	2	2	2	1	223.1674520926003	5155000000.0
 7	3	3	2	1	 3	2	2	2	1	205.035098792257	2900000000.0
 7	1	1	2	1	 3	2	2	2	1	205.0350967070501	111400000.0
 8	3	3	2	1	 3	2	2	2	1	194.76432281646734	1811000000.0
 8	1	1	2	1	 3	2	2	2	1	194.76432218373975	71730000.0
 9	3	3	2	1	 3	2	2	2	1	188.29753822839535	1214000000.0
 9	1	1	2	1	 3	2	2	2	1	188.29753776538516	49050000.0
10	3	3	2	1	 3	2	2	2	1	183.92921885549683	856400000.0
10	1	1	2	1	 3	2	2	2	1	183.92921856592906	35080000.0
11	3	3	2	1	 3	2	2	2	1	180.825412998053	628200000.0
11	1	1	2	1	 3	2	2	2	1	180.8254128042918	25990000.0
12	3	3	2	1	 3	2	2	2	1	178.53396127358133	475300000.0
12	1	1	2	1	 3	2	2	2	1	178.5339611406647	19800000.0
13	3	3	2	1	 3	2	2	2	1	176.7904653862707	368600000.0
13	1	1	2	1	 3	2	2	2	1	176.79046529366548	15450000.0
14	3	3	2	1	 3	2	2	2	1	175.43109801739334	291900000.0
14	1	1	2	1	 3	2	2	2	1	175.43109794984767	12290000.0
15	3	3	2	1	 3	2	2	2	1	174.3495711673078	235300000.0
15	1	1	2	1	 3	2	2	2	1	174.34957111393547	9936000.0
 4	2	2	2	1	 3	1	1	2	1	382.57287116727514	16910000000.0
 4	0	0	2	1	 3	1	1	2	1	382.57280982889984	4409000000.0
 5	2	2	2	1	 3	1	1	2	1	261.5243977859437	8147000000.0
 5	0	0	2	1	 3	1	1	2	1	261.52437756616837	2173000000.0
 6	0	0	2	1	 3	1	1	2	1	223.16747968156818	1218000000.0
 6	2	2	2	1	 3	1	1	2	1	223.1674779162675	4511000000.0
 7	2	2	2	1	 3	1	1	2	1	205.03512335802964	2762000000.0
 7	0	0	2	1	 3	1	1	2	1	205.03512062234805	751500000.0
 8	2	2	2	1	 3	1	1	2	1	194.7643451867187	1816000000.0
 8	0	0	2	1	 3	1	1	2	1	194.76434363403808	496500000.0
 9	2	2	2	1	 3	1	1	2	1	188.29755897047787	1259000000.0
 9	0	0	2	1	 3	1	1	2	1	188.29755797053105	345400000.0
10	2	2	2	1	 3	1	1	2	1	183.92923862778827	909200000.0
10	0	0	2	1	 3	1	1	2	1	183.92923793728016	250000000.0
11	2	2	2	1	 3	1	1	2	1	180.82543208354284	678400000.0
11	0	0	2	1	 3	1	1	2	1	180.82543158837504	186900000.0
12	2	2	2	1	 3	1	1	2	1	178.53397985743953	519800000.0
12	0	0	2	1	 3	1	1	2	1	178.53397949016974	143400000.0
13	2	2	2	1	 3	1	1	2	1	176.79048359521587	407200000.0
13	0	0	2	1	 3	1	1	2	1	176.79048331397024	112400000.0
14	2	2	2	1	 3	1	1	2	1	175.43111593388352	324900000.0
14	0	0	2	1	 3	1	1	2	1	175.43111571436023	89800000.0
15	2	2	2	1	 3	1	1	2	1	174.34958885022672	263500000.0
15	0	0	2	1	 3	1	1	2	1	174.34958867676661	72870000.0
 4	1	1	2	1	 3	0	0	2	1	382.57288825657633	7363000000.0
 5	1	1	2	1	 3	0	0	2	1	261.524410432686	3934000000.0
 6	1	1	2	1	 3	0	0	2	1	223.16750061923813	2294000000.0
 7	1	1	2	1	 3	0	0	2	1	205.03513722097077	1447000000.0
 8	1	1	2	1	 3	0	0	2	1	194.76435874041258	970000000.0
 9	1	1	2	1	 3	0	0	2	1	188.29757193476792	681200000.0
10	1	1	2	1	 3	0	0	2	1	183.92925116830878	496500000.0
11	1	1	2	1	 3	0	0	2	1	180.82544431562508	372900000.0
12	1	1	2	1	 3	0	0	2	1	178.53399185842375	287200000.0
13	1	1	2	1	 3	0	0	2	1	176.79049541439767	225800000.0
14	1	1	2	1	 3	0	0	2	1	175.43112760915534	180800000.0
15	1	1	2	1	 3	0	0	2	1	174.3496004086731	147000000.0
 5	4	4	2	1	 4	3	3	2	1	826.5460599304331	10220000000.0
 5	2	2	2	1	 4	3	3	2	1	826.5459984549038	121300000.0
 6	4	4	2	1	 4	3	3	2	1	535.6018435155007	3298000000.0
 6	2	2	2	1	 4	3	3	2	1	535.6018160017439	51530000.0
 7	2	2	2	1	 4	3	3	2	1	441.8264468282241	27000000.0
 7	4	4	2	1	 4	3	3	2	1	441.8264421154098	1552000000.0
 8	2	2	2	1	 4	3	3	2	1	396.7421145012855	16110000.0
 8	4	4	2	1	 4	3	3	2	1	396.74211128848447	875200000.0
 9	2	2	2	1	 4	3	3	2	1	370.8012831149064	10470000.0
 9	4	4	2	1	 4	3	3	2	1	370.8012805951808	549900000.0
10	2	2	2	1	 4	3	3	2	1	354.23402938860903	7228000.0
10	4	4	2	1	 4	3	3	2	1	354.2340276673558	371200000.0
11	2	2	2	1	 4	3	3	2	1	342.8985399911356	5219000.0
11	4	4	2	1	 4	3	3	2	1	342.89853870085057	263900000.0
12	2	2	2	1	 4	3	3	2	1	334.7511570003883	3901000.0
12	4	4	2	1	 4	3	3	2	1	334.75115599203616	195000000.0
13	2	2	2	1	 4	3	3	2	1	328.67361211493034	2998000.0
13	4	4	2	1	 4	3	3	2	1	328.6736113443862	148600000.0
14	2	2	2	1	 4	3	3	2	1	324.00605767592765	2357000.0
14	4	4	2	1	 4	3	3	2	1	324.00605701927594	116100000.0
15	2	2	2	1	 4	3	3	2	1	320.336034799161	1888000.0
15	4	4	2	1	 4	3	3	2	1	320.3360342699076	92510000.0
 5	3	3	2	1	 4	2	2	2	1	826.5461303274217	6209000000.0
 5	1	1	2	1	 4	2	2	2	1	826.5459321812891	452700000.0
 6	1	1	2	1	 4	2	2	2	1	535.6018658979734	226200000.0
 6	3	3	2	1	 4	2	2	2	1	535.6018628443861	3092000000.0
 7	3	3	2	1	 4	2	2	2	1	441.82646585086195	1763000000.0
 7	1	1	2	1	 4	2	2	2	1	441.8264561681684	129500000.0
 8	3	3	2	1	 4	2	2	2	1	396.7421289934386	1108000000.0
 8	1	1	2	1	 4	2	2	2	1	396.742126367923	81580000.0
 9	3	3	2	1	 4	2	2	2	1	370.80129642267923	744600000.0
 9	1	1	2	1	 4	2	2	2	1	370.8012946271861	54960000.0
10	3	3	2	1	 4	2	2	2	1	354.2340416026261	526200000.0
10	1	1	2	1	 4	2	2	2	1	354.23404052856404	38900000.0
11	3	3	2	1	 4	2	2	2	1	342.8985515262824	386400000.0
11	1	1	2	1	 4	2	2	2	1	342.8985508295289	28600000.0
12	3	3	2	1	 4	2	2	2	1	334.7511680676718	292600000.0
12	1	1	2	1	 4	2	2	2	1	334.7511676003869	21670000.0
13	3	3	2	1	 4	2	2	2	1	328.67362283141773	227100000.0
13	1	1	2	1	 4	2	2	2	1	328.67362251134585	16830000.0
14	3	3	2	1	 4	2	2	2	1	324.00606813628355	179900000.0
14	1	1	2	1	 4	2	2	2	1	324.0060679058792	13340000.0
15	3	3	2	1	 4	2	2	2	1	320.33604506893255	145000000.0
15	1	1	2	1	 4	2	2	2	1	320.3360448887611	10760000.0
 5	2	2	2	1	 4	1	1	2	1	826.5462508794873	3569000000.0
 5	0	0	2	1	 4	1	1	2	1	826.5460489098197	1550000000.0
 6	0	0	2	1	 4	1	1	2	1	535.6019321639594	860600000.0
 6	2	2	2	1	 4	1	1	2	1	535.6019219958284	2071000000.0
 7	2	2	2	1	 4	1	1	2	1	441.8265189557354	1282000000.0
 7	0	0	2	1	 4	1	1	2	1	441.82650625255184	522200000.0
 8	2	2	2	1	 4	1	1	2	1	396.74217265991064	846700000.0
 8	0	0	2	1	 4	1	1	2	1	396.742166217032	341000000.0
 9	2	2	2	1	 4	1	1	2	1	370.80133391680886	588200000.0
 9	0	0	2	1	 4	1	1	2	1	370.80133003914557	235300000.0
10	2	2	2	1	 4	1	1	2	1	354.2340757523078	425300000.0
10	0	0	2	1	 4	1	1	2	1	354.23407319108173	169400000.0
11	2	2	2	1	 4	1	1	2	1	342.89858343503374	317500000.0
11	0	0	2	1	 4	1	1	2	1	342.8985816544405	126000000.0
12	2	2	2	1	 4	1	1	2	1	334.7511984043299	243400000.0
12	0	0	2	1	 4	1	1	2	1	334.7511971131471	96390000.0
13	2	2	2	1	 4	1	1	2	1	328.67365202910815	190700000.0
13	0	0	2	1	 4	1	1	2	1	328.67365105703755	75400000.0
14	2	2	2	1	 4	1	1	2	1	324.0060964644979	152200000.0
14	0	0	2	1	 4	1	1	2	1	324.0060957156843	60100000.0
15	2	2	2	1	 4	1	1	2	1	320.33607271399006	123500000.0
15	0	0	2	1	 4	1	1	2	1	320.33607212843276	48690000.0
 5	1	1	2	1	 4	0	0	2	1	826.5462184923549	1771000000.0
 6	1	1	2	1	 4	0	0	2	1	535.6019861211663	1071000000.0
 7	1	1	2	1	 4	0	0	2	1	441.82653797837946	679400000.0
 8	1	1	2	1	 4	0	0	2	1	396.742192334007	455800000.0
 9	1	1	2	1	 4	0	0	2	1	370.80135224894997	320100000.0
10	1	1	2	1	 4	0	0	2	1	354.2340931163211	233300000.0
11	1	1	2	1	 4	0	0	2	1	342.89860010551905	175200000.0
12	1	1	2	1	 4	0	0	2	1	334.75121456256807	134900000.0
13	1	1	2	1	 4	0	0	2	1	328.6736677837711	106000000.0
14	1	1	2	1	 4	0	0	2	1	324.00611190159054	84870000.0
15	1	1	2	1	 4	0	0	2	1	320.3360878934365	68980000.0
 6	4	4	2	1	 5	3	3	2	1	1521.5961269582092	2656000000.0
 6	2	2	2	1	 5	3	3	2	1	1521.595904901186	93880000.0
 7	2	2	2	1	 5	3	3	2	1	949.2365246208183	45930000.0
 7	4	4	2	1	 5	3	3	2	1	949.2365028674864	1317000000.0
 8	2	2	2	1	 5	3	3	2	1	762.9656144790266	26150000.0
 8	4	4	2	1	 5	3	3	2	1	762.9656025973657	753100000.0
 9	2	2	2	1	 5	3	3	2	1	672.4911726610741	16490000.0
 9	4	4	2	1	 5	3	3	2	1	672.4911643731842	475800000.0
10	2	2	2	1	 5	3	3	2	1	619.9095559543808	11150000.0
10	4	4	2	1	 5	3	3	2	1	619.9095506830429	322200000.0
11	2	2	2	1	 5	3	3	2	1	586.0082505443954	7937000.0
11	4	4	2	1	 5	3	3	2	1	586.0082467759535	229400000.0
12	2	2	2	1	 5	3	3	2	1	562.6069893988367	5870000.0
12	4	4	2	1	 5	3	3	2	1	562.6069865505856	169700000.0
13	2	2	2	1	 5	3	3	2	1	545.6495537331605	4475000.0
13	4	4	2	1	 5	3	3	2	1	545.6495516094493	129400000.0
14	2	2	2	1	 5	3	3	2	1	532.9047021906808	3497000.0
14	4	4	2	1	 5	3	3	2	1	532.9047004143333	101100000.0
15	2	2	2	1	 5	3	3	2	1	523.0486836501188	2788000.0
15	4	4	2	1	 5	3	3	2	1	523.0486822390886	80640000.0
 6	5	5	2	1	 5	4	4	2	1	1521.596154143681	3951000000.0
 6	3	3	2	1	 5	4	4	2	1	1521.5960484506195	27320000.0
 7	3	3	2	1	 5	4	4	2	1	949.2365211600614	11170000.0
 7	5	5	2	1	 5	4	4	2	1	949.2364752803007	1222000000.0
 8	3	3	2	1	 5	4	4	2	1	762.9656091131142	5738000.0
 8	5	5	2	1	 5	4	4	2	1	762.9655978702501	561700000.0
 9	3	3	2	1	 5	4	4	2	1	672.4911706263216	3388000.0
 9	5	5	2	1	 5	4	4	2	1	672.4911621399194	312800000.0
10	5	5	2	1	 5	4	4	2	1	619.9095486588483	195300000.0
11	5	5	2	1	 5	4	4	2	1	586.0082453816293	131400000.0
12	5	5	2	1	 5	4	4	2	1	562.6069855085432	93360000.0
13	5	5	2	1	 5	4	4	2	1	545.6495507599662	69050000.0
14	5	5	2	1	 5	4	4	2	1	532.9046998845445	52690000.0
15	5	5	2	1	 5	4	4	2	1	523.0486818488031	41240000.0
 6	1	1	2	1	 5	2	2	2	1	1521.5962814326865	230500000.0
 6	3	3	2	1	 5	2	2	2	1	1521.5962567879	1737000000.0
 7	3	3	2	1	 5	2	2	2	1	949.2366022406894	1040000000.0
 7	1	1	2	1	 5	2	2	2	1	949.2365575474666	127500000.0
 8	3	3	2	1	 5	2	2	2	1	762.9656614946398	661500000.0
 8	1	1	2	1	 5	2	2	2	1	762.9656517848922	77970000.0
 9	3	3	2	1	 5	2	2	2	1	672.4912113213529	446800000.0
 9	1	1	2	1	 5	2	2	2	1	672.4912054156107	51480000.0
10	3	3	2	1	 5	2	2	2	1	619.9095890162255	316400000.0
10	1	1	2	1	 5	2	2	2	1	619.9095857269103	35940000.0
11	3	3	2	1	 5	2	2	2	1	586.0082803527698	232700000.0
11	1	1	2	1	 5	2	2	2	1	586.0082783178123	26170000.0
12	3	3	2	1	 5	2	2	2	1	562.6070170824602	176300000.0
12	1	1	2	1	 5	2	2	2	1	562.6070157625394	19690000.0
13	3	3	2	1	 5	2	2	2	1	545.6495799038094	136900000.0
13	1	1	2	1	 5	2	2	2	1	545.6495790216532	15210000.0
14	3	3	2	1	 5	2	2	2	1	532.9047272777167	108500000.0
14	1	1	2	1	 5	2	2	2	1	532.9047266544362	12000000.0
15	3	3	2	1	 5	2	2	2	1	523.0487079378593	87470000.0
15	1	1	2	1	 5	2	2	2	1	523.0487074575084	9647000.0
 6	0	0	2	1	 5	1	1	2	1	1521.5966584725224	644200000.0
 6	2	2	2	1	 5	1	1	2	1	1521.5965764079067	1080000000.0
 7	2	2	2	1	 5	1	1	2	1	949.2367859575835	697200000.0
 7	0	0	2	1	 5	1	1	2	1	949.2367273224226	388500000.0
 8	2	2	2	1	 5	1	1	2	1	762.9657833136595	464400000.0
 8	0	0	2	1	 5	1	1	2	1	762.9657594864416	249800000.0
 9	2	2	2	1	 5	1	1	2	1	672.4913038281301	323500000.0
 9	0	0	2	1	 5	1	1	2	1	672.4912910737057	170400000.0
10	2	2	2	1	 5	1	1	2	1	619.9096674116121	234200000.0
10	0	0	2	1	 5	1	1	2	1	619.9096595678566	121600000.0
11	2	2	2	1	 5	1	1	2	1	586.0083501443282	174900000.0
11	0	0	2	1	 5	1	1	2	1	586.0083449438779	90000000.0
12	2	2	2	1	 5	1	1	2	1	562.6070812028839	134100000.0
12	0	0	2	1	 5	1	1	2	1	562.6070775557322	68520000.0
13	2	2	2	1	 5	1	1	2	1	545.64964008651	105100000.0
13	0	0	2	1	 5	1	1	2	1	545.6496374073677	53410000.0
14	2	2	2	1	 5	1	1	2	1	532.9047845571941	83880000.0
14	0	0	2	1	 5	1	1	2	1	532.9047825315339	42460000.0
15	2	2	2	1	 5	1	1	2	1	523.0487629980856	68030000.0
15	0	0	2	1	 5	1	1	2	1	523.0487614369448	34330000.0
 6	1	1	2	1	 5	0	0	2	1	1521.5969658973124	583700000.0
 7	1	1	2	1	 5	0	0	2	1	949.236823927071	382200000.0
 8	1	1	2	1	 5	0	0	2	1	762.9658238774175	257300000.0
 9	1	1	2	1	 5	0	0	2	1	672.4913391137123	180700000.0
10	1	1	2	1	 5	0	0	2	1	619.9096993348595	131500000.0
11	1	1	2	1	 5	0	0	2	1	586.00837983966	98680000.0
12	1	1	2	1	 5	0	0	2	1	562.6071093380694	75910000.0
13	1	1	2	1	 5	0	0	2	1	545.6496670413068	59640000.0
14	1	1	2	1	 5	0	0	2	1	532.9048106103222	47710000.0
15	1	1	2	1	 5	0	0	2	1	523.0487883366009	38760000.0
 7	4	4	2	1	 6	5	5	2	1	2523.5087975109313	8058000.0
 7	6	6	2	1	 6	5	5	2	1	2523.5087220386004	1780000000.0
 8	4	4	2	1	 6	5	5	2	1	1530.2910301323736	3137000.0
 8	6	6	2	1	 6	5	5	2	1	1530.2908851946281	522700000.0
 9	6	6	2	1	 6	5	5	2	1	1205.104166874774	232400000.0
10	6	6	2	1	 6	5	5	2	1	1046.097355231421	126600000.0
11	6	6	2	1	 6	5	5	2	1	953.0562365183695	77860000.0
12	6	6	2	1	 6	5	5	2	1	892.6697532361984	51890000.0
13	6	6	2	1	 6	5	5	2	1	850.7209865482478	36610000.0
14	6	6	2	1	 6	5	5	2	1	820.1403357867638	26950000.0
15	6	6	2	1	 6	5	5	2	1	797.0265654814809	20510000.0
 7	3	3	2	1	 6	4	4	2	1	2523.5089903846365	26670000.0
 7	5	5	2	1	 6	4	4	2	1	2523.5086661331734	1279000000.0
 8	3	3	2	1	 6	4	4	2	1	1530.2910797298573	12580000.0
 8	5	5	2	1	 6	4	4	2	1	1530.2910345010514	619300000.0
 9	3	3	2	1	 6	4	4	2	1	1205.104212294901	7021000.0
 9	5	5	2	1	 6	4	4	2	1	1205.104185042822	349600000.0
10	3	3	2	1	 6	4	4	2	1	1046.0973967817679	4379000.0
10	5	5	2	1	 6	4	4	2	1	1046.0973803297563	219500000.0
11	3	3	2	1	 6	4	4	2	1	953.0562584471247	2945000.0
11	5	5	2	1	 6	4	4	2	1	953.0562476820959	148100000.0
12	3	3	2	1	 6	4	4	2	1	892.6697706377935	2090000.0
12	5	5	2	1	 6	4	4	2	1	892.6697628551744	105400000.0
13	3	3	2	1	 6	4	4	2	1	850.7210008438079	1545000.0
13	5	5	2	1	 6	4	4	2	1	850.7209951255838	78030000.0
14	3	3	2	1	 6	4	4	2	1	820.1403480396589	1178000.0
14	5	5	2	1	 6	4	4	2	1	820.1403436847146	59590000.0
15	3	3	2	1	 6	4	4	2	1	797.0265762169444	921400.0
15	5	5	2	1	 6	4	4	2	1	797.0265728011146	46660000.0
 7	2	2	2	1	 6	1	1	2	1	2523.509174173773	409400000.0
 7	0	0	2	1	 6	1	1	2	1	2523.5087597747406	303900000.0
 8	2	2	2	1	 6	1	1	2	1	1530.2911599082015	283300000.0
 8	0	0	2	1	 6	1	1	2	1	1530.2910640539594	194700000.0
 9	2	2	2	1	 6	1	1	2	1	1205.10425516514	198700000.0
 9	0	0	2	1	 6	1	1	2	1	1205.1042142073277	130900000.0
10	2	2	2	1	 6	1	1	2	1	1046.097428484928	144100000.0
10	0	0	2	1	 6	1	1	2	1	1046.0974061486147	92380000.0
11	2	2	2	1	 6	1	1	2	1	953.0562840639092	107700000.0
11	0	0	2	1	 6	1	1	2	1	953.0562703085973	67790000.0
12	2	2	2	1	 6	1	1	2	1	892.6697925865404	82520000.0
12	0	0	2	1	 6	1	1	2	1	892.6697834047976	51300000.0
13	2	2	2	1	 6	1	1	2	1	850.7210204604927	64650000.0
13	0	0	2	1	 6	1	1	2	1	850.7210139480733	39810000.0
14	2	2	2	1	 6	1	1	2	1	820.1403659761291	51590000.0
14	0	0	2	1	 6	1	1	2	1	820.1403611783114	31530000.0
15	2	2	2	1	 6	1	1	2	1	797.0265928778213	41830000.0
15	0	0	2	1	 6	1	1	2	1	797.0265892528603	25420000.0
 7	2	2	2	1	 6	3	3	2	1	2523.5092419591433	60630000.0
 7	4	4	2	1	 6	3	3	2	1	2523.5090882192103	904100000.0
 8	2	2	2	1	 6	3	3	2	1	1530.2911848354495	32720000.0
 8	4	4	2	1	 6	3	3	2	1	1530.2911370368276	543500000.0
 9	2	2	2	1	 6	3	3	2	1	1205.1042706239277	19810000.0
 9	4	4	2	1	 6	3	3	2	1	1205.104244009322	347700000.0
10	2	2	2	1	 6	3	3	2	1	1046.0974401334404	13050000.0
10	4	4	2	1	 6	3	3	2	1	1046.0974251224802	236600000.0
11	2	2	2	1	 6	3	3	2	1	953.0562937325024	9116000.0
11	4	4	2	1	 6	3	3	2	1	953.0562837648823	168900000.0
12	2	2	2	1	 6	3	3	2	1	892.6698010687279	6654000.0
12	4	4	2	1	 6	3	3	2	1	892.6697938982234	125100000.0
13	2	2	2	1	 6	3	3	2	1	850.7210281642133	5024000.0
13	4	4	2	1	 6	3	3	2	1	850.7210230019258	95470000.0
14	2	2	2	1	 6	3	3	2	1	820.1403731359568	3895000.0
14	4	4	2	1	 6	3	3	2	1	820.1403689286401	74640000.0
15	2	2	2	1	 6	3	3	2	1	797.0265996397691	3087000.0
15	4	4	2	1	 6	3	3	2	1	797.0265963633632	59540000.0
 7	1	1	2	1	 6	0	0	2	1	2523.509059567658	235200000.0
 8	1	1	2	1	 6	0	0	2	1	1530.2911822656215	162900000.0
 9	1	1	2	1	 6	0	0	2	1	1205.1042811422708	114500000.0
10	1	1	2	1	 6	0	0	2	1	1046.0974535832668	83270000.0
11	1	1	2	1	 6	0	0	2	1	953.0563079861977	62370000.0
12	1	1	2	1	 6	0	0	2	1	892.6698154971905	47910000.0
13	1	1	2	1	 6	0	0	2	1	850.7210424597748	37590000.0
14	1	1	2	1	 6	0	0	2	1	820.1403872341706	30040000.0
15	1	1	2	1	 6	0	0	2	1	797.0266135122154	24390000.0
 7	3	3	2	1	 6	2	2	2	1	2523.5096011516957	623200000.0
 7	1	1	2	1	 6	2	2	2	1	2523.509285285894	122600000.0
 8	3	3	2	1	 6	2	2	2	1	1530.2913043320261	414600000.0
 8	1	1	2	1	 6	2	2	2	1	1530.291265270773	73040000.0
 9	3	3	2	1	 6	2	2	2	1	1205.1043515833323	282900000.0
 9	1	1	2	1	 6	2	2	2	1	1205.1043326184317	46980000.0
10	3	3	2	1	 6	2	2	2	1	1046.0975017384455	201100000.0
10	1	1	2	1	 6	2	2	2	1	1046.0974923716055	32200000.0
11	3	3	2	1	 6	2	2	2	1	953.0563455641231	148100000.0
11	1	1	2	1	 6	2	2	2	1	953.0563401816112	23150000.0
12	3	3	2	1	 6	2	2	2	1	892.6698470649113	112300000.0
12	1	1	2	1	 6	2	2	2	1	892.6698437419958	17250000.0
13	3	3	2	1	 6	2	2	2	1	850.7210702566988	87230000.0
13	1	1	2	1	 6	2	2	2	1	850.7210681123657	13230000.0
14	3	3	2	1	 6	2	2	2	1	820.1404125519074	69150000.0
14	1	1	2	1	 6	2	2	2	1	820.1404110756545	10390000.0
15	3	3	2	1	 6	2	2	2	1	797.0266371441735	55770000.0
15	1	1	2	1	 6	2	2	2	1	797.0266360288007	8314000.0
 8	3	3	2	1	 7	2	2	2	1	3888.0724817059763	264500000.0
 8	1	1	2	1	 7	2	2	2	1	3888.0722295515257	69020000.0
 9	3	3	2	1	 7	2	2	2	1	2306.644614397191	188300000.0
 9	1	1	2	1	 7	2	2	2	1	2306.6445449167395	43480000.0
10	3	3	2	1	 7	2	2	2	1	1786.79805598501	135000000.0
10	1	1	2	1	 7	2	2	2	1	1786.7980286575219	29100000.0
11	3	3	2	1	 7	2	2	2	1	1531.4348342001344	99720000.0
11	1	1	2	1	 7	2	2	2	1	1531.434820302372	20560000.0
12	3	3	2	1	 7	2	2	2	1	1381.2889398846746	75690000.0
12	1	1	2	1	 7	2	2	2	1	1381.2889319284575	15140000.0
13	3	3	2	1	 7	2	2	2	1	1283.3677037141929	58820000.0
13	1	1	2	1	 7	2	2	2	1	1283.3676988341902	11510000.0
14	3	3	2	1	 7	2	2	2	1	1215.022678203222	46630000.0
14	1	1	2	1	 7	2	2	2	1	1215.0226749631615	8975000.0
15	3	3	2	1	 7	2	2	2	1	1164.9720281524603	37610000.0
15	1	1	2	1	 7	2	2	2	1	1164.9720257695628	7146000.0
 8	2	2	2	1	 7	3	3	2	1	3888.0727056589403	38270000.0
 8	4	4	2	1	 7	3	3	2	1	3888.072397101548	369000000.0
 9	2	2	2	1	 7	3	3	2	1	2306.644668113181	22200000.0
 9	4	4	2	1	 7	3	3	2	1	2306.6445706069935	247500000.0
10	2	2	2	1	 7	3	3	2	1	1786.7980864656786	14110000.0
10	4	4	2	1	 7	3	3	2	1	1786.7980426716247	170300000.0
11	2	2	2	1	 7	3	3	2	1	1531.4348547894263	9623000.0
11	4	4	2	1	 7	3	3	2	1	1531.4348290528114	122100000.0
12	2	2	2	1	 7	3	3	2	1	1381.2889553783682	6906000.0
12	4	4	2	1	 7	3	3	2	1	1381.28893820968	90600000.0
13	2	2	2	1	 7	3	3	2	1	1283.3677163660539	5150000.0
13	4	4	2	1	 7	3	3	2	1	1283.367704617888	69210000.0
14	2	2	2	1	 7	3	3	2	1	1215.0226888954164	3957000.0
14	4	4	2	1	 7	3	3	2	1	1215.0226796612524	54140000.0
15	2	2	2	1	 7	3	3	2	1	1164.9720373861826	3114000.0
15	4	4	2	1	 7	3	3	2	1	1164.972030386424	43200000.0
 8	3	3	2	1	 7	4	4	2	1	3888.072846666306	20340000.0
 8	5	5	2	1	 7	4	4	2	1	3888.0725546979425	502500000.0
 9	3	3	2	1	 7	4	4	2	1	2306.644742848435	10600000.0
 9	5	5	2	1	 7	4	4	2	1	2306.644643006763	298400000.0
10	3	3	2	1	 7	4	4	2	1	1786.7981330625553	6296000.0
10	5	5	2	1	 7	4	4	2	1	1786.7980850642682	189700000.0
11	3	3	2	1	 7	4	4	2	1	1531.4348908206698	4099000.0
11	5	5	2	1	 7	4	4	2	1	1531.4348630251247	128700000.0
12	3	3	2	1	 7	4	4	2	1	1381.2889859470147	2845000.0
12	5	5	2	1	 7	4	4	2	1	1381.2889673127092	91790000.0
13	3	3	2	1	 7	4	4	2	1	1283.3677434771926	2069000.0
13	5	5	2	1	 7	4	4	2	1	1283.3677304638427	68050000.0
14	3	3	2	1	 7	4	4	2	1	1215.0227138438786	1559000.0
14	5	5	2	1	 7	4	4	2	1	1215.022704285702	52020000.0
15	3	3	2	1	 7	4	4	2	1	1164.9720609172905	1208000.0
15	5	5	2	1	 7	4	4	2	1	1164.972053619664	40750000.0
 8	5	5	2	1	 7	6	6	2	1	3888.072733860342	2859000.0
 8	7	7	2	1	 7	6	6	2	1	3888.0727006821185	894800000.0
 9	7	7	2	1	 7	6	6	2	1	2306.6446943872766	248700000.0
10	7	7	2	1	 7	6	6	2	1	1786.7981176470407	106400000.0
11	7	7	2	1	 7	6	6	2	1	1531.4348784670942	56390000.0
12	7	7	2	1	 7	6	6	2	1	1381.2889867845122	33990000.0
13	7	7	2	1	 7	6	6	2	1	1283.367747814976	22320000.0
14	7	7	2	1	 7	6	6	2	1	1215.02272	15570000.0
15	7	7	2	1	 7	6	6	2	1	1164.9720683638402	11370000.0
 8	2	2	2	1	 7	1	1	2	1	3888.073455486811	181200000.0
 8	0	0	2	1	 7	1	1	2	1	3888.072836712779	157800000.0
 9	2	2	2	1	 7	1	1	2	1	2306.644932022172	131600000.0
 9	0	0	2	1	 7	1	1	2	1	2306.6447819676823	105900000.0
10	2	2	2	1	 7	1	1	2	1	1786.7982448250377	95940000.0
10	0	0	2	1	 7	1	1	2	1	1786.7981796594595	73710000.0
11	2	2	2	1	 7	1	1	2	1	1531.434971118917	71730000.0
11	0	0	2	1	 7	1	1	2	1	1531.4349356023927	53500000.0
12	2	2	2	1	 7	1	1	2	1	1381.2890500155606	54970000.0
12	0	0	2	1	 7	1	1	2	1	1381.2890280312636	40160000.0
13	2	2	2	1	 7	1	1	2	1	1283.3677980609618	43040000.0
13	0	0	2	1	 7	1	1	2	1	1283.3677832402075	30970000.0
14	2	2	2	1	 7	1	1	2	1	1215.022762120781	34320000.0
14	0	0	2	1	 7	1	1	2	1	1215.0227515905913	24420000.0
15	2	2	2	1	 7	1	1	2	1	1164.9721047030298	27820000.0
15	0	0	2	1	 7	1	1	2	1	1164.9720969586122	19620000.0
 8	4	4	2	1	 7	5	5	2	1	3888.073166836238	9262000.0
 8	6	6	2	1	 7	5	5	2	1	3888.072231210348	674100000.0
 9	4	4	2	1	 7	5	5	2	1	2306.6448415223967	4182000.0
 9	6	6	2	1	 7	5	5	2	1	2306.6448018192673	315800000.0
10	4	4	2	1	 7	5	5	2	1	1786.798205235208	2270000.0
10	6	6	2	1	 7	5	5	2	1	1786.7981470766597	174400000.0
11	4	4	2	1	 7	5	5	2	1	1531.4349484706927	1390000.0
11	6	6	2	1	 7	5	5	2	1	1531.4349335434633	107900000.0
12	4	4	2	1	 7	5	5	2	1	1381.2890353593625	923200.0
12	6	6	2	1	 7	5	5	2	1	1381.2890251000151	72080000.0
13	4	4	2	1	 7	5	5	2	1	1283.3677884816864	649700.0
13	6	6	2	1	 7	5	5	2	1	1283.3677807098272	50940000.0
14	6	6	2	1	 7	5	5	2	1	1215.0227494845487	37540000.0
15	6	6	2	1	 7	5	5	2	1	1164.9720954692957	28590000.0
 8	1	1	2	1	 7	0	0	2	1	3888.0732132857624	108900000.0
 9	1	1	2	1	 7	0	0	2	1	2306.6448911513207	78620000.0
10	1	1	2	1	 7	0	0	2	1	1786.7982364165991	57180000.0
11	1	1	2	1	 7	0	0	2	1	1531.4349729204941	42730000.0
12	1	1	2	1	 7	0	0	2	1	1381.289056087436	32750000.0
13	1	1	2	1	 7	0	0	2	1	1283.3678060135783	25650000.0
14	1	1	2	1	 7	0	0	2	1	1215.0227710309578	20470000.0
15	1	1	2	1	 7	0	0	2	1	1164.9721140856977	16590000.0
 9	3	3	2	1	 8	2	2	2	1	5671.078094820654	126800000.0
 9	1	1	2	1	 8	2	2	2	1	5671.077674836897	40930000.0
10	3	3	2	1	 8	2	2	2	1	3306.1841113727855	94610000.0
10	1	1	2	1	 8	2	2	2	1	3306.1840178100665	26940000.0
11	3	3	2	1	 8	2	2	2	1	2526.620709295807	70390000.0
11	1	1	2	1	 8	2	2	2	1	2526.6206714665386	18630000.0
12	3	3	2	1	 8	2	2	2	1	2142.407316264215	53530000.0
12	1	1	2	1	 8	2	2	2	1	2142.4072971242276	13500000.0
13	3	3	2	1	 8	2	2	2	1	1915.697547904993	41620000.0
13	1	1	2	1	 8	2	2	2	1	1915.6975370314333	10140000.0
14	3	3	2	1	 8	2	2	2	1	1767.3057005114058	32990000.0
14	1	1	2	1	 8	2	2	2	1	1767.3056936564017	7840000.0
15	3	3	2	1	 8	2	2	2	1	1663.3597202197104	26600000.0
15	1	1	2	1	 8	2	2	2	1	1663.3597153618311	6202000.0
 9	2	2	2	1	 8	3	3	2	1	5671.078592448684	24500000.0
 9	4	4	2	1	 8	3	3	2	1	5671.078003059603	171500000.0
10	2	2	2	1	 8	3	3	2	1	3306.18427450787	15030000.0
10	4	4	2	1	 8	3	3	2	1	3306.1841245675982	123400000.0
11	2	2	2	1	 8	3	3	2	1	2526.6207996658027	9929000.0
11	4	4	2	1	 8	3	3	2	1	2526.6207296115517	89350000.0
12	2	2	2	1	 8	3	3	2	1	2142.407378217383	6969000.0
12	4	4	2	1	 8	3	3	2	1	2142.4073369152825	66550000.0
13	2	2	2	1	 8	3	3	2	1	1915.6975958292255	5116000.0
13	4	4	2	1	 8	3	3	2	1	1915.6975696521122	50920000.0
14	2	2	2	1	 8	3	3	2	1	1767.305739927675	3885000.0
14	4	4	2	1	 8	3	3	2	1	1767.3057203909304	39860000.0
15	2	2	2	1	 8	3	3	2	1	1663.3597539212433	3031000.0
15	4	4	2	1	 8	3	3	2	1	1663.3597396512278	31810000.0
 9	3	3	2	1	 8	4	4	2	1	5671.07875126595	14560000.0
 9	5	5	2	1	 8	4	4	2	1	5671.078147759732	226800000.0
10	3	3	2	1	 8	4	4	2	1	3306.1843344839654	8172000.0
10	5	5	2	1	 8	4	4	2	1	3306.1841701494163	151300000.0
11	3	3	2	1	 8	4	4	2	1	2526.6208395966905	5095000.0
11	5	5	2	1	 8	4	4	2	1	2526.620763938097	103900000.0
12	3	3	2	1	 8	4	4	2	1	2142.4074099494906	3434000.0
12	5	5	2	1	 8	4	4	2	1	2142.407365121607	74440000.0
13	3	3	2	1	 8	4	4	2	1	1915.6976228117744	2447000.0
13	5	5	2	1	 8	4	4	2	1	1915.6975938155947	55300000.0
14	3	3	2	1	 8	4	4	2	1	1767.305764262935	1817000.0
14	5	5	2	1	 8	4	4	2	1	1767.3057440406776	42320000.0
15	3	3	2	1	 8	4	4	2	1	1663.3597766925482	1392000.0
15	5	5	2	1	 8	4	4	2	1	1663.3597618152867	33180000.0
 9	2	2	2	1	 8	1	1	2	1	5671.079128898788	89720000.0
 9	0	0	2	1	 8	1	1	2	1	5671.078221874594	88340000.0
10	2	2	2	1	 8	1	1	2	1	3306.1844568353367	67570000.0
10	0	0	2	1	 8	1	1	2	1	3306.18423372414	61460000.0
11	2	2	2	1	 8	1	1	2	1	2526.6209061482723	50720000.0
11	0	0	2	1	 8	1	1	2	1	2526.6208094734234	44010000.0
12	2	2	2	1	 8	1	1	2	1	2142.4074547774117	38870000.0
12	0	0	2	1	 8	1	1	2	1	2142.4074018905762	32680000.0
13	2	2	2	1	 8	1	1	2	1	1915.697657043384	30400000.0
13	0	0	2	1	 8	1	1	2	1	1915.6976240199701	25010000.0
14	2	2	2	1	 8	1	1	2	1	1767.3057920257108	24220000.0
14	0	0	2	1	 8	1	1	2	1	1767.3057697469633	19600000.0
15	2	2	2	1	 8	1	1	2	1	1663.3598000710995	19610000.0
15	0	0	2	1	 8	1	1	2	1	1663.3597842829904	15670000.0
 9	4	4	2	1	 8	5	5	2	1	5671.078624212236	7992000.0
 9	6	6	2	1	 8	5	5	2	1	5671.07838422143	295700000.0
10	4	4	2	1	 8	5	5	2	1	3306.184335683595	4002000.0
10	6	6	2	1	 8	5	5	2	1	3306.184136562782	171800000.0
11	4	4	2	1	 8	5	5	2	1	2526.6208529070364	2317000.0
11	6	6	2	1	 8	5	5	2	1	2526.6208122755934	107700000.0
12	4	4	2	1	 8	5	5	2	1	2142.407425563734	1483000.0
12	6	6	2	1	 8	5	5	2	1	2142.4074008831894	72310000.0
13	4	4	2	1	 8	5	5	2	1	1915.6976405316625	1018000.0
13	6	6	2	1	 8	5	5	2	1	1915.6976232145064	51230000.0
14	4	4	2	1	 8	5	5	2	1	1767.305780714971	734000.0
14	6	6	2	1	 8	5	5	2	1	1767.305769404207	37810000.0
15	4	4	2	1	 8	5	5	2	1	1663.3597930879027	549900.0
15	6	6	2	1	 8	5	5	2	1	1663.3597848902145	28820000.0
 9	6	6	2	1	 8	7	7	2	1	5671.078454806959	1161000.0
 9	8	8	2	1	 8	7	7	2	1	5671.078433631174	489100000.0
10	8	8	2	1	 8	7	7	2	1	3306.183809093198	128500000.0
11	8	8	2	1	 8	7	7	2	1	2526.620822783719	52770000.0
12	8	8	2	1	 8	7	7	2	1	2142.4074013868826	27120000.0
13	8	8	2	1	 8	7	7	2	1	1915.6976288526669	15970000.0
14	8	8	2	1	 8	7	7	2	1	1767.3057745454544	10290000.0
15	8	8	2	1	 8	7	7	2	1	1663.359789444493	7081000.0
 9	1	1	2	1	 8	0	0	2	1	5671.078991257038	55900000.0
10	1	1	2	1	 8	0	0	2	1	3306.1844652320606	41650000.0
11	1	1	2	1	 8	0	0	2	1	2526.6209327689157	31110000.0
12	1	1	2	1	 8	0	0	2	1	2142.407484998513	23770000.0
13	1	1	2	1	 8	0	0	2	1	1915.6976872477615	18570000.0
14	1	1	2	1	 8	0	0	2	1	1767.3058215022445	14780000.0
15	1	1	2	1	 8	0	0	2	1	1663.3598286111542	11960000.0
 9	5	5	2	1	 8	6	6	2	1	5671.080138272162	3711000.0
 9	7	7	2	1	 8	6	6	2	1	5671.08006768659	381700000.0
10	5	5	2	1	 8	6	6	2	1	3306.184846680337	1599000.0
10	7	7	2	1	 8	6	6	2	1	3306.184828687426	172000000.0
11	5	5	2	1	 8	6	6	2	1	2526.6211590441353	840200.0
11	7	7	2	1	 8	6	6	2	1	2526.621125418085	92440000.0
12	7	7	2	1	 8	6	6	2	1	2142.407641644338	56030000.0
13	7	7	2	1	 8	6	6	2	1	1915.6978161196623	36890000.0
14	7	7	2	1	 8	6	6	2	1	1767.3059335815797	25780000.0
15	7	7	2	1	 8	6	6	2	1	1663.3599303229937	18840000.0
10	3	3	2	1	 9	2	2	2	1	7928.316289590263	66610000.0
10	1	1	2	1	 9	2	2	2	1	7928.315751555071	25410000.0
11	3	3	2	1	 9	2	2	2	1	4556.799870553133	51450000.0
11	1	1	2	1	 9	2	2	2	1	4556.799747507063	17330000.0
12	3	3	2	1	 9	2	2	2	1	3443.1545868032767	39380000.0
12	1	1	2	1	 9	2	2	2	1	3443.1545373664485	12300000.0
13	3	3	2	1	 9	2	2	2	1	2892.9345762709313	30650000.0
13	1	1	2	1	 9	2	2	2	1	2892.9345514741635	9104000.0
14	3	3	2	1	 9	2	2	2	1	2567.395712226736	24300000.0
14	1	1	2	1	 9	2	2	2	1	2567.395697760019	6961000.0
15	3	3	2	1	 9	2	2	2	1	2353.7189672658283	19590000.0
15	1	1	2	1	 9	2	2	2	1	2353.7189575387238	5461000.0
10	2	2	2	1	 9	3	3	2	1	7928.316931094273	16070000.0
10	4	4	2	1	 9	3	3	2	1	7928.3160688582575	87920000.0
11	2	2	2	1	 9	3	3	2	1	4556.800066515616	10310000.0
11	4	4	2	1	 9	3	3	2	1	4556.7998386523595	66420000.0
12	2	2	2	1	 9	3	3	2	1	3443.1546908809123	7026000.0
12	4	4	2	1	 9	3	3	2	1	3443.1545842013825	49910000.0
13	2	2	2	1	 9	3	3	2	1	2892.934646069288	5052000.0
13	4	4	2	1	 9	3	3	2	1	2892.934586373309	38290000.0
14	2	2	2	1	 9	3	3	2	1	2567.3957643069193	3781000.0
14	4	4	2	1	 9	3	3	2	1	2567.395723076813	30000000.0
15	2	2	2	1	 9	3	3	2	1	2353.719008606022	2917000.0
15	4	4	2	1	 9	3	3	2	1	2353.7189800326632	23960000.0
10	3	3	2	1	 9	4	4	2	1	7928.317441538055	10290000.0
10	5	5	2	1	 9	4	4	2	1	7928.316496527235	113500000.0
11	3	3	2	1	 9	4	4	2	1	4556.800251084749	6115000.0
11	5	5	2	1	 9	4	4	2	1	4556.800004992413	81660000.0
12	3	3	2	1	 9	4	4	2	1	3443.154804065325	3964000.0
12	5	5	2	1	 9	4	4	2	1	3443.1546882790176	59140000.0
13	3	3	2	1	 9	4	4	2	1	2892.9347296436254	2750000.0
13	5	5	2	1	 9	4	4	2	1	2892.9346635188617	44110000.0
14	3	3	2	1	 9	4	4	2	1	2567.395833023818	2004000.0
14	5	5	2	1	 9	4	4	2	1	2567.395790347012	33810000.0
15	3	3	2	1	 9	4	4	2	1	2353.719068792472	1514000.0
15	5	5	2	1	 9	4	4	2	1	2353.7190390032024	26530000.0
10	2	2	2	1	 9	1	1	2	1	7928.317751943361	48390000.0
10	0	0	2	1	 9	1	1	2	1	7928.316468935671	52480000.0
11	2	2	2	1	 9	1	1	2	1	4556.80033767288	37460000.0
11	0	0	2	1	 9	1	1	2	1	4556.800023221636	37610000.0
12	2	2	2	1	 9	1	1	2	1	3443.1548456963837	28790000.0
12	0	0	2	1	 9	1	1	2	1	3443.1547090945455	27570000.0
13	2	2	2	1	 9	1	1	2	1	2892.934755358812	22500000.0
13	0	0	2	1	 9	1	1	2	1	2892.9346800500853	20870000.0
14	2	2	2	1	 9	1	1	2	1	2567.3958503838803	17910000.0
14	0	0	2	1	 9	1	1	2	1	2567.3958033670838	16230000.0
15	2	2	2	1	 9	1	1	2	1	2353.7190809513536	14480000.0
15	0	0	2	1	 9	1	1	2	1	2353.7190493382623	12900000.0
10	4	4	2	1	 9	5	5	2	1	7928.317248397554	6300000.0
10	6	6	2	1	 9	5	5	2	1	7928.316103347342	144700000.0
11	4	4	2	1	 9	5	5	2	1	4556.800228298502	3408000.0
11	6	6	2	1	 9	5	5	2	1	4556.800096137881	95220000.0
12	4	4	2	1	 9	5	5	2	1	3443.154806667312	2075000.0
12	6	6	2	1	 9	5	5	2	1	3443.1547429197326	64740000.0
13	4	4	2	1	 9	5	5	2	1	2892.9347434196015	1377000.0
13	6	6	2	1	 9	5	5	2	1	2892.934703928439	46090000.0
14	4	4	2	1	 9	5	5	2	1	2567.395846767239	970100.0
14	6	6	2	1	 9	5	5	2	1	2567.3958228971405	34090000.0
15	4	4	2	1	 9	5	5	2	1	2353.719083991085	714600.0
15	6	6	2	1	 9	5	5	2	1	2353.7190675765623	26010000.0
10	5	5	2	1	 9	6	6	2	1	7928.316965583855	3521000.0
10	7	7	2	1	 9	6	6	2	1	7928.31686211511	182600000.0
11	5	5	2	1	 9	6	6	2	1	4556.8001599394365	1690000.0
11	7	7	2	1	 9	6	6	2	1	4556.800050565066	103300000.0
12	5	5	2	1	 9	6	6	2	1	3443.1547767450124	951200.0
12	7	7	2	1	 9	6	6	2	1	3443.1547572303853	63410000.0
13	5	5	2	1	 9	6	6	2	1	2892.934725970027	596400.0
13	7	7	2	1	 9	6	6	2	1	2892.9347149492332	41970000.0
14	5	5	2	1	 9	6	6	2	1	2567.395839533854	402900.0
14	7	7	2	1	 9	6	6	2	1	2567.3958315771715	29410000.0
15	5	5	2	1	 9	6	6	2	1	2353.7190803433987	287300.0
15	7	7	2	1	 9	6	6	2	1	2353.7190748718913	21520000.0
10	6	6	2	1	 9	7	7	2	1	7928.316241305151	1656000.0
10	8	8	2	1	 9	7	7	2	1	7928.314220224084	228900000.0
11	6	6	2	1	 9	7	7	2	1	4556.800141710536	680000.0
11	8	8	2	1	 9	7	7	2	1	4556.800130317331	99020000.0
12	8	8	2	1	 9	7	7	2	1	3443.154744220726	51590000.0
13	8	8	2	1	 9	7	7	2	1	2892.9347167860647	30540000.0
14	8	8	2	1	 9	7	7	2	1	2567.3958337471668	19750000.0
15	8	8	2	1	 9	7	7	2	1	2353.719076695756	13600000.0
10	7	7	2	1	 9	8	8	2	1	7928.316903502706	523300.0
10	9	9	2	1	 9	8	8	2	1	7928.316889707167	285300000.0
11	9	9	2	1	 9	8	8	2	1	4556.799451284956	70940000.0
12	9	9	2	1	 9	8	8	2	1	3443.1547637353533	27930000.0
13	9	9	2	1	 9	8	8	2	1	2892.934712194051	13890000.0
14	9	9	2	1	 9	8	8	2	1	2567.3958337471668	7970000.0
15	9	9	2	1	 9	8	8	2	1	2353.719076087801	5034000.0
10	1	1	2	1	 9	0	0	2	1	7928.317524313258	31020000.0
11	1	1	2	1	 9	0	0	2	1	4556.800333115695	23700000.0
12	1	1	2	1	 9	0	0	2	1	3443.154871715888	18090000.0
13	1	1	2	1	 9	0	0	2	1	2892.9347875028448	14080000.0
14	1	1	2	1	 9	0	0	2	1	2567.3958836573597	11180000.0
15	1	1	2	1	 9	0	0	2	1	2353.7191137803557	9021000.0
11	3	3	2	1	10	2	2	2	1	10715.578476462899	37600000.0
11	1	1	2	1	10	2	2	2	1	10715.577796039779	16400000.0
12	3	3	2	1	10	2	2	2	1	6086.384305593247	29810000.0
12	1	1	2	1	10	2	2	2	1	6086.384151118926	11520000.0
13	3	3	2	1	10	2	2	2	1	4554.987313206736	23330000.0
13	1	1	2	1	10	2	2	2	1	4554.987251732634	8361000.0
14	3	3	2	1	10	2	2	2	1	3796.9458006603536	18510000.0
14	1	1	2	1	10	2	2	2	1	3796.945769019138	6300000.0
15	3	3	2	1	10	2	2	2	1	3347.5114073148875	14910000.0
15	1	1	2	1	10	2	2	2	1	3347.5113876397177	4890000.0
11	2	2	2	1	10	3	3	2	1	10715.579497098637	10820000.0
11	4	4	2	1	10	3	3	2	1	10715.57823705482	48620000.0
12	2	2	2	1	10	3	3	2	1	6086.384610477011	7192000.0
12	4	4	2	1	10	3	3	2	1	6086.384277137496	38050000.0
13	2	2	2	1	10	3	3	2	1	4554.987474860928	5034000.0
13	4	4	2	1	10	3	3	2	1	4554.987326867576	29430000.0
14	2	2	2	1	10	3	3	2	1	3796.945906658402	3695000.0
14	4	4	2	1	10	3	3	2	1	3796.9458164810176	23110000.0
15	2	2	2	1	10	3	3	2	1	3347.511484785848	2812000.0
15	4	4	2	1	10	3	3	2	1	3347.5114269900573	18460000.0
11	2	2	2	1	10	1	1	2	1	10715.580479932572	27910000.0
11	0	0	2	1	10	1	1	2	1	10715.578741072311	32740000.0
12	2	2	2	1	10	1	1	2	1	6086.384927556089	22080000.0
12	0	0	2	1	10	1	1	2	1	6086.384500718898	24040000.0
13	2	2	2	1	10	1	1	2	1	4554.9876524528345	17300000.0
13	0	0	2	1	10	1	1	2	1	4554.9874657536475	17970000.0
14	2	2	2	1	10	1	1	2	1	3796.9460300590986	13750000.0
14	0	0	2	1	10	1	1	2	1	3796.9459272252216	13830000.0
15	2	2	2	1	10	1	1	2	1	3347.511580702264	11100000.0
15	0	0	2	1	10	1	1	2	1	3347.511516757957	10910000.0
11	3	3	2	1	10	4	4	2	1	10715.580051517116	7304000.0
11	5	5	2	1	10	4	4	2	1	10715.578690669665	61590000.0
12	3	3	2	1	10	4	4	2	1	6086.384813732774	4545000.0
12	5	5	2	1	10	4	4	2	1	6086.384451937484	46640000.0
13	3	3	2	1	10	4	4	2	1	4554.987597809145	3043000.0
13	5	5	2	1	10	4	4	2	1	4554.987433878083	35130000.0
14	3	3	2	1	10	4	4	2	1	3796.9459984178793	2163000.0
14	5	5	2	1	10	4	4	2	1	3796.945905076313	27020000.0
15	3	3	2	1	10	4	4	2	1	3347.5115610270923	1606000.0
15	5	5	2	1	10	4	4	2	1	3347.5115007718587	21230000.0
11	4	4	2	1	10	5	5	2	1	10715.579963314254	4811000.0
11	6	6	2	1	10	5	5	2	1	10715.579232489188	77010000.0
12	4	4	2	1	10	5	5	2	1	6086.384834058438	2763000.0
12	6	6	2	1	10	5	5	2	1	6086.384634867574	54920000.0
13	4	4	2	1	10	5	5	2	1	4554.987638791831	1752000.0
13	6	6	2	1	10	5	5	2	1	4554.9875408885955	39540000.0
14	4	4	2	1	10	5	5	2	1	3796.946033223277	1197000.0
14	6	6	2	1	10	5	5	2	1	3796.945981015237	29370000.0
15	4	4	2	1	10	5	5	2	1	3347.511595458643	863100.0
15	6	6	2	1	10	5	5	2	1	3347.511562256725	22460000.0
11	1	1	2	1	10	0	0	2	1	10715.580139720874	18320000.0
12	1	1	2	1	10	0	0	2	1	6086.384907230713	14280000.0
13	1	1	2	1	10	0	0	2	1	4554.98767522112	11100000.0
14	1	1	2	1	10	0	0	2	1	3796.946063282408	8774000.0
15	1	1	2	1	10	0	0	2	1	3347.5116163635353	7058000.0
11	6	6	2	1	10	7	7	2	1	10715.579421496448	1695000.0
11	8	8	2	1	10	7	7	2	1	10715.579358494027	117500000.0
12	6	6	2	1	10	7	7	2	1	6086.384695844563	779500.0
12	8	8	2	1	10	7	7	2	1	6086.3846186073915	64430000.0
13	6	6	2	1	10	7	7	2	1	4554.987575041022	425300.0
13	8	8	2	1	10	7	7	2	1	4554.9875613801805	38650000.0
14	6	6	2	1	10	7	7	2	1	3796.9460047462358	260600.0
14	8	8	2	1	10	7	7	2	1	3796.9459968359024	25120000.0
15	8	8	2	1	10	7	7	2	1	3347.5115745538383	17350000.0
11	10	10	2	1	10	9	9	2	1	10715.579383694458	175400000.0
12	10	10	2	1	10	9	9	2	1	6086.383447853623	41330000.0
13	10	10	2	1	10	9	9	2	1	4554.9875704873	15590000.0
14	10	10	2	1	10	9	9	2	1	3796.9459920896356	7500000.0
15	10	10	2	1	10	9	9	2	1	3347.511574553751	4188000.0
11	5	5	2	1	10	6	6	2	1	10715.58078234319	2997000.0
11	7	7	2	1	10	6	6	2	1	10715.580177521975	95440000.0
12	5	5	2	1	10	6	6	2	1	6086.38512674726	1560000.0
12	7	7	2	1	10	6	6	2	1	6086.385065770263	61600000.0
13	5	5	2	1	10	6	6	2	1	4554.987811830352	925300.0
13	7	7	2	1	10	6	6	2	1	4554.987784508505	41280000.0
14	5	5	2	1	10	6	6	2	1	3796.9461676984943	602400.0
14	7	7	2	1	10	6	6	2	1	3796.94615029585	29070000.0
15	5	5	2	1	10	6	6	2	1	3347.511704901812	418500.0
15	7	7	2	1	10	6	6	2	1	3347.5116938345054	21320000.0
11	7	7	2	1	10	8	8	2	1	10715.583869451862	804400.0
11	9	9	2	1	10	8	8	2	1	10715.580479932572	143900000.0
12	7	7	2	1	10	8	8	2	1	6086.386256850039	314800.0
12	9	9	2	1	10	8	8	2	1	6086.386252785136	59660000.0
13	9	9	2	1	10	8	8	2	1	4554.988431125477	30080000.0
14	9	9	2	1	10	8	8	2	1	3796.946609093453	17360000.0
15	9	9	2	1	10	8	8	2	1	3347.512049217292	10990000.0
12	3	3	2	1	11	2	2	2	1	14088.656151887833	22480000.0
12	1	1	2	1	11	2	2	2	1	14088.655324180736	10950000.0
13	3	3	2	1	11	2	2	2	1	7922.830967088167	18200000.0
13	1	1	2	1	11	2	2	2	1	7922.830781102866	7880000.0
14	3	3	2	1	11	2	2	2	1	5880.709618920161	14500000.0
14	1	1	2	1	11	2	2	2	1	5880.7095430198015	5831000.0
15	3	3	2	1	11	2	2	2	1	4868.37594449764	11680000.0
15	1	1	2	1	11	2	2	2	1	4868.375902883343	4463000.0
12	2	2	2	1	11	3	3	2	1	14088.657633049526	7463000.0
12	4	4	2	1	11	3	3	2	1	14088.655846943591	28570000.0
13	2	2	2	1	11	3	3	2	1	7922.83140794254	5113000.0
13	4	4	2	1	11	3	3	2	1	7922.830960199696	22970000.0
14	2	2	2	1	11	3	3	2	1	5880.709846621252	3660000.0
14	4	4	2	1	11	3	3	2	1	5880.709630305417	18170000.0
15	2	2	2	1	11	3	3	2	1	4868.376090147687	2734000.0
15	4	4	2	1	11	3	3	2	1	4868.375967905729	14540000.0
12	2	2	2	1	11	1	1	2	1	14088.658809265613	16990000.0
12	0	0	2	1	11	1	1	2	1	14088.656522178613	21270000.0
13	2	2	2	1	11	1	1	2	1	7922.83177991321	13680000.0
13	0	0	2	1	11	1	1	2	1	7922.831215068746	15940000.0
14	2	2	2	1	11	1	1	2	1	5880.710051552113	10890000.0
14	0	0	2	1	11	1	1	2	1	5880.709804876117	12120000.0
15	2	2	2	1	11	1	1	2	1	4868.376230595863	8774000.0
15	0	0	2	1	11	1	1	2	1	4868.376095349383	9458000.0
12	3	3	2	1	11	4	4	2	1	14088.6583300669	5247000.0
12	5	5	2	1	11	4	4	2	1	14088.656391488657	35610000.0
13	3	3	2	1	11	4	4	2	1	7922.831655923146	3390000.0
13	5	5	2	1	11	4	4	2	1	7922.831159961949	28000000.0
14	3	3	2	1	11	4	4	2	1	5880.7099984219885	2332000.0
14	5	5	2	1	11	4	4	2	1	5880.709774515972	21730000.0
15	3	3	2	1	11	4	4	2	1	4868.376204587016	1692000.0
15	5	5	2	1	11	4	4	2	1	4868.376077143173	17120000.0
12	1	1	2	1	11	0	0	2	1	14088.6583300669	11370000.0
13	1	1	2	1	11	0	0	2	1	7922.831731694879	9018000.0
14	1	1	2	1	11	0	0	2	1	5880.710066732187	7112000.0
15	1	1	2	1	11	0	0	2	1	4868.37626180659	5698000.0
12	4	4	2	1	11	5	5	2	1	14088.658199376912	3641000.0
12	6	6	2	1	11	5	5	2	1	14088.657132068718	43830000.0
13	4	4	2	1	11	5	5	2	1	7922.831704141477	2194000.0
13	6	6	2	1	11	5	5	2	1	7922.83140794254	33040000.0
14	4	4	2	1	11	5	5	2	1	5880.710040167395	1439000.0
14	6	6	2	1	11	5	5	2	1	5880.709914931717	24810000.0
15	4	4	2	1	11	5	5	2	1	4868.376248802259	1008000.0
15	6	6	2	1	11	5	5	2	1	4868.376178577985	19040000.0
12	5	5	2	1	11	6	6	2	1	14088.657654831704	2437000.0
12	7	7	2	1	11	6	6	2	1	14088.657328103673	53490000.0
13	5	5	2	1	11	6	6	2	1	7922.831559485997	1351000.0
13	7	7	2	1	11	6	6	2	1	7922.831476825795	37620000.0
14	5	5	2	1	11	6	6	2	1	5880.709994626903	836300.0
14	7	7	2	1	11	6	6	2	1	5880.709952881766	26800000.0
15	5	5	2	1	11	6	6	2	1	4868.376227994923	561600.0
15	7	7	2	1	11	6	6	2	1	4868.376204586832	19750000.0
12	7	7	2	1	11	8	8	2	1	14088.657437013015	875600.0
12	9	9	2	1	11	8	8	2	1	14088.657415232385	78250000.0
13	7	7	2	1	11	8	8	2	1	7922.831511267668	385700.0
13	9	9	2	1	11	8	8	2	1	7922.831449272395	41540000.0
14	7	7	2	1	11	8	8	2	1	5880.709971856926	203900.0
14	9	9	2	1	11	8	8	2	1	5880.709960471669	24280000.0
15	9	9	2	1	11	8	8	2	1	4868.376207187772	15460000.0
12	11	11	2	1	11	10	10	2	1	14088.657415232385	112600000.0
13	11	11	2	1	11	10	10	2	1	7922.831504379195	25180000.0
14	11	11	2	1	11	10	10	2	1	5880.709933906607	9111000.0
15	11	11	2	1	11	10	10	2	1	4868.376201986076	4235000.0
12	6	6	2	1	11	7	7	2	1	14088.658177594732	1535000.0
12	8	8	2	1	11	7	7	2	1	14088.657763741052	64860000.0
13	6	6	2	1	11	7	7	2	1	7922.831738583352	768300.0
13	8	8	2	1	11	7	7	2	1	7922.831697253493	40910000.0
14	6	6	2	1	11	7	7	2	1	5880.710097092607	443300.0
14	8	8	2	1	11	7	7	2	1	5880.710078117446	26930000.0
15	6	6	2	1	11	7	7	2	1	4868.376303420894	282600.0
15	8	8	2	1	11	7	7	2	1	4868.376290416562	18690000.0
12	8	8	2	1	11	9	9	2	1	14088.663623044458	418300.0
12	10	10	2	1	11	9	9	2	1	14088.657306323043	94030000.0
13	10	10	2	1	11	9	9	2	1	7922.833563996294	37380000.0
14	10	10	2	1	11	9	9	2	1	5880.711080002264	18220000.0
15	10	10	2	1	11	9	9	2	1	4868.376984855126	10230000.0
13	3	3	2	1	12	2	2	2	1	18103.340757336733	14090000.0
13	1	1	2	1	12	2	2	2	1	18103.339786300847	7529000.0
14	3	3	2	1	12	2	2	2	1	10094.03418654157	11590000.0
14	1	1	2	1	12	2	2	2	1	10094.033962919893	5532000.0
15	3	3	2	1	12	2	2	2	1	7438.9141568015375	9377000.0
15	1	1	2	1	12	2	2	2	1	7438.9140596402085	4161000.0
13	2	2	2	1	12	3	3	2	1	18103.342843266124	5268000.0
13	4	4	2	1	12	3	3	2	1	18103.340505584594	17650000.0
14	2	2	2	1	12	3	3	2	1	10094.034790319754	3702000.0
14	4	4	2	1	12	3	3	2	1	10094.034152998518	14480000.0
15	2	2	2	1	12	3	3	2	1	7438.914460430489	2701000.0
15	4	4	2	1	12	3	3	2	1	7438.914175019178	11660000.0
13	2	2	2	1	12	1	1	2	1	18103.344209909337	10810000.0
13	0	0	2	1	12	1	1	2	1	18103.341260835918	14290000.0
14	2	2	2	1	12	1	1	2	1	10094.035215200623	8837000.0
14	0	0	2	1	12	1	1	2	1	10094.034488430654	10900000.0
15	2	2	2	1	12	1	1	2	1	7438.914691188458	7126000.0
15	0	0	2	1	12	1	1	2	1	7438.914375414104	8408000.0
13	3	3	2	1	12	4	4	2	1	18103.34370640999	3823000.0
13	5	5	2	1	12	4	4	2	1	18103.34111697864	21690000.0
14	3	3	2	1	12	4	4	2	1	10094.035103390157	2549000.0
14	5	5	2	1	12	4	4	2	1	10094.034443706314	17540000.0
15	3	3	2	1	12	4	4	2	1	7438.91465475317	1794000.0
15	5	5	2	1	12	4	4	2	1	7438.914357196462	13930000.0
13	1	1	2	1	12	0	0	2	1	18103.343562552673	7357000.0
14	1	1	2	1	12	0	0	2	1	10094.035136933217	5918000.0
15	1	1	2	1	12	0	0	2	1	7438.914697261151	4728000.0
13	4	4	2	1	12	5	5	2	1	18103.343706407435	2759000.0
13	6	6	2	1	12	5	5	2	1	18103.34215994204	26340000.0
14	4	4	2	1	12	5	5	2	1	10094.035148114503	1730000.0
14	6	6	2	1	12	5	5	2	1	10094.03477913847	20670000.0
15	4	4	2	1	12	5	5	2	1	7438.914715478794	1167000.0
15	6	6	2	1	12	5	5	2	1	7438.914551518706	16020000.0
13	5	5	2	1	12	6	6	2	1	18103.342879231088	1944000.0
13	7	7	2	1	12	6	6	2	1	18103.342447659186	31720000.0
14	5	5	2	1	12	6	6	2	1	10094.034991579694	1134000.0
14	7	7	2	1	12	6	6	2	1	10094.034868587949	23690000.0
15	5	5	2	1	12	6	6	2	1	7438.91465475317	727000.0
15	7	7	2	1	12	6	6	2	1	7438.914600099807	17650000.0
13	6	6	2	1	12	7	7	2	1	18103.342699408822	1315000.0
13	8	8	2	1	12	7	7	2	1	18103.34248362415	37980000.0
14	6	6	2	1	12	7	7	2	1	10094.03494685535	703200.0
14	8	8	2	1	12	7	7	2	1	10094.034890949722	26250000.0
15	6	6	2	1	12	7	7	2	1	7438.914642607787	424400.0
15	8	8	2	1	12	7	7	2	1	7438.914612245191	18450000.0
13	10	10	2	1	12	9	9	2	1	18103.34259151393	53700000.0
13	8	8	2	1	12	9	9	2	1	18103.342519586557	479300.0
14	8	8	2	1	12	9	9	2	1	10094.034902130214	202400.0
14	10	10	2	1	12	9	9	2	1	10094.034846224586	27570000.0
15	10	10	2	1	12	9	9	2	1	7438.914606172068	15680000.0
13	12	12	2	1	12	11	11	2	1	18103.34259151393	74970000.0
14	12	12	2	1	12	11	11	2	1	10094.034902130214	15940000.0
15	12	12	2	1	12	11	11	2	1	7438.914606172068	5533000.0
13	7	7	2	1	12	8	8	2	1	18103.34313098074	834900.0
13	9	9	2	1	12	8	8	2	1	18103.34280730116	45250000.0
14	7	7	2	1	12	8	8	2	1	10094.035081028382	401900.0
14	9	9	2	1	12	8	8	2	1	10094.035047484527	27820000.0
15	7	7	2	1	12	8	8	2	1	7438.914715478794	225300.0
15	9	9	2	1	12	8	8	2	1	7438.914691188458	17940000.0
13	11	11	2	1	12	10	10	2	1	18103.353524675338	63540000.0
13	9	9	2	1	12	10	10	2	1	18103.353236960396	230200.0
14	11	11	2	1	12	10	10	2	1	10094.038211732675	24220000.0
15	11	11	2	1	12	10	10	2	1	7438.916440093059	11410000.0
14	3	3	2	1	13	2	2	2	1	22815.424347541073	9181000.0
14	1	1	2	1	13	2	2	2	1	22815.4232050799	5310000.0
15	3	3	2	1	13	2	2	2	1	12627.888760537298	7660000.0
15	1	1	2	1	13	2	2	2	1	12627.888480551605	3972000.0
14	2	2	2	1	13	3	3	2	1	22815.427203692474	3797000.0
14	4	4	2	1	13	3	3	2	1	22815.423947680665	11360000.0
15	2	2	2	1	13	3	3	2	1	12627.889565495616	2727000.0
15	4	4	2	1	13	3	3	2	1	12627.888743037882	9479000.0
14	2	2	2	1	13	1	1	2	1	22815.428746014608	7142000.0
14	0	0	2	1	13	1	1	2	1	22815.42503301783	9891000.0
15	2	2	2	1	13	1	1	2	1	12627.890037971252	5908000.0
15	0	0	2	1	13	1	1	2	1	12627.889128017609	7657000.0
14	3	3	2	1	13	4	4	2	1	22815.428060541686	2827000.0
14	5	5	2	1	13	4	4	2	1	22815.424690281478	13790000.0
15	3	3	2	1	13	4	4	2	1	12627.88989797962	1936000.0
15	5	5	2	1	13	4	4	2	1	12627.889040523005	11400000.0
14	1	1	2	1	13	0	0	2	1	22815.427889169405	4929000.0
15	1	1	2	1	13	0	0	2	1	12627.889915477796	4014000.0
14	4	4	2	1	13	5	5	2	1	22815.428060541686	2104000.0
14	6	6	2	1	13	5	5	2	1	22815.426175479184	16550000.0
15	4	4	2	1	13	5	5	2	1	12627.890002973654	1364000.0
15	6	6	2	1	13	5	5	2	1	12627.889530496777	13390000.0
14	5	5	2	1	13	6	6	2	1	22815.42714657244	1541000.0
14	7	7	2	1	13	6	6	2	1	22815.426518219643	19720000.0
15	5	5	2	1	13	6	6	2	1	12627.889792984342	937200.0
15	7	7	2	1	13	6	6	2	1	12627.88963549205	15380000.0
14	6	6	2	1	13	7	7	2	1	22815.426860956053	1097000.0
14	8	8	2	1	13	7	7	2	1	22815.426575339672	23340000.0
15	6	6	2	1	13	7	7	2	1	12627.889740486082	618700.0
15	8	8	2	1	13	7	7	2	1	12627.889652991471	17210000.0
14	12	12	2	1	13	11	11	2	1	22815.42663246376	44160000.0
14	10	10	2	1	13	11	11	2	1	22815.426346847384	132800.0
15	12	12	2	1	13	11	11	2	1	12627.88963549205	16160000.0
14	9	9	2	1	13	10	10	2	1	22815.426575339672	275300.0
14	11	11	2	1	13	10	10	2	1	22815.426175479184	37820000.0
15	9	9	2	1	13	10	10	2	1	12627.88963549205	111500.0
15	11	11	2	1	13	10	10	2	1	12627.889600494454	18770000.0
14	13	13	2	1	13	12	12	2	1	22815.42663246376	51450000.0
15	13	13	2	1	13	12	12	2	1	12627.889652991471	10420000.0
14	7	7	2	1	13	8	8	2	1	22815.426860956053	747300.0
14	9	9	2	1	13	8	8	2	1	22815.42668958379	27510000.0
15	7	7	2	1	13	8	8	2	1	12627.889740486082	385600.0
15	9	9	2	1	13	8	8	2	1	12627.889670489647	18650000.0
14	8	8	2	1	13	9	9	2	1	22815.427089448352	477300.0
14	10	10	2	1	13	9	9	2	1	22815.426803831964	32310000.0
15	8	8	2	1	13	9	9	2	1	12627.88981048376	221100.0
15	10	10	2	1	13	9	9	2	1	12627.889775484922	19340000.0
15	3	3	2	1	14	2	2	2	1	28280.69827678666	6186000.0
15	2	2	2	1	14	3	3	2	1	28280.701963026684	2789000.0
15	4	4	2	1	14	3	3	2	1	28280.697837946696	7569000.0
15	2	2	2	1	14	1	1	2	1	28280.703718380897	4869000.0
15	0	0	2	1	14	1	1	2	1	28280.69915446039	7019000.0
15	3	3	2	1	14	4	4	2	1	28280.703279540765	2120000.0
15	5	5	2	1	14	4	4	2	1	28280.6989789219	9094000.0
15	4	4	2	1	14	5	5	2	1	28280.703016239186	1618000.0
15	6	6	2	1	14	5	5	2	1	28280.700646506488	10810000.0
15	5	5	2	1	14	6	6	2	1	28280.70187525742	1222000.0
15	7	7	2	1	14	6	6	2	1	28280.70108534654	12740000.0
15	6	6	2	1	14	7	7	2	1	28280.70161194963	903300.0
15	8	8	2	1	14	7	7	2	1	28280.701173115798	14950000.0
15	7	7	2	1	14	8	8	2	1	28280.701524186603	647300.0
15	9	9	2	1	14	8	8	2	1	28280.701173115798	17450000.0
15	14	14	2	1	14	13	13	2	1	28280.701260885056	36260000.0
15	13	13	2	1	14	12	12	2	1	28280.701260885056	31460000.0
15	11	11	2	1	14	12	12	2	1	28280.700997583517	79760.0
15	8	8	2	1	14	9	9	2	1	28280.70143642358	443500.0
15	10	10	2	1	14	9	9	2	1	28280.701260885056	20300000.0
15	9	9	2	1	14	10	10	2	1	28280.701611955865	284600.0
15	11	11	2	1	14	10	10	2	1	28280.70143642358	23550000.0
15	10	10	2	1	14	11	11	2	1	28280.70187525742	164800.0
15	12	12	2	1	14	11	11	2	1	28280.70187525742	27250000.0

100	0	0	0	0	0	0	0	0	0	1.0	1.0
# upper n l L (2S+1) Seniority  lower  n l L (2S+1) Seniority  Energy (Angstrom) Einstein A (s-1)
# File computed  using the RAP package (Witthoeft, 2011) using AUTOSTRUCTURE data 
# For the final state of H-like N