  2   1   2    1   0    2   18.9689121798 2.56666666667e+12 
  3   0   2    2   1    2   102.497012233   25874000000.0 
  3   1   2    1   0    2   16.0058988101 6.85433333333e+11 
  3   1   2    2   0    2   102.370787654   91990000000.0 
  3   2   2    2   1    2   102.443314296      2.6492e+11 
  4   0   2    2   1    2   75.9082023543   10565000000.0 
  4   0   2    3   1    2   292.853505099    7522000000.0 
  4   1   2    1   0    2   15.1761644894       2.794e+11 
  4   1   2    2   0    2   75.8480917416   39623333333.3 
  4   1   2    3   0    2    292.51877348   12563333333.3 
  4   1   2    3   2    2   292.957021967    1424400000.0 
  4   2   2    2   1    2   75.8957756928   84528000000.0 
  4   2   2    3   1    2   292.668631558   28834400000.0 
  4   3   2    3   2    2   292.834737852   56503571428.6 
  5   0   2    2   1    2   67.7720793207    5280000000.0 
  5   0   2    3   1    2   200.151771648    3708000000.0 
  5   0   2    4   1    2   632.762024144    2643800000.0 
  5   1   2    1   0    2   14.8205743854       1.409e+11 
  5   1   2    2   0    2   67.7267547699   20280000000.0 
  5   1   2    3   0    2   200.017990461    6712000000.0 
  5   1   2    3   2    2   200.222797725     612840000.0 
  5   1   2    4   0    2   632.061179154   3021333333.33 
  5   1   2    4   2    2   632.924076014   772306666.667 
  5   2   2    2   1    2   67.7670079648   38623200000.0 
  5   2   2    3   1    2   200.107545627   13900000000.0 
  5   2   2    4   1    2   632.320217299    6089400000.0 
  5   2   2    4   3    2   632.890656406     206873000.0 
  5   3   2    3   2    2   200.193545482   18614714285.7 
  5   3   2    4   2    2   632.631863875   10592057142.9 
  5   4   2    4   3    2   632.754317164   17431111111.1 
  6   0   2    2   1    2   64.0436995892    3011000000.0 
  6   0   2    3   1    2   170.788122913    2078600000.0 
  6   0   2    4   1    2   409.941494272    1468200000.0 
  6   0   2    5   1    2   1164.94963843    1099000000.0 
  6   1   2    1   0    2   14.6343210252   80850000000.0 
  6   1   2    2   0    2   64.0042474102   11710000000.0 
  6   1   2    3   0    2   170.697990135    3913000000.0 
  6   1   2    3   2    2    170.84713176   320613333.333 
  6   1   2    4   0    2   409.689175237   1826333333.33 
  6   1   2    4   2    2   410.051535935   385906666.667 
  6   1   2    5   0    2   1163.67994392   995633333.333 
  6   1   2    5   2    2   1165.17714618   393073333.333 
  6   2   2    2   1    2   64.0410789896   21082400000.0 
  6   2   2    3   1    2   170.769487734    7694800000.0 
  6   2   2    4   1    2   409.834145856    3533240000.0 
  6   2   2    4   3    2   410.073705468      87901600.0 
  6   2   2    5   1    2   1164.08316194    1842080000.0 
  6   2   2    5   3    2   1165.07292831     160117400.0 
  6   3   2    3   2    2   170.834806082   8794228571.43 
  6   3   2    4   2    2   410.070176234    5274000000.0 
  6   3   2    5   2    2   1164.60409024   2963642857.14 
  6   3   2    5   4    2   1165.06603062   46607142.8571 
  6   4   2    4   3    2   410.040576499   5625444444.44 
  6   4   2    5   3    2   1164.80555029    4531800000.0 
  6   5   2    5   4    2   1164.90977122   6740818181.82 
  7   0   2    2   1    2    62.016786092    1880000000.0 
  7   0   2    3   1    2   156.980014226    1282000000.0 
  7   0   2    4   1    2   338.273418855     890900000.0 
  7   0   2    5   1    2   726.759369323     662800000.0 
  7   0   2    6   1    2   1932.06143973     518500000.0 
  7   1   2    1   0    2   14.5351837224   50660000000.0 
  7   1   2    2   0    2   62.0167885324    7365000000.0 
  7   1   2    3   0    2   156.980026933    2469000000.0 
  7   1   2    3   2    2   156.979995913     190000000.0 
  7   1   2    4   0    2    338.27344314    1159000000.0 
  7   1   2    4   2    2   338.273380493     220900000.0 
  7   1   2    5   0    2   726.759443339     652000000.0 
  7   1   2    5   2    2   726.759239375     217500000.0 
  7   1   2    6   0    2   1932.06162366     401200000.0 
  7   1   2    6   2    2   1932.06179652     209200000.0 
  7   2   2    2   1    2   62.0167864187   12830000000.0 
  7   2   2    3   1    2   156.980016319    4711000000.0 
  7   2   2    4   1    2   338.273428574    2188000000.0 
  7   2   2    4   3    2   338.273373348      46060000.0 
  7   2   2    5   1    2   726.759414185    1189000000.0 
  7   2   2    5   3    2   726.759214104      78360000.0 
  7   2   2    6   1    2   1932.06175679     698400000.0 
  7   2   2    6   3    2   1932.06176293     103400000.0 
  7   3   2    3   2    2   156.979995672    4947000000.0 
  7   3   2    4   2    2   338.273379375    3008000000.0 
  7   3   2    5   2    2   726.759234216    1775000000.0 
  7   3   2    5   4    2    726.75917214      19060000.0 
  7   3   2    6   2    2   1932.06176006    1063000000.0 
  7   3   2    6   4    2   1932.06129267      45500000.0 
  7   4   2    4   3    2   338.273369756    2647000000.0 
  7   4   2    5   3    2   726.759197527    2246000000.0 
  7   4   2    6   3    2   1932.06164578    1542000000.0 
  7   4   2    6   5    2   1932.06142335      13750000.0 
  7   5   2    5   4    2   726.759176371    2085000000.0 
  7   5   2    6   4    2   1932.06132258    2181000000.0 
  7   6   2    6   5    2   1932.06136518    3036000000.0 
  8   0   2    2   1    2   60.7511374621    1252000000.0 
  8   0   2    3   1    2   149.116450595     847000000.0 
  8   0   2    4   1    2   303.755721017     581800000.0 
  8   0   2    5   1    2   584.145659597     426200000.0 
  8   0   2    6   1    2    1171.6291127     332100000.0 
  8   0   2    7   1    2   2976.80576591     269300000.0 
  8   1   2    1   0    2   14.4645560147   33830000000.0 
  8   1   2    2   0    2   60.7511398204    4928000000.0 
  8   1   2    3   0    2   149.116462161    1655000000.0 
  8   1   2    3   2    2   149.116434171     122400000.0 
  8   1   2    4   0    2   303.755741014     777600000.0 
  8   1   2    4   2    2     303.7556905     139200000.0 
  8   1   2    5   0    2    584.14570895     439000000.0 
  8   1   2    5   2    2    584.14557718     133000000.0 
  8   1   2    6   0    2   1171.62918652     277800000.0 
  8   1   2    6   2    2   1171.62925009     124600000.0 
  8   1   2    7   0    2   2976.80605472     185800000.0 
  8   1   2    7   2    2   2976.80530206     117700000.0 
  8   2   2    2   1    2   60.7511376593    8411000000.0 
  8   2   2    3   1    2   149.116451783    3098000000.0 
  8   2   2    4   1    2   303.755725948    1444000000.0 
  8   2   2    4   3    2   303.755681418      27480000.0 
  8   2   2    5   1    2   584.145677833     792300000.0 
  8   2   2    5   3    2   584.145548572      44600000.0 
  8   2   2    6   1    2   1171.62918607     483400000.0 
  8   2   2    6   3    2   1171.62918833      55820000.0 
  8   2   2    7   1    2   2976.80623948     309100000.0 
  8   2   2    7   3    2   2976.80632602      65290000.0 
  8   3   2    3   2    2   149.116434654    3090000000.0 
  8   3   2    4   2    2   303.755692505    1890000000.0 
  8   3   2    5   2    2   584.145584594    1128000000.0 
  8   3   2    5   4    2    584.14554449       9788000.0 
  8   3   2    6   2    2   1171.62927991     707200000.0 
  8   3   2    6   4    2   1171.62910803      21460000.0 
  8   3   2    7   2    2    2976.8054946     451200000.0 
  8   3   2    7   4    2   2976.80577271      34710000.0 
  8   4   2    4   3    2   303.755678957    1493000000.0 
  8   4   2    5   3    2   584.145539473    1285000000.0 
  8   4   2    6   3    2   1171.62915172     927100000.0 
  8   4   2    6   5    2   1171.62906992       5351000.0 
  8   4   2    7   3    2   2976.80608972     629500000.0 
  8   4   2    7   5    2   2976.80601874      15800000.0 
  8   5   2    5   4    2    584.14553584     958300000.0 
  8   5   2    6   4    2   1171.62907324    1056000000.0 
  8   5   2    7   4    2   2976.80554808     857300000.0 
  8   5   2    7   6    2   2976.80568617       4877000.0 
  8   6   2    6   5    2   1171.62895905     891600000.0 
  8   6   2    7   5    2   2976.80530303    1150000000.0 
  8   7   2    7   6    2   2976.80566186    1527000000.0 
  9   0   2    2   1    2   59.9128506779     875400000.0 
  9   0   2    3   1    2   144.165317819     589200000.0 
  9   0   2    4   1    2   283.894768309     401400000.0 
  9   0   2    5   1    2   514.876144693     290700000.0 
  9   0   2    6   1    2   922.657924324     223300000.0 
  9   0   2    7   1    2   1766.02491097     180600000.0 
  9   0   2    8   1    2   4341.91926058     150700000.0 
  9   1   2    1   0    2     14.41652917   23710000000.0 
  9   1   2    2   0    2   59.9128529507    3458000000.0 
  9   1   2    3   0    2   144.165328509    1162000000.0 
  9   1   2    3   2    2   144.165302347      83670000.0 
  9   1   2    4   0    2   283.894785308     546100000.0 
  9   1   2    4   2    2   283.894741183      93750000.0 
  9   1   2    5   0    2   514.876181493     308200000.0 
  9   1   2    5   2    2   514.876079121      87830000.0 
  9   1   2    6   0    2   922.657965149     195400000.0 
  9   1   2    6   2    2   922.658004571      80140000.0 
  9   1   2    7   0    2   1766.02499448     134100000.0 
  9   1   2    7   2    2   1766.02472958      74170000.0 
  9   1   2    8   0    2   4341.91985019      95360000.0 
  9   1   2    8   2    2   4341.91884269      69820000.0 
  9   2   2    2   1    2   59.9128508102    5821000000.0 
  9   2   2    3   1    2   144.165318585    2148000000.0 
  9   2   2    4   1    2   283.894771281    1003000000.0 
  9   2   2    4   3    2   283.894732383      17860000.0 
  9   2   2    5   1    2   514.876154467     551900000.0 
  9   2   2    5   3    2   514.876054045      28130000.0 
  9   2   2    6   1    2   922.657955713     339000000.0 
  9   2   2    6   3    2   922.657957114      33800000.0 
  9   2   2    7   1    2   1766.02502597     224600000.0 
  9   2   2    7   3    2   1766.02505643      37880000.0 
  9   2   2    8   1    2    4341.9199557     153100000.0 
  9   2   2    8   3    2   4341.91954608      41800000.0 
  9   3   2    3   2    2   144.165302702    2071000000.0 
  9   3   2    4   2    2   283.894742563    1270000000.0 
  9   3   2    5   2    2    514.87608366     762200000.0 
  9   3   2    5   4    2   514.876052503       5780000.0 
  9   3   2    6   2    2   922.658019145     482600000.0 
  9   3   2    6   4    2   922.657912554      11980000.0 
  9   3   2    7   2    2   1766.02478297     321200000.0 
  9   3   2    7   4    2   1766.02488085      18090000.0 
  9   3   2    8   2    2   4341.91916542     216300000.0 
  9   3   2    8   4    2   4341.91966814      24840000.0 
  9   4   2    4   3    2   283.894730455     938000000.0 
  9   4   2    5   3    2   514.876047703     811700000.0 
  9   4   2    6   3    2   922.657936749     593200000.0 
  9   4   2    6   5    2   922.657886023       2663000.0 
  9   4   2    7   3    2   1766.02498182     422200000.0 
  9   4   2    7   5    2   1766.02495683       7134000.0 
  9   4   2    8   3    2   4341.91909508     292600000.0 
  9   4   2    8   5    2   4341.91957297      13630000.0 
  9   5   2    5   4    2   514.876046016     533700000.0 
  9   5   2    6   4    2   922.657891721     596500000.0 
  9   5   2    7   4    2   1766.02480453     509100000.0 
  9   5   2    7   6    2   1766.02485313       1799000.0 
  9   5   2    8   4    2   4341.91920679     387000000.0 
  9   5   2    8   6    2   4341.92072943       6331000.0 
  9   6   2    6   5    2   922.657877708     396400000.0 
  9   6   2    7   5    2   1766.02492637     538700000.0 
  9   6   2    8   5    2   4341.91938885     504500000.0 
  9   6   2    8   7    2   4341.91944057       1981000.0 
  9   7   2    7   6    2   1766.02484423     424200000.0 
  9   7   2    8   6    2   4341.92067564     651200000.0 
  9   8   2    8   7    2   4341.91942609     834300000.0 
 10   0   2    2   1    2   59.3272826934     636200000.0 
 10   0   2    3   1    2   140.820822796     426600000.0 
 10   0   2    4   1    2   271.210462295     288900000.0 
 10   0   2    5   1    2   474.618333108     207500000.0 
 10   0   2    6   1    2   800.918334449     157600000.0 
 10   0   2    7   1    2   1368.01735643     125700000.0 
 10   0   2    8   1    2    2531.2973038     104800000.0 
 10   0   2    9   1    2   6070.11730264      89540000.0 
 10   1   2    1   0    2   14.3823710393   17260000000.0 
 10   1   2    2   0    2   59.3272849093    2519000000.0 
 10   1   2    3   0    2   140.820832924     847000000.0 
 10   1   2    3   2    2   140.820807962      59840000.0 
 10   1   2    4   0    2   271.210477543     398000000.0 
 10   1   2    4   2    2   271.210437273      66360000.0 
 10   1   2    5   0    2   474.618363562     224400000.0 
 10   1   2    5   2    2   474.618276574      61320000.0 
 10   1   2    6   0    2   800.918362888     142100000.0 
 10   1   2    6   2    2   800.918392594      54930000.0 
 10   1   2    7   0    2   1368.01739976      97550000.0 
 10   1   2    7   2    2    1368.0172408      49650000.0 
 10   1   2    8   0    2   2531.29748099      71050000.0 
 10   1   2    8   2    2   2531.29713856      45970000.0 
 10   1   2    9   0    2   6070.11810728      52920000.0 
 10   1   2    9   2    2   6070.11674869      43340000.0 
 10   2   2    2   1    2   59.3272827873    4199000000.0 
 10   2   2    3   1    2   140.820823325    1551000000.0 
 10   2   2    4   1    2   271.210464257     725500000.0 
 10   2   2    4   3    2   271.210428757      12330000.0 
 10   2   2    5   1    2   474.618339115     399500000.0 
 10   2   2    5   3    2   474.618253782      19030000.0 
 10   2   2    6   1    2   800.918351555     245800000.0 
 10   2   2    6   3    2   800.918352611      22260000.0 
 10   2   2    7   1    2   1368.01740633     163700000.0 
 10   2   2    7   3    2   1368.01742461      24070000.0 
 10   2   2    8   1    2   2531.29747466     115300000.0 
 10   2   2    8   3    2   2531.29733544      25640000.0 
 10   2   2    9   1    2   6070.11828519      82550000.0 
 10   2   2    9   3    2   6070.11765441      27420000.0 
 10   3   2    3   2    2   140.820808181    1461000000.0 
 10   3   2    4   2    2   271.210438088     897700000.0 
 10   3   2    5   2    2    474.61827907     539800000.0 
 10   3   2    5   4    2   474.618252596       3739000.0 
 10   3   2    6   2    2   800.918399704     343100000.0 
 10   3   2    6   4    2   800.918319385       7470000.0 
 10   3   2    7   2    2   1368.01726155     230400000.0 
 10   3   2    7   4    2   1368.01732028      10740000.0 
 10   3   2    8   2    2   2531.29720958     161400000.0 
 10   3   2    8   4    2   2531.29738044      13940000.0 
 10   3   2    9   2    2   6070.11715707     113600000.0 
 10   3   2    9   4    2   6070.11803854      17550000.0 
 10   4   2    4   3    2   271.210427441     633300000.0 
 10   4   2    5   3    2   474.618249753     549600000.0 
 10   4   2    6   3    2   800.918341137     403600000.0 
 10   4   2    6   5    2   800.918302913       1541000.0 
 10   4   2    7   3    2   1368.01739114     290500000.0 
 10   4   2    7   5    2   1368.01737614       3872000.0 
 10   4   2    8   3    2   2531.29722083     210600000.0 
 10   4   2    8   5    2   2531.29738326       6827000.0 
 10   4   2    9   3    2   6070.11699534     150000000.0 
 10   4   2    9   5    2   6070.11789702      10750000.0 
 10   5   2    5   4    2   474.618248195     333100000.0 
 10   5   2    6   4    2   800.918306855     374400000.0 
 10   5   2    7   4    2   1368.01728373     323600000.0 
 10   5   2    7   6    2   1368.01731289        862500.0 
 10   5   2    8   4    2   2531.29725529     258200000.0 
 10   5   2    8   6    2   2531.29777279       2727000.0 
 10   5   2    9   4    2   6070.11731881     193700000.0 
 10   5   2    9   6    2   6070.11767867       6007000.0 
 10   6   2    6   5    2   800.918287638     216000000.0 
 10   6   2    7   5    2   1368.01733158     297500000.0 
 10   6   2    8   5    2   2531.29723068     293100000.0 
 10   6   2    8   7    2   2531.29724825        691700.0 
 10   6   2    9   5    2    6070.1170196     246800000.0 
 10   6   2    9   7    2   6070.11712473       2825000.0 
 10   7   2    7   6    2   1368.01730878     181500000.0 
 10   7   2    8   6    2   2531.29775873     293500000.0 
 10   7   2    9   6    2    6070.1175978     311500000.0 
 10   7   2    9   8    2   6070.11762611        892700.0 
 10   8   2    8   7    2   2531.29697895     219200000.0 
 10   8   2    9   7    2    6070.1155761     390500000.0 
 10   9   2    9   8    2   6070.11761802     486700000.0 
 11   0   2    2   1    2    58.901343224     476900000.0 
 11   0   2    3   1    2    138.44447106     318800000.0 
 11   0   2    4   1    2   262.531726583     215000000.0 
 11   0   2    5   1    2   448.662639087     153500000.0 
 11   0   2    6   1    2   729.683713455     115600000.0 
 11   0   2    7   1    2   1172.50487259      91260000.0 
 11   0   2    8   1    2   1934.44405696      75080000.0 
 11   0   2    9   1    2   3488.80001911      64160000.0 
 11   0   2   10   1    2   8204.11497424      55850000.0 
 11   1   2    1   0    2   14.3572018901   12950000000.0 
 11   1   2    2   0    2   58.9013453998    1892000000.0 
 11   1   2    3   0    2   138.444480802     636200000.0 
 11   1   2    3   2    2   138.444456675      44330000.0 
 11   1   2    4   0    2   262.531740704     298900000.0 
 11   1   2    4   2    2    262.53170297      48790000.0 
 11   1   2    5   0    2   448.662665816     168300000.0 
 11   1   2    5   2    2   448.662588082      44640000.0 
 11   1   2    6   0    2   729.683735775     106400000.0 
 11   1   2    6   2    2   729.683760431      39480000.0 
 11   1   2    7   0    2    1172.5049011      72900000.0 
 11   1   2    7   2    2   1172.50478433      35080000.0 
 11   1   2    8   0    2   1934.44415141      53070000.0 
 11   1   2    8   2    2   1934.44395142      31770000.0 
 11   1   2    9   0    2   3488.80025553      40430000.0 
 11   1   2    9   2    2   3488.79980674      29560000.0 
 11   1   2   10   0    2   8204.11603784      31250000.0 
 11   1   2   10   2    2   8204.11424301      27980000.0 
 11   2   2    2   1    2   58.9013432925    3131000000.0 
 11   2   2    3   1    2   138.444471438    1157000000.0 
 11   2   2    4   1    2   262.531727944     541700000.0 
 11   2   2    4   3    2   262.531694681       8903000.0 
 11   2   2    5   1    2   448.662643063     298400000.0 
 11   2   2    5   3    2   448.662566809      13540000.0 
 11   2   2    6   1    2   729.683723972     183600000.0 
 11   2   2    6   3    2   729.683724848      15550000.0 
 11   2   2    7   1    2   1172.50489974     122400000.0 
 11   2   2    7   3    2   1172.50491317      16420000.0 
 11   2   2    8   1    2   1934.44413088      86530000.0 
 11   2   2    8   3    2   1934.44404957      16940000.0 
 11   2   2    9   1    2   3488.80025954      63910000.0 
 11   2   2    9   3    2   3488.80005117      17580000.0 
 11   2   2   10   1    2   8204.11630374      47610000.0 
 11   2   2   10   3    2   8204.11555774      18450000.0 
 11   3   2    3   2    2   138.444456824    1072000000.0 
 11   3   2    4   2    2   262.531703507     659300000.0 
 11   3   2    5   2    2    448.66258965     396900000.0 
 11   3   2    5   4    2   448.662565992       2577000.0 
 11   3   2    6   2    2    729.68376458     252700000.0 
 11   3   2    6   4    2   729.683697913       5024000.0 
 11   3   2    7   2    2   1172.50479504     170100000.0 
 11   3   2    7   4    2   1172.50483819       6994000.0 
 11   3   2    8   2    2   1934.44398058     120100000.0 
 11   3   2    8   4    2   1934.44408037       8692000.0 
 11   3   2    9   2    2   3488.79990157      87780000.0 
 11   3   2    9   4    2   3488.80019275      10430000.0 
 11   3   2   10   2    2   8204.11476742      64140000.0 
 11   3   2   10   4    2   8204.11597137      12460000.0 
 11   4   2    4   3    2   262.531693697     450200000.0 
 11   4   2    5   3    2   448.662563937     391400000.0 
 11   4   2    6   3    2   729.683717253     288100000.0 
 11   4   2    6   5    2   729.683685526        983100.0 
 11   4   2    7   3    2   1172.50489356     208200000.0 
 11   4   2    7   5    2   1172.50488254       2371000.0 
 11   4   2    8   3    2   1934.44399618     152400000.0 
 11   4   2    8   5    2   1934.44409104       3953000.0 
 11   4   2    9   3    2   3488.79987753     113300000.0 
 11   4   2    9   5    2   3488.80017539       5813000.0 
 11   4   2   10   3    2   8204.11459754      82950000.0 
 11   4   2   10   5    2   8204.11591228       8207000.0 
 11   5   2    5   4    2   448.662562855     224200000.0 
 11   5   2    6   4    2   729.683689616     252700000.0 
 11   5   2    7   4    2   1172.50481677     219500000.0 
 11   5   2    7   6    2   1172.50483819        486000.0 
 11   5   2    8   4    2   1934.44402205     177200000.0 
 11   5   2    8   6    2   1934.44432429       1433000.0 
 11   5   2    9   4    2   3488.80000309     139300000.0 
 11   5   2    9   6    2   3488.80012196       2884000.0 
 11   5   2   10   4    2   8204.11492253     105100000.0 
 11   5   2   10   6    2   8204.11652533       5112000.0 
 11   6   2    6   5    2   729.683681086     132800000.0 
 11   6   2    7   5    2   1172.50487108     184000000.0 
 11   6   2    8   5    2   1934.44405983     183600000.0 
 11   6   2    8   7    2    1934.4440701        318500.0 
 11   6   2    9   5    2   3488.80007388     162400000.0 
 11   6   2    9   7    2   3488.80010861       1160000.0 
 11   6   2   10   5    2   8204.11535093     131400000.0 
 11   6   2   10   7    2   8204.11549865       2892000.0 
 11   7   2    7   6    2   1172.50482884      96200000.0 
 11   7   2    8   6    2   1934.44429883     157700000.0 
 11   7   2    9   6    2   3488.80003915     176200000.0 
 11   7   2    9   8    2    3488.8000485        295100.0 
 11   7   2   10   6    2   8204.11606739     162800000.0 
 11   7   2   10   8    2   8204.11889628       1372000.0 
 11   8   2    8   7    2   1934.44406723      90020000.0 
 11   8   2    9   7    2   3488.80009926     168900000.0 
 11   8   2   10   7    2   8204.11544695     200400000.0 
 11   8   2   10   9    2   8204.11546172        436700.0 
 11   9   2    9   8    2   3488.79957967     121000000.0 
 11   9   2   10   8    2   8204.11630374     245400000.0 
 11  10   2   10   9    2   8204.11546172     299300000.0 
 12   0   2    2   1    2    58.581453988     366700000.0 
 12   0   2    3   1    2   136.690078047     244600000.0 
 12   0   2    4   1    2   256.293885293     164400000.0 
 12   0   2    5   1    2   430.746043743     116900000.0 
 12   0   2    6   1    2   683.450308619      87520000.0 
 12   0   2    7   1    2   1057.54941209      68510000.0 
 12   0   2    8   1    2   1640.28066685      55760000.0 
 12   0   2    9   1    2   2636.16532488      47030000.0 
 12   0   2   10   1    2   4659.88813346      41010000.0 
 12   0   2   11   1    2   10786.6276542      36280000.0 
 12   1   2    1   0    2   14.3381175902    9966000000.0 
 12   1   2    2   0    2    58.581456135    1457000000.0 
 12   1   2    3   0    2   136.690087515     489900000.0 
 12   1   2    3   2    2   136.690063996      33780000.0 
 12   1   2    4   0    2    256.29389865     230100000.0 
 12   1   2    4   2    2   256.293862688      36970000.0 
 12   1   2    5   0    2   430.746068095     129500000.0 
 12   1   2    5   2    2   430.745996445      33590000.0 
 12   1   2    6   0    2   683.450327483      81730000.0 
 12   1   2    6   2    2   683.450349114      29430000.0 
 12   1   2    7   0    2   1057.54943357      55870000.0 
 12   1   2    7   2    2   1057.54933858      25830000.0 
 12   1   2    8   0    2   1640.28073062      40550000.0 
 12   1   2    8   2    2   1640.28058684      23020000.0 
 12   1   2    9   0    2   2636.16544919      30860000.0 
 12   1   2    9   2    2   2636.16519295      20990000.0 
 12   1   2   10   0    2   4659.88844324      24370000.0 
 12   1   2   10   2    2   4659.88786419      19650000.0 
 12   1   2   11   0    2   10786.6290332      19400000.0 
 12   1   2   11   2    2   10786.6267349      18680000.0 
 12   2   2    2   1    2     58.58145404    2397000000.0 
 12   2   2    3   1    2    136.69007833     886800000.0 
 12   2   2    4   1    2   256.293886288     415200000.0 
 12   2   2    4   3    2   256.293854586       6655000.0 
 12   2   2    5   1    2   430.746046553     228800000.0 
 12   2   2    5   3    2   430.745976267      10010000.0 
 12   2   2    6   1    2   683.450315693     140800000.0 
 12   2   2    6   3    2   683.450316462      11350000.0 
 12   2   2    7   1    2   1057.54942903      93770000.0 
 12   2   2    7   3    2   1057.54943995      11780000.0 
 12   2   2    8   1    2   1640.28070759      66300000.0 
 12   2   2    8   3    2   1640.28064913      11890000.0 
 12   2   2    9   1    2   2636.16543012      49120000.0 
 12   2   2    9   3    2   2636.16531116      11990000.0 
 12   2   2   10   1    2    4659.8884623      37680000.0 
 12   2   2   10   3    2   4659.88822163      12270000.0 
 12   2   2   11   1    2   10786.6294162      28990000.0 
 12   2   2   11   3    2   10786.6285097      12730000.0 
 12   3   2    3   2    2   136.690064096     810800000.0 
 12   3   2    4   2    2   256.293863041     499100000.0 
 12   3   2    5   2    2   430.745997443     300700000.0 
 12   3   2    5   4    2   430.745975636       1861000.0 
 12   3   2    6   2    2   683.450351626     191600000.0 
 12   3   2    6   4    2   683.450293139       3565000.0 
 12   3   2    7   2    2   1057.54934459     129100000.0 
 12   3   2    7   4    2   1057.54937969       4854000.0 
 12   3   2    8   2    2    1640.2806013      91320000.0 
 12   3   2    8   4    2   1640.28067305       5859000.0 
 12   3   2    9   2    2   2636.16523032      67180000.0 
 12   3   2    9   4    2   2636.16539657       6763000.0 
 12   3   2   10   2    2   4659.88798095      50860000.0 
 12   3   2   10   4    2   4659.88836937       7754000.0 
 12   3   2   11   2    2   10786.6273606      38350000.0 
 12   3   2   11   4    2   10786.6290204       8950000.0 
 12   4   2    4   3    2   256.293853807     332700000.0 
 12   4   2    5   3    2   430.745974068     289600000.0 
 12   4   2    6   3    2   683.450310926     213400000.0 
 12   4   2    6   5    2   683.450283093        671600.0 
 12   4   2    7   3    2    1057.5494267     154600000.0 
 12   4   2    7   5    2   1057.54941774       1575000.0 
 12   4   2    8   3    2   1640.28061725     113500000.0 
 12   4   2    8   5    2   1640.28068545       2531000.0 
 12   4   2    9   3    2   2636.16522879      85150000.0 
 12   4   2    9   5    2   2636.16539885       3540000.0 
 12   4   2   10   3    2   4659.88796427      64920000.0 
 12   4   2   10   5    2   4659.88838843       4713000.0 
 12   4   2   11   3    2   10786.6271307      48750000.0 
 12   4   2   11   5    2   10786.6289438       6211000.0 
 12   5   2    5   4    2   430.745973295     159300000.0 
 12   5   2    6   4    2   683.450287245     179800000.0 
 12   5   2    7   4    2   1057.54936558     156600000.0 
 12   5   2    7   6    2   1057.54938301        304200.0 
 12   5   2    8   4    2    1640.2806391     127000000.0 
 12   5   2    8   6    2    1640.2808564        857700.0 
 12   5   2    9   4    2   2636.16530887     100900000.0 
 12   5   2    9   6    2   2636.16537674       1623000.0 
 12   5   2   10   4    2   4659.88809533      79570000.0 
 12   5   2   10   6    2   4659.88861242       2661000.0 
 12   5   2   11   4    2   10786.6275521      60740000.0 
 12   5   2   11   6    2   10786.6285225       4157000.0 
 12   6   2    6   5    2   683.450279863      88520000.0 
 12   6   2    7   5    2   1057.54941001     123000000.0 
 12   6   2    8   5    2   1640.28066685     123400000.0 
 12   6   2    8   7    2   1640.28067423        174100.0 
 12   6   2    9   5    2   2636.16535081     110400000.0 
 12   6   2    9   7    2   2636.16537064        588900.0 
 12   6   2   10   5    2   4659.88823831      93690000.0 
 12   6   2   10   7    2   4659.88828597       1330000.0 
 12   6   2   11   5    2   10786.6281394      74770000.0 
 12   6   2   11   7    2    10786.628931       2618000.0 
 12   7   2    7   6    2   1057.54938055      57990000.0 
 12   7   2    8   6    2    1640.2808505      95590000.0 
 12   7   2    9   6    2   2636.16536149     108200000.0 
 12   7   2    9   8    2   2636.16536683        130400.0 
 12   7   2   10   6    2   4659.88856476     105100000.0 
 12   7   2   10   8    2   4659.88947741        537100.0 
 12   7   2   11   6    2   10786.6282671      91250000.0 
 12   7   2   11   8    2   10786.6283565       1494000.0 
 12   8   2    8   7    2   1640.28066655      46270000.0 
 12   8   2    9   7    2   2636.16535081      88000000.0 
 12   8   2   10   7    2   4659.88822401     109900000.0 
 12   8   2   10   9    2   4659.88822878        136900.0 
 12   8   2   11   7    2   10786.6285991     110600000.0 
 12   8   2   11   9    2   10786.6330807        713700.0 
 12   9   2    9   8    2    2636.1653653      47640000.0 
 12   9   2   10   8    2   4659.88947265     101800000.0 
 12   9   2   11   8    2   10786.6283309     133500000.0 
 12   9   2   11  10    2   10786.6283309        228400.0 
 12  10   2   10   9    2   4659.88732566      70500000.0 
 12  10   2   11   9    2   10786.6282416     160400000.0 
 12  11   2   11  10    2   10786.6283309     192100000.0 
 13   0   2    2   1    2   58.3348990406     288000000.0 
 13   0   2    3   1    2   135.355213788     191800000.0 
 13   0   2    4   1    2   251.640764098     128600000.0 
 13   0   2    5   1    2   417.763003641      91120000.0 
 13   0   2    6   1    2   651.333281507      67910000.0 
 13   0   2    7   1    2   982.578459108      52840000.0 
 13   0   2    8   1    2   1466.70599334      42660000.0 
 13   0   2    9   1    2   2214.90311523      35610000.0 
 13   0   2   10   1    2   3487.41227926      30660000.0 
 13   0   2   11   1    2   6065.91765266      27190000.0 
 13   0   2   12   1    2   13860.3706649      24390000.0 
 13   1   2    1   0    2    14.323300587    7833000000.0 
 13   1   2    2   0    2   58.3349011655    1145000000.0 
 13   1   2    3   0    2    135.35522305     385300000.0 
 13   1   2    3   2    2   135.355199988      26350000.0 
 13   1   2    4   0    2   251.640776898     180900000.0 
 13   1   2    4   2    2   251.640742229      28710000.0 
 13   1   2    5   0    2   417.763026336     101700000.0 
 13   1   2    5   2    2    417.76295894      25940000.0 
 13   1   2    6   0    2   651.333298127      64130000.0 
 13   1   2    6   2    2   651.333317773      22570000.0 
 13   1   2    7   0    2   982.578476483      43760000.0 
 13   1   2    7   2    2    982.57839448      19640000.0 
 13   1   2    8   0    2   1466.70604174      31680000.0 
 13   1   2    8   2    2   1466.70592677      17300000.0 
 13   1   2    9   0    2   2214.90319706      24020000.0 
 13   1   2    9   2    2   2214.90301617      15530000.0 
 13   1   2   10   0    2   3487.41243808      18930000.0 
 13   1   2   10   2    2   3487.41211376      14260000.0 
 13   1   2   11   0    2   6065.91804433      15380000.0 
 13   1   2   11   2    2   6065.91731752      13440000.0 
 13   1   2   12   0    2   13860.3724147      12550000.0 
 13   1   2   12   2    2   13860.3695054      12840000.0 
 13   2   2    2   1    2   58.3348990806    1877000000.0 
 13   2   2    3   1    2   135.355214003     694600000.0 
 13   2   2    4   1    2   251.640764841     325300000.0 
 13   2   2    4   3    2    251.64073428       5114000.0 
 13   2   2    5   1    2    417.76300569     179300000.0 
 13   2   2    5   3    2   417.762939577       7635000.0 
 13   2   2    6   1    2   651.333286488     110300000.0 
 13   2   2    6   3    2   651.333287186       8570000.0 
 13   2   2    7   1    2   982.578470444      73420000.0 
 13   2   2    7   3    2   982.578479874       8786000.0 
 13   2   2    8   1    2    1466.7060186      51870000.0 
 13   2   2    8   3    2   1466.70597186       8727000.0 
 13   2   2    9   1    2   2214.90317283      38390000.0 
 13   2   2    9   3    2   2214.90308885       8619000.0 
 13   2   2   10   1    2   3487.41242206      29510000.0 
 13   2   2   10   3    2   3487.41228727       8588000.0 
 13   2   2   11   1    2   6065.91808471      23340000.0 
 13   2   2   11   3    2   6065.91779802       8723000.0 
 13   2   2   12   1    2   13860.3729206      18450000.0 
 13   2   2   12   3    2   13860.3718876       8987000.0 
 13   3   2    3   2    2    135.35520006     628900000.0 
 13   3   2    4   2    2    251.64074248     387300000.0 
 13   3   2    5   2    2   417.762959629     233500000.0 
 13   3   2    5   4    2   417.762939118       1394000.0 
 13   3   2    6   2    2   651.333319449     148800000.0 
 13   3   2    6   4    2    651.33326633       2635000.0 
 13   3   2    7   2    2   982.578398295     100300000.0 
 13   3   2    7   4    2   982.578428595       3530000.0 
 13   3   2    8   2    2   1466.70593527      71000000.0 
 13   3   2    8   4    2   1466.70599263       4175000.0 
 13   3   2    9   2    2   2214.90303555      52290000.0 
 13   3   2    9   4    2   2214.90315291       4692000.0 
 13   3   2   10   2    2   3487.41216181      39800000.0 
 13   3   2   10   4    2   3487.41237935       5192000.0 
 13   3   2   11   2    2   6065.91746288      31040000.0 
 13   3   2   11   4    2    6065.9179878       5784000.0 
 13   3   2   12   2    2   13860.3702643      24030000.0 
 13   3   2   12   4    2   13860.3725411       6521000.0 
 13   4   2    4   3    2   251.640733682     253500000.0 
 13   4   2    5   3    2    417.76293793     220800000.0 
 13   4   2    6   3    2   651.333283183     162900000.0 
 13   4   2    6   5    2   651.333257904        482200.0 
 13   4   2    7   3    2   982.578470762     118100000.0 
 13   4   2    7   5    2   982.578463028       1108000.0 
 13   4   2    8   3    2   1466.70595156      86860000.0 
 13   4   2    8   5    2   1466.70600609       1736000.0 
 13   4   2    9   3    2   2214.90304255      65320000.0 
 13   4   2    9   5    2    2214.9031626       2349000.0 
 13   4   2   10   3    2   3487.41217249      50200000.0 
 13   4   2   10   5    2   3487.41241005       2989000.0 
 13   4   2   11   3    2   6065.91745077      39190000.0 
 13   4   2   11   5    2   6065.91802414       3744000.0 
 13   4   2   12   3    2   13860.3700746      30110000.0 
 13   4   2   12   5    2    13860.372499       4707000.0 
 13   5   2    5   4    2   417.762937298     117800000.0 
 13   5   2    6   4    2   651.333261907     133100000.0 
 13   5   2    7   4    2    982.57841853     116100000.0 
 13   5   2    7   6    2   982.578433575        204900.0 
 13   5   2    8   4    2   1466.70597021      94350000.0 
 13   5   2    8   6    2   1466.70614395        560100.0 
 13   5   2    9   4    2   2214.90310177      75250000.0 
 13   5   2    9   6    2   2214.90314968       1017000.0 
 13   5   2   10   4    2   3487.41225256      59930000.0 
 13   5   2   10   6    2   3487.41254218       1579000.0 
 13   5   2   11   4    2   6065.91760421      47760000.0 
 13   5   2   11   6    2   6065.91791108       2304000.0 
 13   5   2   12   4    2   13860.3705384      37000000.0 
 13   5   2   12   6    2   13860.3718665       3317000.0 
 13   6   2    6   5    2   651.333255343      62460000.0 
 13   6   2    7   5    2   982.578457201      86900000.0 
 13   6   2    8   5    2   1466.70599311      87400000.0 
 13   6   2    8   7    2   1466.70599901        106500.0 
 13   6   2    9   5    2   2214.90313299      78620000.0 
 13   6   2    9   7    2   2214.90314699        343300.0 
 13   6   2   10   5    2   3487.41233665      67450000.0 
 13   6   2   10   7    2   3487.41236334        725500.0 
 13   6   2   11   5    2   6065.91780206      56370000.0 
 13   6   2   11   7    2   6065.91805241       1311000.0 
 13   6   2   12   5    2   13860.3713395      44930000.0 
 13   6   2   12   7    2   13860.3717611       2243000.0 
 13   7   2    7   6    2    982.57843188      38080000.0 
 13   7   2    8   6    2   1466.70614018      62940000.0 
 13   7   2    9   6    2   2214.90314107      71600000.0 
 13   7   2    9   8    2   2214.90314484         69020.0 
 13   7   2   10   6    2   3487.41252083      70430000.0 
 13   7   2   10   8    2   3487.41303199        263000.0 
 13   7   2   11   6    2   6065.91784648      64190000.0 
 13   7   2   11   8    2   6065.91787474        658100.0 
 13   7   2   12   6    2   13860.3715292      54120000.0 
 13   7   2   12   8    2   13860.3720773       1424000.0 
 13   8   2    8   7    2   1466.70599712      27240000.0 
 13   8   2    9   7    2   2214.90314268      52100000.0 
 13   8   2   10   7    2   3487.41235266      65930000.0 
 13   8   2   10   9    2   3487.41235533         57980.0 
 13   8   2   11   7    2    6065.9180201      69790000.0 
 13   8   2   11   9    2   6065.91943738        266400.0 
 13   8   2   12   7    2   13860.3715925      64790000.0 
 13   8   2   12   9    2   13860.3716346        817600.0 
 13   9   2    9   8    2   2214.90313891      23700000.0 
 13   9   2   10   8    2   3487.41301731      51320000.0 
 13   9   2   11   8    2   6065.91783033      70860000.0 
 13   9   2   11  10    2   6065.91783033         67940.0 
 13   9   2   12   8    2   13860.3718454      77190000.0 
 13   9   2   12  10    2   13860.3798354        392700.0 
 13  10   2   10   9    2   3487.41208173      26600000.0 
 13  10   2   11   9    2   6065.91860963      63770000.0 
 13  10   2   12   9    2   13860.3673129      91620000.0 
 13  10   2   12  11    2   13860.3673129        126200.0 
 13  11   2   11  10    2   6065.91787071      42960000.0 
 13  11   2   12  10    2   13860.3800462     108400000.0 
 13  12   2   12  11    2   13860.3716768     127900000.0 
 14   0   2    2   1    2   58.1407370196     230400000.0 
 14   0   2    3   1    2   134.314447968     153200000.0 
 14   0   2    4   1    2   248.067167033     102500000.0 
 14   0   2    5   1    2   408.005224109      72440000.0 
 14   0   2    6   1    2   627.919968821      53800000.0 
 14   0   2    7   1    2   930.251794154      41660000.0 
 14   0   2    8   1    2   1353.09347973      33440000.0 
 14   0   2    9   1    2   1965.66241219      27690000.0 
 14   0   2   10   1    2   2907.03672519      23600000.0 
 14   0   2   11   1    2   4502.41844422      20670000.0 
 14   0   2   12   1    2   7728.24515266      18600000.0 
 14   0   2   13   1    2   17468.0597779      16870000.0 
 14   1   2    1   0    2   14.3115655205    6268000000.0 
 14   1   2    2   0    2   58.1407391277     916800000.0 
 14   1   2    3   0    2   134.314457074     308400000.0 
 14   1   2    3   2    2   134.314434365      20960000.0 
 14   1   2    4   0    2   248.067179424     144800000.0 
 14   1   2    4   2    2   248.067145734      22760000.0 
 14   1   2    5   0    2   408.005245628      81390000.0 
 14   1   2    5   2    2   408.005181344      20470000.0 
 14   1   2    6   0    2   627.919983965      51250000.0 
 14   1   2    6   2    2   627.920002224      17720000.0 
 14   1   2    7   0    2   930.251809063      34910000.0 
 14   1   2    7   2    2   930.251735561      15310000.0 
 14   1   2    8   0    2   1353.09351951      25220000.0 
 14   1   2    8   2    2   1353.09342166      13380000.0 
 14   1   2    9   0    2   1965.66247367      19060000.0 
 14   1   2    9   2    2    1965.6623312      11870000.0 
 14   1   2   10   0    2   2907.03682906      14970000.0 
 14   1   2   10   2    2   2907.03660371      10750000.0 
 14   1   2   11   0    2   4502.41864443      12130000.0 
 14   1   2   11   2    2   4502.41824401       9947000.0 
 14   1   2   12   0    2   7728.24565078      10100000.0 
 14   1   2   12   2    2   7728.24474631       9437000.0 
 14   1   2   13   0    2   17468.0619544       8408000.0 
 14   1   2   13   2    2   17468.0583716       9058000.0 
 14   2   2    2   1    2   58.1407370511    1497000000.0 
 14   2   2    3   1    2   134.314448136     554300000.0 
 14   2   2    4   1    2   248.067167607     259700000.0 
 14   2   2    4   3    2   248.067137907       4021000.0 
 14   2   2    5   1    2   408.005225662     143100000.0 
 14   2   2    5   3    2   408.005162601       5965000.0 
 14   2   2    6   1    2   627.919972499      88010000.0 
 14   2   2    6   3    2   627.919973148       6645000.0 
 14   2   2    7   1    2   930.251802225      58550000.0 
 14   2   2    7   3    2   930.251810677       6750000.0 
 14   2   2    8   1    2   1353.09349681      41330000.0 
 14   2   2    8   3    2   1353.09345703       6628000.0 
 14   2   2    9   1    2   1965.66244823      30550000.0 
 14   2   2    9   3    2   1965.66238208       6450000.0 
 14   2   2   10   1    2   2907.03680402      23450000.0 
 14   2   2   10   3    2   2907.03671035       6304000.0 
 14   2   2   11   1    2   4502.41863331      18580000.0 
 14   2   2   11   3    2   4502.41847537       6244000.0 
 14   2   2   12   1    2   7728.24570977      15070000.0 
 14   2   2   12   3    2   7728.24538861       6316000.0 
 14   2   2   13   1    2   17468.0626241      12180000.0 
 14   2   2   13   3    2   17468.0614187       6478000.0 
 14   3   2    3   2    2   134.314434417     498000000.0 
 14   3   2    4   2    2    248.06714591     306900000.0 
 14   3   2    5   2    2   408.005181819     185100000.0 
 14   3   2    5   4    2   408.005162254       1074000.0 
 14   3   2    6   2    2   627.920003349     118000000.0 
 14   3   2    6   4    2    627.91995398       2010000.0 
 14   3   2    7   2    2    930.25173803      79550000.0 
 14   3   2    7   4    2    930.25176519       2660000.0 
 14   3   2    8   2    2   1353.09342689      56280000.0 
 14   3   2    8   4    2   1353.09347571       3100000.0 
 14   3   2    9   2    2   1965.66234223      41450000.0 
 14   3   2    9   4    2   1965.66243466       3418000.0 
 14   3   2   10   2    2   2907.03662782      31580000.0 
 14   3   2   10   4    2   2907.03677898       3690000.0 
 14   3   2   11   2    2   4502.41830185      24740000.0 
 14   3   2   11   4    2   4502.41859104       3979000.0 
 14   3   2   12   2    2   7728.24491671      19780000.0 
 14   3   2   12   4    2   7728.24562456       4349000.0 
 14   3   2   13   2    2   17468.0592422      15660000.0 
 14   3   2   13   4    2   17468.0621218       4822000.0 
 14   4   2    4   3    2   248.067137408     198000000.0 
 14   4   2    5   3    2    408.00516125     172500000.0 
 14   4   2    6   3    2   627.919969946     127300000.0 
 14   4   2    6   5    2   627.919946452        359600.0 
 14   4   2    7   3    2    930.25180365      92360000.0 
 14   4   2    7   5    2   930.251796718        814300.0 
 14   4   2    8   3    2   1353.09344216      67990000.0 
 14   4   2    8   5    2   1353.09348857       1252000.0 
 14   4   2    9   3    2   1965.66235071      51180000.0 
 14   4   2    9   5    2   1965.66244526       1655000.0 
 14   4   2   10   3    2   2907.03664173      39420000.0 
 14   4   2   10   5    2    2907.0368068       2043000.0 
 14   4   2   11   3    2   4502.41831075      30990000.0 
 14   4   2   11   5    2   4502.41862664       2455000.0 
 14   4   2   12   3    2   7728.24490361      24710000.0 
 14   4   2   12   5    2   7728.24565733       2952000.0 
 14   4   2   13   3    2   17468.0589408      19380000.0 
 14   4   2   13   5    2   17468.0621218       3590000.0 
 14   5   2    5   4    2   408.005160848      89890000.0 
 14   5   2    6   4    2   627.919950649     101700000.0 
 14   5   2    7   4    2   930.251757878      88740000.0 
 14   5   2    7   6    2   930.251771362        145600.0 
 14   5   2    8   4    2   1353.09346024      72190000.0 
 14   5   2    8   6    2   1353.09360811        389200.0 
 14   5   2    9   4    2   1965.66240201      57680000.0 
 14   5   2    9   6    2   1965.66243975        687400.0 
 14   5   2   10   4    2   2907.03670757      46100000.0 
 14   5   2   10   6    2   2907.03690881       1028000.0 
 14   5   2   11   4    2   4502.41841975      37070000.0 
 14   5   2   11   6    2   4502.41858882       1427000.0 
 14   5   2   12   4    2   7728.24511989      29920000.0 
 14   5   2   12   6    2    7728.2455328       1934000.0 
 14   5   2   13   4    2   17468.0595435      23530000.0 
 14   5   2   13   6    2   17468.0613852       2629000.0 
 14   6   2    6   5    2   627.919944591      45980000.0 
 14   6   2    7   5    2   930.251792634      64050000.0 
 14   6   2    8   5    2   1353.09347993      64510000.0 
 14   6   2    8   7    2   1353.09348495         70490.0 
 14   6   2    9   5    2   1965.66242703      58160000.0 
 14   6   2    9   7    2   1965.66243805        219800.0 
 14   6   2   10   5    2   2907.03676692      50110000.0 
 14   6   2   10   7    2   2907.03678547        444500.0 
 14   6   2   11   5    2   4502.41853098      42320000.0 
 14   6   2   11   7    2    4502.4186689        756300.0 
 14   6   2   12   5    2    7728.2453755      35270000.0 
 14   6   2   12   7    2   7728.24550659       1200000.0 
 14   6   2   13   5    2    17468.060682      28240000.0 
 14   6   2   13   7    2   17468.0612178       1871000.0 
 14   7   2    7   6    2   930.251770033      26570000.0 
 14   7   2    8   6    2    1353.0936053      43990000.0 
 14   7   2    9   6    2   1965.66243381      50170000.0 
 14   7   2    9   8    2   1965.66243678         41170.0 
 14   7   2   10   6    2   2907.03689583      49590000.0 
 14   7   2   10   8    2   2907.03725101        149100.0 
 14   7   2   11   6    2   4502.41855768      45730000.0 
 14   7   2   11   8    2   4502.41857325        347800.0 
 14   7   2   12   6    2   7728.24544105      40410000.0 
 14   7   2   12   8    2   7728.24561145        685600.0 
 14   7   2   13   6    2   17468.0609164      33630000.0 
 14   7   2   13   8    2   17468.0611843       1275000.0 
 14   8   2    8   7    2   1353.09348355      17560000.0 
 14   8   2    9   7    2   1965.66243508      33680000.0 
 14   8   2   10   7    2   2907.03677898      42850000.0 
 14   8   2   10   9    2   2907.03678083         29680.0 
 14   8   2   11   7    2   4502.41865333      45940000.0 
 14   8   2   11   9    2   4502.41943416        125800.0 
 14   8   2   12   7    2   7728.24546071      44790000.0 
 14   8   2   12   9    2   7728.24547382        345300.0 
 14   8   2   13   7    2   17468.0609834      39820000.0 
 14   8   2   13   9    2   17468.0613517        814200.0 
 14   9   2    9   8    2   1965.66243466      13600000.0 
 14   9   2   10   8    2   2907.03724638      29610000.0 
 14   9   2   11   8    2   4502.41856212      41430000.0 
 14   9   2   11  10    2   4502.41856212         27610.0 
 14   9   2   12   8    2   7728.24557868      47470000.0 
 14   9   2   12  10    2   7728.24806271        140000.0 
 14   9   2   13   8    2   17468.0610168      46940000.0 
 14   9   2   13  10    2   17468.0678812        469700.0 
 14  10   2   10   9    2   2907.03677527      12790000.0 
 14  10   2   11   9    2   4502.41942081      31090000.0 
 14  10   2   12   9    2   7728.24543449      47030000.0 
 14  10   2   12  11    2   7728.24543449         35710.0 
 14  10   2   13   9    2   17468.0611508      55120000.0 
 14  10   2   13  11    2   17468.0608159        226500.0 
 14  11   2   11  10    2   4502.41854433      15540000.0 
 14  11   2   12  10    2   7728.24801027      41320000.0 
 14  11   2   13  10    2   17468.0676133      64530000.0 
 14  11   2   13  12    2    17468.060682         73060.0 
 14  12   2   12  11    2   7728.24547382      27180000.0 
 14  12   2   13  11    2   17468.0610168      75340000.0 
 14  13   2   13  12    2   17468.0610168      87780000.0 
 15   0   2    2   1    2   57.9850364543     187100000.0 
 15   0   2    3   1    2    133.48640383     124300000.0 
 15   0   2    4   1    2   245.257305226      83070000.0 
 15   0   2    5   1    2   400.459207965      58560000.0 
 15   0   2    6   1    2   610.223486938      43370000.0 
 15   0   2    7   1    2   891.931761732      33470000.0 
 15   0   2    8   1    2   1273.50983469      26730000.0 
 15   0   2    9   1    2   1802.06614746      22010000.0 
 15   0   2   10   1    2   2562.93850499      18610000.0 
 15   0   2   11   1    2   3727.35044841      16140000.0 
 15   0   2   12   1    2   5695.41881846      14340000.0 
 15   0   2   13   1    2   9668.22761301      13060000.0 
 15   0   2   14   1    2   21652.4102933      11970000.0 
 15   1   2    1   0    2   14.3021122724    5094000000.0 
 15   1   2    2   0    2   57.9850385489     745200000.0 
 15   1   2    3   0    2   133.486412813     250700000.0 
 15   1   2    3   2    2   133.486390383      16950000.0 
 15   1   2    4   0    2   245.257317299     117700000.0 
 15   1   2    4   2    2   245.257284367      18360000.0 
 15   1   2    5   0    2    400.45922859      66120000.0 
 15   1   2    5   2    2   400.459166662      16460000.0 
 15   1   2    6   0    2   610.223500994      41600000.0 
 15   1   2    6   2    2   610.223518239      14180000.0 
 15   1   2    7   0    2   891.931774915      28300000.0 
 15   1   2    7   2    2   891.931707344      12190000.0 
 15   1   2    8   0    2   1273.50986886      20410000.0 
 15   1   2    8   2    2   1273.50978219      10580000.0 
 15   1   2    9   0    2     1802.066197      15390000.0 
 15   1   2    9   2    2   1802.06607726       9316000.0 
 15   1   2   10   0    2    2562.9385814      12040000.0 
 15   1   2   10   2    2   2562.93840624       8342000.0 
 15   1   2   11   0    2   3727.35057647       9721000.0 
 15   1   2   11   2    2   3727.35030205       7613000.0 
 15   1   2   12   0    2   5695.41906763       8066000.0 
 15   1   2   12   2    2    5695.4185764       7098000.0 
 15   1   2   13   0    2   9668.22821821       6847000.0 
 15   1   2   13   2    2   9668.22712064       6775000.0 
 15   1   2   14   0    2   21652.4129686       5803000.0 
 15   1   2   14   2    2   21652.4085955       6533000.0 
 15   2   2    2   1    2   57.9850364794    1214000000.0 
 15   2   2    3   1    2   133.486403963     449500000.0 
 15   2   2    4   1    2   245.257305675     210600000.0 
 15   2   2    4   3    2   245.257276644       3221000.0 
 15   2   2    5   1    2   400.459209161     116100000.0 
 15   2   2    5   3    2   400.459148412       4756000.0 
 15   2   2    6   1    2   610.223489716      71360000.0 
 15   2   2    6   3    2   610.223490329       5267000.0 
 15   2   2    7   1    2   891.931767669      47450000.0 
 15   2   2    7   3    2   891.931775438       5312000.0 
 15   2   2    8   1    2    1273.5098468      33460000.0 
 15   2   2    8   3    2   1273.50981156       5171000.0 
 15   2   2    9   1    2    1802.0661717      24700000.0 
 15   2   2    9   3    2    1802.0661161       4977000.0 
 15   2   2   10   1    2     2562.938554      18930000.0 
 15   2   2   10   3    2    2562.9384812       4796000.0 
 15   2   2   11   1    2   3727.35055208      14970000.0 
 15   2   2   11   3    2   3727.35044383       4665000.0 
 15   2   2   12   1    2   5695.41906051      12160000.0 
 15   2   2   12   3    2   5695.41888609       4609000.0 
 15   2   2   13   1    2   9668.22831053      10080000.0 
 15   2   2   13   3    2   9668.22794126       4652000.0 
 15   2   2   14   1    2   21652.4137917       8306000.0 
 15   2   2   14   3    2   21652.4124541       4758000.0 
 15   3   2    3   2    2   133.486390422     401400000.0 
 15   3   2    4   2    2   245.257284499     247400000.0 
 15   3   2    5   2    2   400.459167013     149200000.0 
 15   3   2    5   4    2   400.459148166        846300.0 
 15   3   2    6   2    2   610.223519056      95140000.0 
 15   3   2    6   4    2   610.223472431       1572000.0 
 15   3   2    7   2    2    891.93170909      64150000.0 
 15   3   2    7   4    2   891.931734058       2062000.0 
 15   3   2    8   2    2   1273.50978575      45380000.0 
 15   3   2    8   4    2     1273.509829       2375000.0 
 15   3   2    9   2    2   1802.06608439      33410000.0 
 15   3   2    9   4    2   1802.06616207       2583000.0 
 15   3   2   10   2    2   2562.93842065      25440000.0 
 15   3   2   10   4    2   2562.93853815       2740000.0 
 15   3   2   11   2    2   3727.35033254      19930000.0 
 15   3   2   11   4    2   3727.35053073       2887000.0 
 15   3   2   12   2    2    5695.4186476      16000000.0 
 15   3   2   12   4    2   5695.41903204       3061000.0 
 15   3   2   13   2    2    9668.2273258      13070000.0 
 15   3   2   13   4    2   9668.22820795       3303000.0 
 15   3   2   14   2    2   21652.4096245      10550000.0 
 15   3   2   14   4    2   21652.4134316       3617000.0 
 15   4   2    4   3    2   245.257276242     157800000.0 
 15   4   2    5   3    2   400.459147339     137600000.0 
 15   4   2    6   3    2   610.223487837     101600000.0 
 15   4   2    6   5    2   610.223465648        276400.0 
 15   4   2    7   3    2   891.931770113      73700000.0 
 15   4   2    7   5    2    891.93176374        618600.0 
 15   4   2    8   3    2    1273.5098007      54270000.0 
 15   4   2    8   5    2   1273.50984181        938200.0 
 15   4   2    9   3    2   1802.06609436      40870000.0 
 15   4   2    9   5    2   1802.06617383       1219000.0 
 15   4   2   10   3    2   2562.93843723      31500000.0 
 15   4   2   10   5    2   2562.93856554       1472000.0 
 15   4   2   11   3    2   3727.35035083      24800000.0 
 15   4   2   11   5    2   3727.35056732       1720000.0 
 15   4   2   12   3    2   5695.41866895      19900000.0 
 15   4   2   12   5    2   5695.41907831       1991000.0 
 15   4   2   13   3    2   9668.22731554      16170000.0 
 15   4   2   13   5    2   9668.22829002       2327000.0 
 15   4   2   14   3    2   21652.4093158      12910000.0 
 15   4   2   14   5    2   21652.4132773       2761000.0 
 15   5   2    5   4    2   400.459147039      70350000.0 
 15   5   2    6   4    2   610.223469816      79600000.0 
 15   5   2    7   4    2   891.931728471      69520000.0 
 15   5   2    7   6    2   891.931740867        107700.0 
 15   5   2    8   4    2   1273.50981761      56600000.0 
 15   5   2    8   6    2    1273.5099486        283300.0 
 15   5   2    9   4    2   1802.06613927      45260000.0 
 15   5   2    9   6    2   1802.06617098        490100.0 
 15   5   2   10   4    2   2562.93849201      36220000.0 
 15   5   2   10   6    2   2562.93864843        714000.0 
 15   5   2   11   4    2   3727.35043316      29210000.0 
 15   5   2   11   6    2   3727.35054903        958000.0 
 15   5   2   12   4    2   5695.41880422      23770000.0 
 15   5   2   12   6    2   5695.41902848       1240000.0 
 15   5   2   13   4    2   9668.22755146      19450000.0 
 15   5   2   13   6    2   9668.22811564       1599000.0 
 15   5   2   14   4    2   21652.4101389      15510000.0 
 15   5   2   14   6    2   21652.4123512       2084000.0 
 15   6   2    6   5    2   610.223464177      34990000.0 
 15   6   2    7   5    2   891.931760597      48770000.0 
 15   6   2    8   5    2    1273.5098354      49160000.0 
 15   6   2    8   7    2   1273.50983985         49390.0 
 15   6   2    9   5    2     1802.066161      44380000.0 
 15   6   2    9   7    2   1802.06617027        150400.0 
 15   6   2   10   5    2   2562.93853959      38310000.0 
 15   6   2   10   7    2     2562.938554        295000.0 
 15   6   2   11   5    2   3727.35051244      32480000.0 
 15   6   2   11   7    2   3727.35060696        482200.0 
 15   6   2   12   5    2   5695.41895017      27330000.0 
 15   6   2   12   7    2   5695.41902136        724000.0 
 15   6   2   13   5    2   9668.22792074      22850000.0 
 15   6   2   13   7    2   9668.22808486       1055000.0 
 15   6   2   14   5    2   21652.4114251      18440000.0 
 15   6   2   14   7    2   21652.4121454       1541000.0 
 15   7   2    7   6    2    891.93173982      19400000.0 
 15   7   2    8   6    2   1273.50994646      32150000.0 
 15   7   2    9   6    2   1802.06616671      36720000.0 
 15   7   2    9   8    2    1802.0661692         26690.0 
 15   7   2   10   6    2   2562.93863978      36380000.0 
 15   7   2   10   8    2   2562.93891586         93370.0 
 15   7   2   11   6    2   3727.35053073      33700000.0 
 15   7   2   11   8    2   3727.35054141        207900.0 
 15   7   2   12   6    2   5695.41898576      30110000.0 
 15   7   2   12   8    2   5695.41907831        384400.0 
 15   7   2   13   6    2   9668.22799254      26240000.0 
 15   7   2   13   8    2   9668.22807461        657800.0 
 15   7   2   14   6    2   21652.4117338      21740000.0 
 15   7   2   14   8    2    21652.412094       1104000.0 
 15   8   2    8   7    2   1273.50983861      12080000.0 
 15   8   2    9   7    2   1802.06616778      23210000.0 
 15   8   2   10   7    2   2562.93854896      29600000.0 
 15   8   2   10   9    2    2562.9385504         17240.0 
 15   8   2   11   7    2   3727.35059629      31890000.0 
 15   8   2   11   9    2   3727.35113143         69290.0 
 15   8   2   12   7    2   5695.41899644      31470000.0 
 15   8   2   12   9    2   5695.41900356        176600.0 
 15   8   2   13   7    2   9668.22801306      29350000.0 
 15   8   2   13   9    2   9668.22812589        377100.0 
 15   8   2   14   7    2   21652.4117853      25500000.0 
 15   8   2   14   9    2   21652.4120425        756600.0 
 15   9   2    9   8    2   1802.06616778       8588000.0 
 15   9   2   10   8    2   2562.93891298      18750000.0 
 15   9   2   11   8    2   3727.35053531      26380000.0 
 15   9   2   11  10    2   3727.35053531         13670.0 
 15   9   2   12   8    2   5695.41906407      30610000.0 
 15   9   2   12  10    2   5695.42041318         63740.0 
 15   9   2   13   8    2   9668.22803357      31810000.0 
 15   9   2   13  10    2   9668.23013639        190300.0 
 15   9   2   14   8    2   21652.4118882      29770000.0 
 15   9   2   14  10    2   21652.4121969        485500.0 
 15  10   2   10   9    2   2562.93854896       7144000.0 
 15  10   2   11   9    2   3727.35112838      17460000.0 
 15  10   2   12   9    2   5695.41899644      26760000.0 
 15  10   2   12  11    2   5695.41899644         13930.0 
 15  10   2   13   9    2   9668.22810538      32990000.0 
 15  10   2   13  11    2    9668.2280028         77230.0 
 15  10   2   14   9    2   21652.4119396      34630000.0 
 15  10   2   14  11    2   21652.4123512        281200.0 
 15  11   2   11  10    2   3727.35052921       7225000.0 
 15  11   2   12  10    2   5695.42039894      19470000.0 
 15  11   2   13  10    2   9668.23009536      32010000.0 
 15  11   2   13  12    2   9668.22797203         19700.0 
 15  11   2   14  10    2   21652.4119911      40180000.0 
 15  11   2   14  12    2   21652.4116824        136100.0 
 15  12   2   12  11    2   5695.41899644       9439000.0 
 15  12   2   13  11    2    9668.2280028      27560000.0 
 15  12   2   14  11    2   21652.4123512      46490000.0 
 15  12   2   14  13    2   21652.4118367         44010.0 
 15  13   2   13  12    2   9668.22801306      17770000.0 
 15  13   2   14  12    2   21652.4118882      53670000.0 
 15  14   2   14  13    2   21652.4118882      61860000.0 
100	0	0	0	0	0	1.0	1.0
# upper n l s  lower  n l s   Energy (Angstrom) Einstein A (s-1)
# File computed on 19/11/19 using the RAP package (Witthoeft, 2011) using AUTOSTRUCTURE and NIST data 