  2   1   2   1   0   2   8.43765751194         1.3e+13 
  3   1   2   1   0   2   7.11927351943        3.47e+12 
  3   2   2   2   1   2   45.5633538455       1.341e+12 
  3   0   2   2   1   2   45.5633479647        1.31e+11 
  3   1   2   2   0   2   45.5633513147       4.657e+11 
  4   1   2   1   0   2   6.75012608863       1.415e+12 
  4   2   2   2   1   2     33.75063292       4.279e+11 
  4   0   2   2   1   2   33.7506315169   53490000000.0 
  4   1   2   2   0   2   33.7506325774       2.006e+11 
  4   3   2   3   2   2   130.181022647       2.861e+11 
  4   1   2   3   2   2   130.181004243    7210000000.0 
  4   2   2   3   1   2    130.18104644        1.46e+11 
  4   0   2   3   1   2   130.181025565   38080000000.0 
  4   1   2   3   0   2    130.18105225   63590000000.0 
  5   1   2   1   0   2   6.59192002024       7.132e+11 
  5   2   2   2   1   2   30.1344935063       1.956e+11 
  5   0   2   2   1   2   30.1344927174   26740000000.0 
  5   1   2   2   0   2   30.1344934154       1.027e+11 
  5   3   2   3   2   2   88.9909295331   94240000000.0 
  5   1   2   3   2   2   88.9909227832    3102000000.0 
  5   2   2   3   1   2   88.9909409133   70360000000.0 
  5   0   2   3   1   2    88.990934033   18770000000.0 
  5   1   2   3   0   2   88.9909452169   33980000000.0 
  5   4   2   4   3   2    281.25525649   88260000000.0 
  5   2   2   4   3   2   281.255235587    1047000000.0 
  5   3   2   4   2   2   281.255280458   53620000000.0 
  5   1   2   4   2   2   281.255213034    3910000000.0 
  5   2   2   4   1   2   281.255321491   30830000000.0 
  5   0   2   4   1   2   281.255252766   13380000000.0 
  5   1   2   4   0   2   281.255310476   15290000000.0 
  6   1   2   1   0   2   6.50905020078       4.093e+11 
  6   0   2   2   1   2   28.4770963158   15250000000.0 
  6   2   2   2   1   2   28.4770962315       1.067e+11 
  6   1   2   2   0   2   28.4770967957   59300000000.0 
  6   1   2   3   2   2   75.9389248462    1623000000.0 
  6   3   2   3   2   2   75.9389246671   44520000000.0 
  6   0   2   3   1   2   75.9389340576   10520000000.0 
  6   2   2   3   1   2   75.9389334576   38960000000.0 
  6   1   2   3   0   2   75.9389411819   19820000000.0 
  6   4   2   4   3   2   182.253405084   28480000000.0 
  6   2   2   4   3   2   182.253395723     445000000.0 
  6   1   2   4   2   2   182.253412695    1954000000.0 
  6   3   2   4   2   2   182.253411663   26700000000.0 
  6   0   2   4   1   2   182.253435251    7432000000.0 
  6   2   2   4   1   2   182.253431795   17890000000.0 
  6   1   2   4   0   2   182.253453611    9245000000.0 
  6   4   2   5   3   2   517.765348721   22940000000.0 
  6   2   2   5   3   2   517.765273175     810800000.0 
  6   5   2   5   4   2   517.765358047   34130000000.0 
  6   3   2   5   4   2   517.765322127     236000000.0 
  6   1   2   5   2   2   517.765401292    1990000000.0 
  6   3   2   5   2   2   517.765392967   15010000000.0 
  6   0   2   5   1   2   517.765529557    5564000000.0 
  6   2   2   5   1   2   517.765501668    9326000000.0 
  6   1   2   5   0   2   517.765634198    5041000000.0 
  7   1   2   1   0   2   6.46008165442       2.565e+11 
  7   2   2   2   1   2   27.5630168783   64960000000.0 
  7   0   2   2   1   2    27.563016733    9516000000.0 
  7   1   2   2   0   2   27.5630171257   37290000000.0 
  7   3   2   3   2   2   69.7688877797   25040000000.0 
  7   1   2   3   2   2   69.7688870709     961900000.0 
  7   2   2   3   1   2   69.7688961421   23850000000.0 
  7   0   2   3   1   2   69.7688952111    6490000000.0 
  7   1   2   3   0   2   69.7689008599   12500000000.0 
  7   2   2   4   3   2   150.343721488     233200000.0 
  7   4   2   4   3   2   150.343719888   13400000000.0 
  7   3   2   4   2   2   150.343727959   15230000000.0 
  7   1   2   4   2   2   150.343724668    1118000000.0 
  7   2   2   4   1   2   150.343746034   11070000000.0 
  7   0   2   4   1   2   150.343741711    4510000000.0 
  7   1   2   4   0   2    150.34375251    5867000000.0 
  7   2   2   5   3   2   323.004095163     396700000.0 
  7   4   2   5   3   2   323.004087778   11370000000.0 
  7   3   2   5   4   2   323.004094018      96500000.0 
  7   5   2   5   4   2    323.00407839   10550000000.0 
  7   3   2   5   2   2   323.004121587    8986000000.0 
  7   1   2   5   2   2   323.004106394    1101000000.0 
  7   2   2   5   1   2   323.004184088    6022000000.0 
  7   0   2   5   1   2   323.004164132    3355000000.0 
  7   1   2   5   0   2   323.004197037    3301000000.0 
  7   4   2   6   5   2   858.693965891      69590000.0 
  7   6   2   6   5   2   858.693940079   15370000000.0 
  7   3   2   6   4   2   858.694031432     230300000.0 
  7   5   2   6   4   2   858.693920983   11040000000.0 
  7   2   2   6   1   2    858.69409398    3536000000.0 
  7   0   2   6   1   2   858.693952944    2625000000.0 
  7   2   2   6   3   2   858.694116879     523600000.0 
  7   4   2   6   3   2   858.694064688    7808000000.0 
  7   1   2   6   0   2    858.69405514    2031000000.0 
  7   3   2   6   2   2   858.694239223    5382000000.0 
  7   1   2   6   2   2   858.694131848    1059000000.0 
  8   1   2   1   0   2    6.4286915621       1.713e+11 
  8   2   2   2   1   2   27.0005062906   42580000000.0 
  8   0   2   2   1   2   27.0005062029    6336000000.0 
  8   1   2   2   0   2   27.0005065868   24950000000.0 
  8   3   2   3   2   2   66.2739709557   15640000000.0 
  8   1   2   3   2   2   66.2739707402     619500000.0 
  8   2   2   3   1   2   66.2739785707   15680000000.0 
  8   0   2   3   1   2   66.2739780424    4288000000.0 
  8   1   2   3   0   2   66.2739831824    8377000000.0 
  8   2   2   4   3   2   135.002525074     139100000.0 
  8   4   2   4   3   2    135.00252398    7558000000.0 
  8   3   2   4   2   2   135.002530005    9566000000.0 
  8   1   2   4   2   2   135.002529111     704600000.0 
  8   2   2   4   1   2   135.002544867    7312000000.0 
  8   0   2   4   1   2   135.002542675    2945000000.0 
  8   1   2   4   0   2   135.002551561    3937000000.0 
  8   2   2   5   3   2   259.620243813     225800000.0 
  8   4   2   5   3   2   259.620239767    6504000000.0 
  8   3   2   5   4   2   259.620242009      49550000.0 
  8   5   2   5   4   2    259.62023817    4851000000.0 
  8   3   2   5   2   2    259.62025982    5713000000.0 
  8   1   2   5   2   2   259.620256513     673300000.0 
  8   2   2   5   1   2   259.620301263    4011000000.0 
  8   0   2   5   1   2   259.620293156    2158000000.0 
  8   1   2   5   0   2   259.620315072    2222000000.0 
  8   4   2   6   5   2   520.724031099      27090000.0 
  8   6   2   6   5   2   520.723981794    4514000000.0 
  8   3   2   6   4   2   520.724048001     108700000.0 
  8   5   2   6   4   2   520.724032557    5348000000.0 
  8   2   2   6   1   2   520.724075287    2447000000.0 
  8   0   2   6   1   2   520.724042674    1681000000.0 
  8   2   2   6   3   2   520.724083707     282600000.0 
  8   4   2   6   3   2   520.724067431    4693000000.0 
  8   1   2   6   0   2   520.724082904    1406000000.0 
  8   3   2   6   2   2   520.724124413    3580000000.0 
  8   1   2   6   2   2   520.724111112     630800000.0 
  8   3   2   7   2   2   1323.02466427    2284000000.0 
  8   1   2   7   2   2   1323.02457841     596100000.0 
  8   2   2   7   3   2   1323.02474033     330500000.0 
  8   4   2   7   3   2   1323.02463526    3187000000.0 
  8   3   2   7   4   2   1323.02478816     175700000.0 
  8   5   2   7   4   2   1323.02468847    4340000000.0 
  8   5   2   7   6   2   1323.02474974      24690000.0 
  8   7   2   7   6   2    1323.0247388    7728000000.0 
  8   2   2   7   1   2   1323.02499523    1565000000.0 
  8   0   2   7   1   2    1323.0247847    1363000000.0 
  8   4   2   7   5   2   1323.02489746      79990000.0 
  8   6   2   7   5   2   1323.02457917    5822000000.0 
  8   1   2   7   0   2   1323.02491321     940800000.0 
  9   1   2   1   0   2   6.40734629778         1.2e+11 
  9   2   2   2   1   2   26.6279343394   29470000000.0 
  9   0   2   2   1   2   26.6279342807    4432000000.0 
  9   1   2   2   0   2   26.6279346449   17510000000.0 
  9   3   2   3   2   2   64.0734678665   10480000000.0 
  9   1   2   3   2   2   64.0734677083     423600000.0 
  9   2   2   3   1   2    64.073474927   10870000000.0 
  9   0   2   3   1   2   64.0734745868    2983000000.0 
  9   1   2   3   0   2    64.073479338    5883000000.0 
  9   2   2   4   3   2   126.175436614      90430000.0 
  9   4   2   4   3   2   126.175435756    4749000000.0 
  9   3   2   4   2   2   126.175441142    6431000000.0 
  9   1   2   4   2   2   126.175440529     474600000.0 
  9   2   2   4   1   2   126.175453903    5080000000.0 
  9   0   2   4   1   2   126.175452584    2032000000.0 
  9   1   2   4   0   2    126.17546014    2765000000.0 
  9   2   2   5   3   2   228.833801798     142400000.0 
  9   4   2   5   3   2   228.833798976    4109000000.0 
  9   3   2   5   4   2   228.833801125      29260000.0 
  9   5   2   5   4   2   228.833798241    2702000000.0 
  9   3   2   5   2   2   228.833814963    3858000000.0 
  9   1   2   5   2   2   228.833812946     444600000.0 
  9   2   2   5   1   2    228.83384643    2794000000.0 
  9   0   2   5   1   2   228.833842091    1472000000.0 
  9   1   2   5   0   2    228.83385844    1560000000.0 
  9   6   2   6   5   2   410.070167875    2007000000.0 
  9   3   2   6   4   2   410.070183357      60640000.0 
  9   5   2   6   4   2   410.070174094    3020000000.0 
  9   2   2   6   1   2   410.070197935    1716000000.0 
  9   0   2   6   1   2   410.070184003    1130000000.0 
  9   2   2   6   3   2   410.070203157     171100000.0 
  9   4   2   6   3   2   410.070194097    3003000000.0 
  9   1   2   6   0   2   410.070206774     989300000.0 
  9   3   2   6   2   2   410.070230745    2443000000.0 
  9   1   2   6   2   2   410.070224268     405700000.0 
  9   3   2   7   2   2   784.899903575    1626000000.0 
  9   1   2   7   2   2   784.899879845     375500000.0 
  9   2   2   7   3   2   784.899921761     191800000.0 
  9   4   2   7   3   2   784.899888567    2137000000.0 
  9   3   2   7   4   2   784.899947181      91560000.0 
  9   5   2   7   4   2   784.899913243    2577000000.0 
  9   7   2   7   6   2    784.89993082    2148000000.0 
  9   2   2   7   1   2   784.900011474    1137000000.0 
  9   0   2   7   1   2   784.899960431     914400000.0 
  9   4   2   7   5   2   784.899980848      36120000.0 
  9   6   2   7   5   2   784.899967327    2727000000.0 
  9   1   2   7   0   2   784.899997682     679000000.0 
  9   3   2   8   2   2    1929.7418515    1095000000.0 
  9   1   2   8   2   2   1929.74170806     353500000.0 
  9   2   2   8   3   2   1929.74202027     211600000.0 
  9   4   2   8   3   2   1929.74181963    1481000000.0 
  9   3   2   8   4   2   1929.74207503     125800000.0 
  9   5   2   8   4   2   1929.74186989    1959000000.0 
  9   2   2   8   1   2   1929.74220294     774800000.0 
  9   0   2   8   1   2   1929.74189441     762900000.0 
  9   4   2   8   5   2   1929.74203172      69020000.0 
  9   6   2   8   5   2   1929.74194999    2554000000.0 
  9   6   2   8   7   2   1929.74197328      10030000.0 
  9   8   2   8   7   2   1929.74196674    4224000000.0 
  9   1   2   8   0   2   1929.74215595     482800000.0 
  9   5   2   8   6   2   1929.74254703      32050000.0 
  9   7   2   8   6   2   1929.74252292    3296000000.0 
 10   1   2   1   0   2   6.39216490635   87360000000.0 
 10   2   2   2   1   2   26.3676818721   21260000000.0 
 10   0   2   2   1   2   26.3676818305    3221000000.0 
 10   1   2   2   0   2   26.3676821819   12750000000.0 
 10   3   2   3   2   2   62.5870258575    7396000000.0 
 10   1   2   3   2   2   62.5870257586     302900000.0 
 10   2   2   3   1   2   62.5870325886    7852000000.0 
 10   0   2   3   1   2   62.5870323539    2159000000.0 
 10   1   2   3   0   2   62.5870368549    4288000000.0 
 10   2   2   4   3   2   120.537968334      62430000.0 
 10   4   2   4   3   2   120.537967749    3206000000.0 
 10   3   2   4   2   2   120.537972487    4545000000.0 
 10   1   2   4   2   2    120.53797212     335900000.0 
 10   2   2   4   1   2   120.537984112    3673000000.0 
 10   0   2   4   1   2   120.537983241    1463000000.0 
 10   1   2   4   0   2   120.537990018    2015000000.0 
 10   2   2   5   3   2   210.941446119      96310000.0 
 10   4   2   5   3   2   210.941444327    2782000000.0 
 10   5   2   5   4   2   210.941443644    1686000000.0 
 10   3   2   5   2   2   210.941457369    2733000000.0 
 10   1   2   5   2   2   210.941456246     310400000.0 
 10   2   2   5   1   2   210.941484045    2022000000.0 
 10   0   2   5   1   2   210.941481379    1051000000.0 
 10   1   2   5   0   2   210.941494904    1136000000.0 
 10   6   2   6   5   2   355.963683398    1093000000.0 
 10   3   2   6   4   2   355.963697511      37820000.0 
 10   5   2   6   4   2   355.963691908    1895000000.0 
 10   2   2   6   1   2   355.963708316    1244000000.0 
 10   0   2   6   1   2   355.963700723     797800000.0 
 10   2   2   6   3   2   355.963712251     112700000.0 
 10   4   2   6   3   2   355.963707148    2043000000.0 
 10   1   2   6   0   2   355.963716839     719200000.0 
 10   3   2   6   2   2   355.963733219    1737000000.0 
 10   1   2   6   2   2   355.963730021     278100000.0 
 10   3   2   7   2   2   608.007671839    1166000000.0 
 10   1   2   7   2   2   608.007662509     251300000.0 
 10   2   2   7   3   2   608.007682224     121900000.0 
 10   4   2   7   3   2   608.007667336    1471000000.0 
 10   3   2   7   4   2   608.007698005      54380000.0 
 10   5   2   7   4   2   608.007681656    1638000000.0 
 10   7   2   7   6   2   608.007692812     918900000.0 
 10   2   2   7   1   2   608.007736057     828600000.0 
 10   0   2   7   1   2   608.007713907     636600000.0 
 10   4   2   7   5   2    608.00772271      19600000.0 
 10   6   2   7   5   2   608.007702954    1506000000.0 
 10   1   2   7   0   2   608.007733217     493900000.0 
 10   3   2   8   2   2   1125.02098217     817100000.0 
 10   1   2   8   2   2   1125.02095023     232700000.0 
 10   2   2   8   3   2   1125.02103773     129800000.0 
 10   4   2   8   3   2   1125.02098676    1066000000.0 
 10   3   2   8   4   2   1125.02105815      70570000.0 
 10   5   2   8   4   2   1125.02100218    1307000000.0 
 10   2   2   8   1   2   1125.02109982     583600000.0 
 10   0   2   8   1   2   1125.02102398     530800000.0 
 10   4   2   8   5   2   1125.02105884      34560000.0 
 10   6   2   8   5   2    1125.0209912    1484000000.0 
 10   8   2   8   7   2    1125.0208794    1110000000.0 
 10   1   2   8   0   2   1125.02110245     359700000.0 
 10   5   2   8   6   2   1125.02123232      13810000.0 
 10   7   2   8   6   2   1125.02122621    1486000000.0 
 10   3   2   9   2   2   2697.82984879     575300000.0 
 10   1   2   9   2   2   2697.82966508     219400000.0 
 10   2   2   9   3   2   2697.83006683     138800000.0 
 10   4   2   9   3   2   2697.82977371     759300000.0 
 10   3   2   9   4   2   2697.83024095      88850000.0 
 10   5   2   9   4   2   2697.82991907     980700000.0 
 10   2   2   9   1   2   2697.83034717     417900000.0 
 10   0   2   9   1   2   2697.82991108     453300000.0 
 10   4   2   9   5   2   2697.83017466      54410000.0 
 10   6   2   9   5   2   2697.82978569    1250000000.0 
 10   5   2   9   6   2   2697.83007881      30410000.0 
 10   7   2   9   6   2   2697.83004367    1577000000.0 
 10   6   2   9   7   2   2697.82983281      14300000.0 
 10   8   2   9   7   2   2697.82914433    1977000000.0 
 10   7   2   9   8   2   2697.83005645       4519000.0 
 10   9   2   9   8   2   2697.83005245    2464000000.0 
 10   1   2   9   0   2    2697.8302681     267900000.0 
 11   1   2   1   0   2   6.38097861786   65560000000.0 
 11   2   2   2   1   2   26.1783754211   15850000000.0 
 11   0   2   2   1   2   26.1783753905    2414000000.0 
 11   1   2   2   0   2   26.1783757334    9578000000.0 
 11   3   2   3   2   2   61.5308696976    5426000000.0 
 11   1   2   3   2   2   61.5308696324     224400000.0 
 11   2   2   3   1   2   61.5308761951    5859000000.0 
 11   0   2   3   1   2   61.5308760264    1614000000.0 
 11   1   2   3   0   2   61.5308803573    3221000000.0 
 11   2   2   4   3   2   116.680753192      45070000.0 
 11   4   2   4   3   2   116.680752752    2279000000.0 
 11   3   2   4   2   2   116.680757114    3337000000.0 
 11   1   2   4   2   2   116.680756879     247000000.0 
 11   2   2   4   1   2   116.680767976    2742000000.0 
 11   0   2   4   1   2    116.68076737    1089000000.0 
 11   1   2   4   0   2   116.680773649    1513000000.0 
 11   2   2   5   3   2   199.405585252      68540000.0 
 11   4   2   5   3   2   199.405583969    1981000000.0 
 11   5   2   5   4   2   199.405583498    1135000000.0 
 11   3   2   5   2   2   199.405595392    2010000000.0 
 11   1   2   5   2   2   199.405594707     226000000.0 
 11   2   2   5   1   2   199.405619143    1511000000.0 
 11   0   2   5   1   2   199.405617371     777300000.0 
 11   1   2   5   0   2   199.405629253     852200000.0 
 11   6   2   6   5   2   324.303858257     672500000.0 
 11   3   2   6   4   2   324.303865713      25430000.0 
 11   5   2   6   4   2   324.303862043    1279000000.0 
 11   2   2   6   1   2    324.30387445     929700000.0 
 11   0   2   6   1   2   324.303869764     585400000.0 
 11   2   2   6   3   2   324.303877716      78730000.0 
 11   4   2   6   3   2   324.303874323    1458000000.0 
 11   1   2   6   0   2   324.303882598     538700000.0 
 11   3   2   6   2   2   324.303895351    1279000000.0 
 11   1   2   6   2   2   324.303893539     199900000.0 
 11   3   2   7   2   2   521.113242189     861300000.0 
 11   1   2   7   2   2    521.11323751     177600000.0 
 11   2   2   7   3   2   521.113249222      83110000.0 
 11   4   2   7   3   2    521.11324046    1054000000.0 
 11   3   2   7   4   2    521.11326141      35400000.0 
 11   5   2   7   4   2   521.113251933    1111000000.0 
 11   7   2   7   6   2   521.113257268     487000000.0 
 11   2   2   7   1   2   521.113288767     619500000.0 
 11   0   2   7   1   2   521.113276668     462000000.0 
 11   4   2   7   5   2   521.113281138      12000000.0 
 11   6   2   7   5   2   521.113276042     931500000.0 
 11   1   2   7   0   2   521.113289452     369100000.0 
 11   3   2   8   2   2   859.752880116     607900000.0 
 11   1   2   8   2   2   859.752867381     160900000.0 
 11   2   2   8   3   2   859.752910939      85750000.0 
 11   4   2   8   3   2   859.752887092     771700000.0 
 11   3   2   8   4   2   859.752924486      44000000.0 
 11   5   2   8   4   2   859.752898691     897300000.0 
 11   2   2   8   1   2   859.752947198     438100000.0 
 11   0   2   8   1   2   859.752914265     380100000.0 
 11   4   2   8   5   2    859.75292919      20010000.0 
 11   6   2   8   5   2    859.75291532     929700000.0 
 11   8   2   8   7   2   859.752918726     455700000.0 
 11   1   2   8   0   2   859.752956283     268700000.0 
 11   5   2   8   6   2   859.753033099       7256000.0 
 11   7   2   8   6   2   859.753021743     798400000.0 
 11   3   2   9   2   2    1550.5777337     444400000.0 
 11   1   2   9   2   2   1550.57769228     149600000.0 
 11   2   2   9   3   2   1550.57780045      89010000.0 
 11   4   2   9   3   2   1550.57772289     573600000.0 
 11   3   2   9   4   2   1550.57786325      52810000.0 
 11   5   2   9   4   2   1550.57777935     705200000.0 
 11   2   2   9   1   2   1550.57789306     323600000.0 
 11   0   2   9   1   2   1550.57778594     324800000.0 
 11   4   2   9   5   2   1550.57785533      29430000.0 
 11   6   2   9   5   2   1550.57781022     822300000.0 
 11   5   2   9   6   2   1550.57783212      14600000.0 
 11   7   2   9   6   2   1550.57779518     891800000.0 
 11   6   2   9   7   2   1550.57782578       5873000.0 
 11   8   2   9   7   2   1550.57782183     855100000.0 
 11   9   2   9   8   2   1550.57759097     612700000.0 
 11   1   2   9   0   2   1550.57789148     204700000.0 
 11   3   2  10   2   2   3646.27322997     324700000.0 
 11   1   2  10   2   2    3646.2730009     141600000.0 
 11   2   2  10   3   2   3646.27358012      93420000.0 
 11   4   2  10   3   2   3646.27315118     419900000.0 
 11   2   2  10   1   2   3646.27391569     241100000.0 
 11   0   2  10   1   2   3646.27332334     282800000.0 
 11   3   2  10   4   2   3646.27376542      63080000.0 
 11   5   2  10   4   2   3646.27330146     531900000.0 
 11   4   2  10   5   2   3646.27373915      41550000.0 
 11   6   2  10   5   2   3646.27348967     665100000.0 
 11   1   2  10   0   2   3646.27379751     158200000.0 
 11   6   2  10   7   2   3646.27355386      14640000.0 
 11   8   2  10   7   2   3646.27353198    1015000000.0 
 11  10   2  10   9   2   3646.27353927    1515000000.0 
 11   5   2  10   6   2   3646.27401199      25880000.0 
 11   7   2  10   6   2   3646.27380773     824200000.0 
 11   7   2  10   8   2   3646.27506538       6947000.0 
 11   9   2  10   8   2   3646.27391277    1242000000.0 
 12   1   2   1   0   2   6.37249670676   50450000000.0 
 12   2   2   2   1   2   26.0362024131   12140000000.0 
 12   0   2   2   1   2     26.03620239    1856000000.0 
 12   1   2   2   0   2   26.0362027267    7374000000.0 
 12   3   2   3   2   2   60.7511395969    4104000000.0 
 12   1   2   3   2   2   60.7511395519     171000000.0 
 12   2   2   3   1   2   60.7511459239    4489000000.0 
 12   0   2   3   1   2   60.7511457983    1238000000.0 
 12   1   2   3   0   2   60.7511500068    2480000000.0 
 12   2   2   4   3   2   113.908379813      33690000.0 
 12   4   2   4   3   2    113.90837947    1684000000.0 
 12   3   2   4   2   2   113.908383575    2527000000.0 
 12   1   2   4   2   2   113.908383417     187200000.0 
 12   2   2   4   1   2   113.908393904    2102000000.0 
 12   0   2   4   1   2   113.908393463     832500000.0 
 12   1   2   4   0   2     113.9083994    1165000000.0 
 12   2   2   5   3   2   191.442656114      50700000.0 
 12   4   2   5   3   2   191.442655144    1466000000.0 
 12   5   2   5   4   2   191.442654803     806300000.0 
 12   3   2   5   2   2   191.442665529    1523000000.0 
 12   1   2   5   2   2   191.442665083     170000000.0 
 12   2   2   5   1   2   191.442687352    1158000000.0 
 12   0   2   5   1   2   191.442686105     591800000.0 
 12   1   2   5   0   2   191.442696924     655600000.0 
 12   6   2   6   5   2   303.755679929     448100000.0 
 12   3   2   6   4   2   303.755685832      18050000.0 
 12   5   2   6   4   2    303.75568321     910300000.0 
 12   2   2   6   1   2   303.755693325     712700000.0 
 12   0   2   6   1   2   303.755690186     443100000.0 
 12   2   2   6   3   2    303.75569619      57470000.0 
 12   4   2   6   3   2    303.75569375    1080000000.0 
 12   1   2   6   0   2   303.755701111     413800000.0 
 12   3   2   6   2   2   303.755711834     969900000.0 
 12   1   2   6   2   2    303.75571071     149000000.0 
 12   3   2   7   2   2   470.021930924     653700000.0 
 12   1   2   7   2   2   470.021928233     130800000.0 
 12   2   2   7   3   2   470.021936233      59640000.0 
 12   4   2   7   3   2    470.02193039     782400000.0 
 12   3   2   7   4   2    470.02194656      24570000.0 
 12   5   2   7   4   2   470.021940281     792800000.0 
 12   7   2   7   6   2     470.0219469     293600000.0 
 12   2   2   7   1   2   470.021968404     474700000.0 
 12   0   2   7   1   2   470.021960888     346800000.0 
 12   4   2   7   5   2   470.021963482       7973000.0 
 12   6   2   7   5   2   470.021959991     622500000.0 
 12   1   2   7   0   2   470.021970489     282900000.0 
 12   3   2   8   2   2   729.013600565     462300000.0 
 12   1   2   8   2   2   729.013594091     116600000.0 
 12   2   2   8   3   2   729.013621735      60190000.0 
 12   4   2   8   3   2    729.01360768     574800000.0 
 12   3   2   8   4   2   729.013632467      29660000.0 
 12   5   2   8   4   2   729.013617361     642900000.0 
 12   2   2   8   1   2   729.013647805     335700000.0 
 12   0   2   8   1   2   729.013629725     282300000.0 
 12   4   2   8   5   2   729.013637949      12810000.0 
 12   6   2   8   5   2   729.013629551     624500000.0 
 12   8   2   8   7   2   729.013629551     234200000.0 
 12   1   2   8   0   2   729.013658011     205300000.0 
 12   7   2   8   6   2   729.013711317     483900000.0 
 12   3   2   9   2   2   1171.62899129     340100000.0 
 12   1   2   9   2   2   1171.62897457     106200000.0 
 12   2   2   9   3   2   1171.62902684      60680000.0 
 12   4   2   9   3   2   1171.62899054     431100000.0 
 12   3   2   9   4   2   1171.62906525      34240000.0 
 12   5   2   9   4   2   1171.62902624     510800000.0 
 12   2   2   9   1   2   1171.62907972     248700000.0 
 12   0   2   9   1   2   1171.62903302     238100000.0 
 12   4   2   9   5   2   1171.62906616      17920000.0 
 12   6   2   9   5   2   1171.62904447     559200000.0 
 12   5   2   9   6   2   1171.62905637       8215000.0 
 12   7   2   9   6   2   1171.62904944     547700000.0 
 12   8   2   9   7   2   1171.62904477     445500000.0 
 12   9   2   9   8   2   1171.62905155     241200000.0 
 12   1   2   9   0   2    1171.6290883     156200000.0 
 12   3   2  10   2   2   2071.06132557     257500000.0 
 12   1   2  10   2   2   2071.06127333      99470000.0 
 12   2   2  10   3   2   2071.06143054      62110000.0 
 12   4   2  10   3   2    2071.0613171     328600000.0 
 12   2   2  10   1   2    2071.0615388     190700000.0 
 12   0   2  10   1   2   2071.06139288     207600000.0 
 12   3   2  10   4   2   2071.06149832      39250000.0 
 12   5   2  10   4   2   2071.06137641     402800000.0 
 12   4   2  10   5   2   2071.06150679      23860000.0 
 12   6   2  10   5   2   2071.06143901     474300000.0 
 12   1   2  10   0   2   2071.06153033     123400000.0 
 12   6   2  10   7   2   2071.06145972       6732000.0 
 12   8   2  10   7   2   2071.06143289     556400000.0 
 12  10   2  10   9   2   2071.06103374     356900000.0 
 12   5   2  10   6   2   2071.06160564      13470000.0 
 12   7   2  10   6   2   2071.06158399     532000000.0 
 12   7   2  10   8   2   2071.06198973       2719000.0 
 12   9   2  10   8   2   2071.06198879     515300000.0 
 12   3   2  11   2   2   4794.05660343     194100000.0 
 12   1   2  11   2   2   4794.05632348      94580000.0 
 12   2   2  11   3   2   4794.05711542      64450000.0 
 12   4   2  11   3   2   4794.05650759     246800000.0 
 12   2   2  11   1   2   4794.05751138     146700000.0 
 12   0   2  11   1   2   4794.05672954     183700000.0 
 12   3   2  11   4   2   4794.05734493      45310000.0 
 12   5   2  11   4   2    4794.0566917     307500000.0 
 12   1   2  11   0   2   4794.05734745      98190000.0 
 12   4   2  11   5   2   4794.05730962      31440000.0 
 12   6   2  11   5   2   4794.05694644     378500000.0 
 12   5   2  11   6   2   4794.05712298      21050000.0 
 12   7   2  11   6   2   4794.05700697     461900000.0 
 12   7   2  11   8   2    4794.0570448       7562000.0 
 12   9   2  11   8   2   4794.05703975     675800000.0 
 12  11   2  11  10   2   4794.05703723     972700000.0 
 12   6   2  11   7   2   4794.05729953      13260000.0 
 12   8   2  11   7   2   4794.05715577     560100000.0 
 12   8   2  11   9   2   4794.05914822       3613000.0 
 12  10   2  11   9   2   4794.05699688     812100000.0 
 13   1   2   1   0   2     6.365911372   39650000000.0 
 13   2   2   2   1   2    25.926622426    9502000000.0 
 13   0   2   2   1   2   25.9266224082    1458000000.0 
 13   1   2   2   0   2   25.9266227403    5798000000.0 
 13   3   2   3   2   2   60.1578666918    3184000000.0 
 13   1   2   3   2   2     60.15786666     133400000.0 
 13   2   2   3   1   2   60.1578728903    3517000000.0 
 13   0   2   3   1   2   60.1578727945     971000000.0 
 13   1   2   3   0   2   60.1578769117    1950000000.0 
 13   2   2   4   3   2   111.840326346      25890000.0 
 13   4   2   4   3   2   111.840326081    1284000000.0 
 13   3   2   4   2   2   111.840329991    1961000000.0 
 13   1   2   4   2   2   111.840329881     145400000.0 
 13   2   2   4   1   2   111.840339929    1647000000.0 
 13   0   2   4   1   2   111.840339598     651200000.0 
 13   1   2   4   0   2   111.840345289     915800000.0 
 13   2   2   5   3   2   185.672417589      38650000.0 
 13   4   2   5   3   2   185.672416859    1118000000.0 
 13   5   2   5   4   2   185.672416586     596300000.0 
 13   3   2   5   2   2   185.672426498    1182000000.0 
 13   1   2   5   2   2   185.672426196     131300000.0 
 13   2   2   5   1   2   185.672446972     907500000.0 
 13   0   2   5   1   2   185.672446061     461300000.0 
 13   1   2   5   0   2   185.672456146     515100000.0 
 13   6   2   6   5   2   289.481446815     316200000.0 
 13   3   2   6   4   2   289.481451688      13340000.0 
 13   5   2   6   4   2   289.481449739     673900000.0 
 13   2   2   6   1   2   289.481458365     558300000.0 
 13   0   2   6   1   2   289.481456148     343800000.0 
 13   2   2   6   3   2   289.481460967      43390000.0 
 13   4   2   6   3   2   289.481459192     824600000.0 
 13   1   2   6   0   2    289.48146585     324700000.0 
 13   3   2   6   2   2   289.481475304     753400000.0 
 13   1   2   6   2   2   289.481474568     114300000.0 
 13   3   2   7   2   2   436.701510332     508000000.0 
 13   1   2   7   2   2   436.701508658      99400000.0 
 13   2   2   7   3   2   436.701514622      44480000.0 
 13   4   2   7   3   2   436.701510583     597700000.0 
 13   3   2   7   4   2   436.701523831      17870000.0 
 13   5   2   7   4   2   436.701519394     587700000.0 
 13   7   2   7   6   2   436.701525296     192800000.0 
 13   2   2   7   1   2   436.701542394     371700000.0 
 13   0   2   7   1   2    436.70153735     267500000.0 
 13   4   2   7   5   2    436.70153915       5611000.0 
 13   6   2   7   5   2   436.701536534     439900000.0 
 13   1   2   7   0   2   436.701545135     221500000.0 
 13   3   2   8   2   2   651.869304517     359400000.0 
 13   1   2   8   2   2   651.869300787      87580000.0 
 13   2   2   8   3   2   651.869320792      44180000.0 
 13   4   2   8   3   2   651.869311792     439700000.0 
 13   3   2   8   4   2   651.869330025      21130000.0 
 13   5   2   8   4   2   651.869320139     477600000.0 
 13   2   2   8   1   2   651.869341636     262600000.0 
 13   0   2   8   1   2   651.869330398     216000000.0 
 13   4   2   8   5   2   651.869335993       8788000.0 
 13   6   2   8   5   2   651.869330164     442500000.0 
 13   8   2   8   7   2    651.86933203     137900000.0 
 13   1   2   8   0   2   651.869351895     160400000.0 
 13   7   2   8   6   2   651.869395681     318600000.0 
 13   3   2   9   2   2    984.40134908     264700000.0 
 13   1   2   9   2   2   984.401340573      78620000.0 
 13   2   2   9   3   2   984.401372688      43640000.0 
 13   4   2   9   3   2   984.401352164     330700000.0 
 13   3   2   9   4   2   984.401401294      23750000.0 
 13   5   2   9   4   2   984.401378749     381000000.0 
 13   2   2   9   1   2   984.401410014     194400000.0 
 13   0   2   9   1   2   984.401384386     180300000.0 
 13   4   2   9   5   2   984.401405547      11890000.0 
 13   6   2   9   5   2   984.401392255     398000000.0 
 13   5   2   9   6   2   984.401400018       5151000.0 
 13   7   2   9   6   2   984.401396083     362500000.0 
 13   8   2   9   7   2   984.401396721     263800000.0 
 13   9   2   9   8   2   984.401395232     120000000.0 
 13   1   2   9   0   2    984.40142086     121600000.0 
 13   3   2  10   2   2     1549.960961     201500000.0 
 13   1   2  10   2   2   1549.96093991      72210000.0 
 13   2   2  10   3   2    1549.9610161      43480000.0 
 13   4   2  10   3   2   1549.96096522     254100000.0 
 13   2   2  10   1   2   1549.96107674     149400000.0 
 13   0   2  10   1   2    1549.9610132     155200000.0 
 13   3   2  10   4   2   1549.96105775      26280000.0 
 13   5   2  10   4   2   1549.96100186     303400000.0 
 13   4   2  10   5   2   1549.96107146      15130000.0 
 13   6   2  10   5   2   1549.96103851     341500000.0 
 13   1   2  10   0   2   1549.96108385      95840000.0 
 13   6   2  10   7   2   1549.96105011       3673000.0 
 13   8   2  10   7   2   1549.96104563     333800000.0 
 13  10   2  10   9   2   1549.96104826     134700000.0 
 13   5   2  10   6   2   1549.96113025       7991000.0 
 13   7   2  10   6   2    1549.9611205     356500000.0 
 13   9   2  10   8   2   1549.96134142     259800000.0 
 13   3   2  11   2   2   2695.96331584     157100000.0 
 13   1   2  11   2   2   2695.96325203      68060000.0 
 13   2   2  11   3   2   2695.96346659      44160000.0 
 13   4   2  11   3   2   2695.96331265     198400000.0 
 13   2   2  11   1   2   2695.96359181     118200000.0 
 13   0   2  11   1   2   2695.96339959     137600000.0 
 13   3   2  11   4   2   2695.96355033      29280000.0 
 13   5   2  11   4   2   2695.96338124     241800000.0 
 13   1   2  11   0   2   2695.96357586      77880000.0 
 13   4   2  11   5   2   2695.96356629      18950000.0 
 13   6   2  11   5   2   2695.96346659     285400000.0 
 13   5   2  11   6   2   2695.96351763      11670000.0 
 13   7   2  11   6   2   2695.96348812     324900000.0 
 13   7   2  11   8   2   2695.96350009       3331000.0 
 13   9   2  11   8   2   2695.96348094     358700000.0 
 13  11   2  11  10   2   2695.96349849     217500000.0 
 13   6   2  11   7   2   2695.96357825       6635000.0 
 13   8   2  11   7   2   2695.96356469     353300000.0 
 13  10   2  11   9   2   2695.96419878     322900000.0 
 13   3   2  12   2   2   6160.16456505     121700000.0 
 13   1   2  12   2   2    6160.1642319      65020000.0 
 13   2   2  12   3   2    6160.1652813      45500000.0 
 13   4   2  12   3   2   6160.16447759     152400000.0 
 13   2   2  12   1   2   6160.16574353      93390000.0 
 13   0   2  12   1   2   6160.16473994     123500000.0 
 13   3   2  12   4   2   6160.16556863      33010000.0 
 13   5   2  12   4   2   6160.16468581     187300000.0 
 13   1   2  12   0   2   6160.16552283      63540000.0 
 13   4   2  12   5   2   6160.16555614      23830000.0 
 13   6   2  12   5   2   6160.16503561     227400000.0 
 13   5   2  12   6   2   6160.16528546      16790000.0 
 13   7   2  12   6   2   6160.16513139     274000000.0 
 13   6   2  12   7   2   6160.16522716      11360000.0 
 13   8   2  12   7   2   6160.16515637     328000000.0 
 13  10   2  12   9   2   6160.16518552     463800000.0 
 13   8   2  12   9   2    6160.1651647       4139000.0 
 13  12   2  12  11   2   6160.16518969     647500000.0 
 13   7   2  12   8   2   6160.16536875       7210000.0 
 13   9   2  12   8   2   6160.16526881     390800000.0 
 13  11   2  12  10   2   6160.16891255     548700000.0 
 13   9   2  12  10   2   6160.16882093       1988000.0 
 14   1   2   1   0   2   6.36069578688   31730000000.0 
 14   2   2   2   1   2   25.8403281865    7581000000.0 
 14   0   2   2   1   2   25.8403281726    1166000000.0 
 14   1   2   2   0   2   25.8403285012    4641000000.0 
 14   3   2   3   2   2   59.6953041835    2521000000.0 
 14   1   2   3   2   2   59.6953041604     106100000.0 
 14   2   2   3   1   2   59.6953102823    2806000000.0 
 14   0   2   3   1   2   59.6953102076     775600000.0 
 14   1   2   3   0   2    59.695314255    1561000000.0 
 14   2   2   4   3   2    110.25206129      20350000.0 
 14   4   2   4   3   2    110.25206107    1002000000.0 
 14   3   2   4   2   2   110.252064849    1554000000.0 
 14   1   2   4   2   2    110.25206477     115200000.0 
 14   2   2   4   1   2   110.252074491    1315000000.0 
 14   0   2   4   1   2   110.252074236     519100000.0 
 14   1   2   4   0   2   110.252079744     733000000.0 
 14   2   2   5   3   2   181.335627819      30200000.0 
 14   4   2   5   3   2   181.335627224     873500000.0 
 14   5   2   5   4   2   181.335627047     455100000.0 
 14   3   2   5   2   2    181.33563636     936900000.0 
 14   1   2   5   2   2   181.335636148     103700000.0 
 14   2   2   5   1   2   181.335655846     724400000.0 
 14   0   2   5   1   2   181.335655157     366700000.0 
 14   1   2   5   0   2   181.335664716     412000000.0 
 14   6   2   6   5   2   279.075530936     232800000.0 
 14   3   2   6   4   2    279.07553509      10170000.0 
 14   5   2   6   4   2   279.075533611     514700000.0 
 14   2   2   6   1   2   279.075541192     445600000.0 
 14   0   2   6   1   2   279.075539559     272300000.0 
 14   2   2   6   3   2   279.075543611      33640000.0 
 14   4   2   6   3   2     279.0755422     644700000.0 
 14   1   2   6   0   2   279.075548431     259400000.0 
 14   3   2   6   2   2   279.075557037     597200000.0 
 14   1   2   6   2   2   279.075556533      89710000.0 
 14   3   2   7   2   2   413.445216884     402700000.0 
 14   1   2   7   2   2   413.445215777      77510000.0 
 14   2   2   7   3   2   413.445220504      34170000.0 
 14   4   2   7   3   2   413.445217409     467600000.0 
 14   3   2   7   4   2   413.445228983      13470000.0 
 14   5   2   7   4   2   413.445225737     449200000.0 
 14   7   2   7   6   2    413.44523114     134500000.0 
 14   2   2   7   1   2   413.445245396     296400000.0 
 14   0   2   7   1   2   413.445241813     210900000.0 
 14   6   2   7   5   2   413.445241194     324200000.0 
 14   1   2   7   0   2   413.445248472     176700000.0 
 14   3   2   8   2   2   601.374856355     284900000.0 
 14   1   2   8   2   2   601.374854014      67710000.0 
 14   2   2   8   3   2    601.37486973      33560000.0 
 14   4   2   8   3   2   601.374863181     344200000.0 
 14   3   2   8   4   2   601.374878064      15690000.0 
 14   5   2   8   4   2   601.374871198     365500000.0 
 14   2   2   8   1   2    601.37488747     209200000.0 
 14   0   2   8   1   2   601.374879889     169300000.0 
 14   4   2   8   5   2   601.374883779       6339000.0 
 14   6   2   8   5   2   601.374879929     326600000.0 
 14   8   2   8   7   2   601.374881596      88910000.0 
 14   1   2   8   0   2    601.37489751     127700000.0 
 14   7   2   8   6   2   601.374935729     222700000.0 
 14   3   2   9   2   2   873.627707614     209900000.0 
 14   1   2   9   2   2   873.627702672      60120000.0 
 14   2   2   9   3   2   873.627725202      32650000.0 
 14   4   2   9   3   2   873.627711383     259100000.0 
 14   3   2   9   4   2   873.627748737      17300000.0 
 14   5   2   9   4   2   873.627734248     292000000.0 
 14   2   2   9   1   2     873.6277546     154700000.0 
 14   0   2   9   1   2   873.627738603     140200000.0 
 14   4   2   9   5   2   873.627753428       8379000.0 
 14   6   2   9   5   2   873.627745303     294400000.0 
 14   5   2   9   6   2   873.627750999       3480000.0 
 14   7   2   9   6   2   873.627748402     254000000.0 
 14   8   2   9   7   2   873.627748989     170500000.0 
 14   9   2   9   8   2   873.627748821      68830000.0 
 14   1   2   9   0   2   873.627765907      96520000.0 
 14   3   2  10   2   2   1292.01627917     159900000.0 
 14   1   2  10   2   2   1292.01626836      54410000.0 
 14   2   2  10   3   2   1292.01631525      31910000.0 
 14   4   2  10   3   2   1292.01628503     199600000.0 
 14   2   2  10   1   2   1292.01635739     118700000.0 
 14   0   2  10   1   2    1292.0163224     119500000.0 
 14   3   2  10   4   2    1292.0163464      18680000.0 
 14   5   2  10   4   2    1292.0163147     233400000.0 
 14   4   2  10   5   2   1292.01635885      10340000.0 
 14   6   2  10   5   2   1292.01634108     253700000.0 
 14   1   2  10   0   2   1292.01636838      75770000.0 
 14   6   2  10   7   2   1292.01634914       2250000.0 
 14   8   2  10   7   2    1292.0163464     216900000.0 
 14  10   2  10   9   2   1292.01634475      64770000.0 
 14   5   2  10   6   2   1292.01640392       5203000.0 
 14   7   2  10   6   2   1292.01639824     251000000.0 
 14   9   2  10   8   2   1292.01655413     149900000.0 
 14   3   2  11   2   2   2001.07480027     125200000.0 
 14   1   2  11   2   2   2001.07477435      50360000.0 
 14   2   2  11   3   2   2001.07487805      31610000.0 
 14   4   2  11   3   2   2001.07480555     156900000.0 
 14   2   2  11   1   2   2001.07494704      94040000.0 
 14   0   2  11   1   2   2001.07486311     104700000.0 
 14   3   2  11   4   2   2001.07492946      20140000.0 
 14   5   2  11   4   2   2001.07485344     187700000.0 
 14   1   2  11   0   2   2001.07495275      61420000.0 
 14   4   2  11   5   2   2001.07494528      12430000.0 
 14   6   2  11   5   2   2001.07490266     214200000.0 
 14   5   2  11   6   2   2001.07492858       7222000.0 
 14   7   2  11   6   2   2001.07491496     231500000.0 
 14   7   2  11   8   2   2001.07492155       1761000.0 
 14   9   2  11   8   2   2001.07491672     209700000.0 
 14  11   2  11  10   2   2001.07490881      78690000.0 
 14   6   2  11   7   2   2001.07496418       3829000.0 
 14   8   2  11   7   2   2001.07495759     232500000.0 
 14  10   2  11   9   2   2001.07529858     157400000.0 
 14   3   2  12   2   2   3434.77551951     100100000.0 
 14   1   2  12   2   2   3434.77544313      47770000.0 
 14   2   2  12   3   2   3434.77572665      31970000.0 
 14   4   2  12   3   2   3434.77551304     125100000.0 
 14   2   2  12   1   2   3434.77587036      76320000.0 
 14   0   2  12   1   2   3434.77562308      94140000.0 
 14   3   2  12   4   2   3434.77583152      22020000.0 
 14   5   2  12   4   2   3434.77560755     151500000.0 
 14   1   2  12   0   2   3434.77584447      51110000.0 
 14   4   2  12   5   2   3434.77584835      14940000.0 
 14   6   2  12   5   2   3434.77572277     178500000.0 
 14   5   2  12   6   2   3434.77579398       9792000.0 
 14   7   2  12   6   2   3434.77575384     204600000.0 
 14   6   2  12   7   2   3434.77578232       6073000.0 
 14   8   2  12   7   2    3434.7757629     226700000.0 
 14   8   2  12   9   2   3434.77576549       1748000.0 
 14  10   2  12   9   2   3434.77574737     238100000.0 
 14  12   2  12  11   2   3434.77576679     137600000.0 
 14   7   2  12   8   2   3434.77582764       3471000.0 
 14   9   2  12   8   2    3434.7758134     240300000.0 
 14  11   2  12  10   2   3434.77689443     209200000.0 
 14   3   2  13   2   2   7763.58188376      79290000.0 
 14   1   2  13   2   2   7763.58149352      45860000.0 
 14   2   2  13   3   2   7763.58284943      32790000.0 
 14   4   2  13   3   2   7763.58175808      98090000.0 
 14   2   2  13   1   2   7763.58337857      61690000.0 
 14   0   2  13   1   2   7763.58211525      85430000.0 
 14   3   2  13   4   2    7763.5831603      24410000.0 
 14   5   2  13   4   2   7763.58201604     119100000.0 
 14   1   2  13   0   2   7763.58308754      42570000.0 
 14   4   2  13   5   2    7763.5831603      18170000.0 
 14   6   2  13   5   2   7763.58251872     143000000.0 
 14   5   2  13   6   2   7763.58284282      13310000.0 
 14   7   2  13   6   2   7763.58263778     170300000.0 
 14   6   2  13   7   2   7763.58276345       9472000.0 
 14   8   2  13   7   2   7763.58266423     201600000.0 
 14  12   2  13  11   2   7763.58267746     381400000.0 
 14  10   2  13  11   2   7763.58258486       1147000.0 
 14   9   2  13  10   2   7763.58264439       2378000.0 
 14  11   2  13  10   2   7763.58252533     326700000.0 
 14  13   2  13  12   2   7763.58267746     444400000.0 
 14   7   2  13   8   2   7763.58275022       6454000.0 
 14   9   2  13   8   2   7763.58267746     237600000.0 
 14   8   2  13   9   2   7763.58282297       4122000.0 
 14  10   2  13   9   2   7763.58273038     279000000.0 
 15   1   2   1   0   2   6.35649434329   25790000000.0 
 15   2   2   2   1   2   25.7711279292    6146000000.0 
 15   0   2   2   1   2    25.771127918     947400000.0 
 15   1   2   2   0   2    25.771128244    3773000000.0 
 15   3   2   3   2   2   59.3272846304    2032000000.0 
 15   1   2   3   2   2    59.327284613      85810000.0 
 15   2   2   3   1   2   59.3272906501    2276000000.0 
 15   0   2   3   1   2    59.327290591     629300000.0 
 15   1   2   3   0   2   59.3272945836    1269000000.0 
 15   2   2   4   3   2   109.003234063      16310000.0 
 15   4   2   4   3   2   109.003233885     799000000.0 
 15   3   2   4   2   2   109.003237556    1252000000.0 
 15   1   2   4   2   2   109.003237497      92930000.0 
 15   2   2   4   1   2   109.003246966    1066000000.0 
 15   0   2   4   1   2   109.003246766     420500000.0 
 15   1   2   4   0   2   109.003252133     595700000.0 
 15   2   2   5   3   2   177.981843736      24080000.0 
 15   4   2   5   3   2   177.981843263     696400000.0 
 15   5   2   5   4   2   177.981843135     356100000.0 
 15   3   2   5   2   2   177.981852003     755500000.0 
 15   1   2   5   2   2   177.981851846      83310000.0 
 15   2   2   5   1   2   177.981870736     587500000.0 
 15   0   2   5   1   2   177.981870204     296500000.0 
 15   1   2   5   0   2   177.981879367     334700000.0 
 15   6   2   6   5   2   271.210428531     177100000.0 
 15   3   2   6   4   2   271.210432179       7958000.0 
 15   5   2   6   4   2   271.210431025     403000000.0 
 15   2   2   6   1   2   271.210437854     361300000.0 
 15   0   2   6   1   2   271.210436619     219600000.0 
 15   2   2   6   3   2   271.210440138      26660000.0 
 15   4   2   6   3   2    271.21043904     514200000.0 
 15   1   2   6   0   2   271.210444892     210600000.0 
 15   3   2   6   2   2   271.210452908     481600000.0 
 15   1   2   6   2   2   271.210452544      71800000.0 
 15   3   2   7   2   2   396.414092912     324800000.0 
 15   1   2   7   2   2   396.414092136      61720000.0 
 15   2   2   7   3   2    396.41409605      26890000.0 
 15   4   2   7   3   2   396.414093705     373100000.0 
 15   3   2   7   4   2   396.414104034      10440000.0 
 15   5   2   7   4   2   396.414101568     351900000.0 
 15   7   2   7   6   2   396.414106604      98190000.0 
 15   2   2   7   1   2   396.414118934     240200000.0 
 15   0   2   7   1   2   396.414116295     169400000.0 
 15   6   2   7   5   2   396.414115847     246900000.0 
 15   1   2   7   0   2   396.414122193     143300000.0 
 15   3   2   8   2   2   566.004349187     229800000.0 
 15   1   2   8   2   2   566.004347605      53560000.0 
 15   2   2   8   3   2   566.004360648      26180000.0 
 15   4   2   8   3   2   566.004355866     274700000.0 
 15   3   2   8   4   2   566.004368417      12030000.0 
 15   5   2   8   4   2    566.00436339     286500000.0 
 15   2   2   8   1   2   566.004376362     169400000.0 
 15   0   2   8   1   2   566.004370983     135300000.0 
 15   4   2   8   5   2   566.004374112       4750000.0 
 15   6   2   8   5   2   566.004371265     248900000.0 
 15   8   2   8   7   2   566.004372706      61160000.0 
 15   1   2   8   0   2   566.004386135     103300000.0 
 15   7   2   8   6   2   566.004420693     162700000.0 
 15   3   2   9   2   2   800.918259692     169200000.0 
 15   1   2   9   2   2   800.918256524      47160000.0 
 15   2   2   9   3   2     800.9182737      25200000.0 
 15   4   2   9   3   2   800.918264127     206900000.0 
 15   3   2   9   4   2   800.918294255      13080000.0 
 15   5   2   9   4   2   800.918284189     229100000.0 
 15   2   2   9   1   2   800.918298408     125100000.0 
 15   0   2   9   1   2   800.918287638     111400000.0 
 15   4   2   9   5   2   800.918299464       6171000.0 
 15   6   2   9   5   2   800.918293762     224700000.0 
 15   5   2   9   6   2   800.918298267       2481000.0 
 15   7   2   9   6   2   800.918296367     185900000.0 
 15   8   2   9   7   2   800.918296789     117500000.0 
 15   9   2   9   8   2   800.918296789      43480000.0 
 15   1   2   9   0   2   800.918309671      77910000.0 
 15   3   2  10   2   2   1139.08374262     128800000.0 
 15   1   2  10   2   2   1139.08373621      42230000.0 
 15   2   2  10   3   2    1139.0837691      24280000.0 
 15   4   2  10   3   2   1139.08374974     159400000.0 
 15   2   2  10   1   2   1139.08380185      95840000.0 
 15   0   2  10   1   2   1139.08378007      94200000.0 
 15   3   2  10   4   2   1139.08379487      13870000.0 
 15   5   2  10   4   2   1139.08377451     183400000.0 
 15   4   2  10   5   2   1139.08380712       7454000.0 
 15   6   2  10   5   2   1139.08379559     193900000.0 
 15   1   2  10   0   2   1139.08381395      60960000.0 
 15   8   2  10   7   2   1139.08379957     149800000.0 
 15  10   2  10   9   2   1139.08379957      36170000.0 
 15   5   2  10   6   2   1139.08384385       3615000.0 
 15   7   2  10   6   2   1139.08384001     184200000.0 
 15   9   2  10   8   2   1139.08396132      94940000.0 
 15   3   2  11   2   2   1656.60014742     100900000.0 
 15   1   2  11   2   2   1656.60013387      38540000.0 
 15   2   2  11   3   2   1656.60019741      23620000.0 
 15   4   2  11   3   2   1656.60015645     125500000.0 
 15   2   2  11   1   2   1656.60024469      75780000.0 
 15   0   2  11   1   2   1656.60019861      81680000.0 
 15   3   2  11   4   2   1656.60023596      14610000.0 
 15   5   2  11   4   2   1656.60019289     147900000.0 
 15   1   2  11   0   2   1656.60025613      49210000.0 
 15   4   2  11   5   2   1656.60025222       8707000.0 
 15   6   2  11   5   2   1656.60022783     164400000.0 
 15   5   2  11   6   2   1656.60024439       4850000.0 
 15   7   2  11   6   2   1656.60023626     170600000.0 
 15   9   2  11   8   2   1656.60023776     133500000.0 
 15  11   2  11  10   2   1656.60023536      36580000.0 
 15   6   2  11   7   2   1656.60026999       2441000.0 
 15   8   2  11   7   2   1656.60026517     161400000.0 
 15  10   2  11   9   2   1656.60050158      88370000.0 
 15   3   2  12   2   2   2531.29717724      80980000.0 
 15   1   2  12   2   2    2531.2971456      35930000.0 
 15   2   2  12   3   2     2531.297282      23330000.0 
 15   4   2  12   3   2   2531.29718638     100700000.0 
 15   2   2  12   1   2   2531.29736005      61540000.0 
 15   0   2  12   1   2   2531.29725247      72620000.0 
 15   3   2  12   4   2   2531.29734669      15500000.0 
 15   5   2  12   4   2   2531.29724614     120300000.0 
 15   1   2  12   0   2   2531.29736357      40830000.0 
 15   4   2  12   5   2   2531.29736849      10080000.0 
 15   6   2  12   5   2   2531.29731154     138400000.0 
 15   5   2  12   6   2    2531.2973474       6279000.0 
 15   7   2  12   6   2   2531.29732841     152500000.0 
 15   6   2  12   7   2   2531.29734388       3665000.0 
 15   8   2  12   7   2   2531.29733263     159300000.0 
 15  10   2  12   9   2   2531.29733052     135500000.0 
 15  12   2  12  11   2   2531.29733122      47790000.0 
 15   7   2  12   8   2   2531.29736849       1946000.0 
 15   9   2  12   8   2   2531.29736146     155000000.0 
 15  11   2  12  10   2   2531.29795561      98560000.0 
 15   3   2  13   2   2   4296.98992207      66150000.0 
 15   1   2  13   2   2   4296.98983089      34300000.0 
 15   2   2  13   3   2   4296.99019561      23550000.0 
 15   4   2  13   3   2   4296.98992004      81860000.0 
 15   2   2  13   1   2    4296.9903577      51030000.0 
 15   0   2  13   1   2   4296.99004769      66130000.0 
 15   3   2  13   4   2   4296.99031313      16720000.0 
 15   5   2  13   4   2   4296.99002338      98460000.0 
 15   1   2  13   0   2   4296.99031921      34660000.0 
 15   4   2  13   5   2    4296.9903496      11780000.0 
 15   6   2  13   5   2   4296.99018548     115700000.0 
 15   5   2  13   6   2   4296.99027666       8094000.0 
 15   7   2  13   6   2   4296.99022195     132800000.0 
 15   6   2  13   7   2   4296.99026045       5343000.0 
 15   8   2  13   7   2   4296.99022803     148600000.0 
 15  12   2  13  11   2   4296.99022195     139500000.0 
 15   9   2  13  10   2     4296.990226        963300.0 
 15  11   2  13  10   2   4296.99020979     162100000.0 
 15  13   2  13  12   2   4296.99022803      89980000.0 
 15   7   2  13   8   2   4296.99025639       3330000.0 
 15   9   2  13   8   2   4296.99023613     161000000.0 
 15   8   2  13   9   2   4296.99027666       1909000.0 
 15  10   2  13   9   2   4296.99026652     167000000.0 
 15   3   2  14   2   2   9623.29317151      53430000.0 
 15   2   2  14   3   2    9623.2944215      24090000.0 
 15   4   2  14   3   2    9623.2930394      65370000.0 
 15   2   2  14   1   2   9623.29502109      42050000.0 
 15   0   2  14   1   2   9623.29346622      60620000.0 
 15   3   2  14   4   2   9623.29484833      18310000.0 
 15   5   2  14   4   2   9623.29339508      78540000.0 
 15   4   2  14   5   2   9623.29479751      13980000.0 
 15   6   2  14   5   2   9623.29397435      93330000.0 
 15   5   2  14   6   2   9623.29438085      10550000.0 
 15   7   2  14   6   2   9623.29410646     110100000.0 
 15   6   2  14   7   2   9623.29428939       7801000.0 
 15   8   2  14   7   2   9623.29412678     129100000.0 
 15   7   2  14   8   2    9623.2942589       5590000.0 
 15   9   2  14   8   2   9623.29415727     150700000.0 
 15  14   2  14  13   2   9623.29416744     313200000.0 
 15  13   2  14  12   2   9623.29416744     271700000.0 
 15  11   2  14  12   2   9623.29407598        688900.0 
 15   8   2  14   9   2   9623.29423857       3830000.0 
 15  10   2  14   9   2   9623.29418776     175300000.0 
 15   9   2  14  10   2   9623.29429955       2458000.0 
 15  11   2  14  10   2   9623.29421825     203400000.0 
 15  10   2  14  11   2   9623.29437069       1423000.0 
 15  12   2  14  11   2   9623.29437069     235300000.0 
100	0	0	0 0	0	1.0	   1.0
# n,l,2,n,l,2,  Energy (Angstrom) Einstein A (s-1)
# File computed  using the RAP package (Witthoeft, 2011) using AUTOSTRUCTURE data 
# For the final state of H-like Mg