2	0	1	1	0	0	1.119148E+01	2.76703E+04
2	1	0	1	0	0	1.100263E+01	1.35000E+13
2	1	0	2	0	0	1.647075E+03	4.09000E+07
2	1	0	2	0	1	6.520329E+02	6.86909E+05
2	1	1	1	0	0	1.108133E+01	1.40055E+10
2	1	1	2	0	1	1.125884E+03	3.63446E+08
3	0	0	2	1	0	6.690324E+01	7.73000E+10
3	0	0	2	1	1	6.413367E+01	2.05369E+08
3	0	1	2	0	1	6.159238E+01	1.54361E+01
3	0	1	2	1	1	6.515684E+01	8.80280E+10
3	1	0	1	0	0	9.433001E+00	3.74000E+12
3	1	0	2	0	0	6.357042E+01	2.16000E+11
3	1	0	2	1	0	6.612248E+01	2.37803E+07
3	1	0	3	0	0	5.666043E+03	6.04000E+06
3	1	0	3	2	0	2.773925E+04	6.40000E+04
3	1	1	1	0	0	9.448828E+00	4.49746E+09
3	1	1	2	0	0	6.429619E+01	2.96587E+08
3	1	1	2	0	1	6.068127E+01	2.26000E+11
3	1	1	2	1	1	6.413809E+01	2.53061E+07
3	1	1	3	0	1	4.102134E+03	1.60000E+07
3	2	0	2	1	0	6.628048E+01	6.39000E+11
3	2	1	2	1	1	6.358914E+01	6.85448E+11
3	2	1	3	1	1	7.429506E+03	1.22000E+06
4	0	0	2	1	0	4.910986E+01	3.15000E+10
4	0	0	2	1	1	4.760095E+01	8.39172E+07
4	0	0	3	1	0	1.908739E+02	2.18000E+10
4	0	0	3	1	1	1.846168E+02	2.16546E+07
4	0	1	2	1	1	4.782681E+01	3.43763E+10
4	0	1	3	1	1	1.880613E+02	2.61000E+09
4	1	0	1	0	0	8.982795E+00	1.54000E+12
4	1	0	2	0	0	4.752012E+01	9.51000E+10
4	1	0	2	1	0	4.893187E+01	1.02488E+07
4	1	0	3	0	0	1.821620E+02	2.88000E+10
4	1	0	3	2	0	1.869445E+02	3.28000E+09
4	1	0	4	0	0	1.350074E+04	1.49000E+06
4	1	0	4	2	0	7.267442E+04	1.52000E+04
4	1	1	1	0	0	8.988681E+00	1.96571E+09
4	1	1	2	0	0	4.768532E+01	1.29630E+08
4	1	1	2	0	1	4.566764E+01	9.94000E+10
4	1	1	2	1	1	4.759831E+01	1.08462E+07
4	1	1	3	0	0	1.846136E+02	3.88672E+07
4	1	1	3	0	1	1.766295E+02	2.91000E+10
4	1	1	3	2	1	1.892794E+02	4.13000E+07
4	1	1	4	0	1	9.962364E+03	3.77000E+06
4	2	0	2	1	0	4.896484E+01	2.00000E+11
4	2	0	3	1	0	1.887017E+02	7.09000E+10
4	2	1	2	1	1	4.747321E+01	2.09241E+11
4	2	1	3	1	1	1.827100E+02	3.90000E+10
4	2	1	4	1	1	1.806286E+04	3.76000E+05
4	3	0	3	2	0	1.874130E+02	1.37730E+11
4	3	0	4	2	0	2.564103E+06	1.29819E-01
4	3	1	3	2	1	1.871721E+02	1.37730E+11
4	3	1	4	2	1	2.427184E+05	1.53050E+02
5	0	0	2	1	0	4.374199E+01	1.57000E+10
5	0	0	2	1	1	4.254088E+01	4.19144E+07
5	0	0	3	1	0	1.292344E+02	1.06000E+10
5	0	0	3	1	1	1.263353E+02	1.08159E+07
5	0	0	4	1	0	4.124137E+02	7.53000E+09
5	0	0	4	1	1	4.003760E+02	8.37305E+06
5	0	1	2	1	1	4.263121E+01	1.62589E+10
5	0	1	3	1	1	1.271353E+02	1.26000E+09
5	0	1	4	1	1	4.085231E+02	8.98000E+08
5	1	0	1	0	0	8.788392E+00	7.81000E+11
5	1	0	2	0	0	4.254188E+01	4.90000E+10
5	1	0	2	1	0	4.366982E+01	5.24592E+06
5	1	0	3	0	0	1.257522E+02	1.57000E+10
5	1	0	3	2	0	1.280129E+02	1.41000E+09
5	1	0	4	0	0	3.942285E+02	6.84000E+09
5	1	0	4	2	0	4.038299E+02	1.80000E+09
5	1	0	5	0	0	2.646903E+04	4.89000E+05
5	1	0	5	2	0	1.510574E+05	4.62000E+03
5	1	1	1	0	0	8.791240E+00	1.03445E+09
5	1	1	2	0	0	4.260870E+01	6.82172E+07
5	1	1	2	0	1	4.099047E+01	5.12000E+10
5	1	1	2	1	1	4.253921E+01	5.53836E+06
5	1	1	3	0	0	1.263378E+02	2.04538E+07
5	1	1	3	0	1	1.225469E+02	1.60000E+10
5	1	1	3	2	1	1.285056E+02	1.77000E+07
5	1	1	4	0	0	4.000418E+02	9.97542E+06
5	1	1	4	0	1	3.847709E+02	6.84000E+09
5	1	1	4	2	1	4.092978E+02	1.84000E+09
5	1	1	5	0	1	1.971263E+04	1.22000E+06
5	2	0	2	1	0	4.368245E+01	9.10000E+10
5	2	0	3	1	0	1.287160E+02	3.38000E+10
5	2	0	4	1	0	4.071810E+02	1.51000E+10
5	2	0	4	3	0	4.049763E+02	5.04218E+08
5	2	1	2	1	1	4.248848E+01	9.23072E+10
5	2	1	3	1	1	1.258743E+02	1.93000E+10
5	2	1	4	1	1	3.957822E+02	8.08000E+09
5	2	1	4	3	1	4.053243E+02	5.04218E+08
5	2	1	5	1	1	3.562381E+04	1.35000E+05
5	3	0	3	2	0	1.281204E+02	4.53720E+10
5	3	0	4	2	0	4.049009E+02	2.58160E+10
5	3	0	5	2	0	1.428571E+07	2.68081E-03
5	3	1	3	2	1	1.280076E+02	4.53720E+10
5	3	1	4	2	1	4.042887E+02	2.58160E+10
5	3	1	5	2	1	4.545455E+05	8.32223E+01
5	4	0	4	3	0	3.959303E+02	4.24954E+10
5	4	0	5	3	0	1.774710E+04	5.49313E+04
5	4	1	4	3	1	3.984206E+02	4.24954E+10
5	4	1	5	3	1	2.466075E+04	5.46443E+04
6	0	0	2	1	0	4.129527E+01	8.97000E+09
6	0	0	2	1	1	4.022312E+01	2.37701E+07
6	0	0	3	1	0	1.099820E+02	5.91000E+09
6	0	0	3	1	1	1.078753E+02	6.13381E+06
6	0	0	4	1	0	2.646014E+02	4.14000E+09
6	0	0	4	1	1	2.595938E+02	4.74844E+06
6	0	0	5	1	0	7.594514E+02	3.10000E+09
6	0	0	5	1	1	7.387701E+02	3.67597E+06
6	0	1	2	1	1	4.026930E+01	8.75735E+09
6	0	1	3	1	1	1.082081E+02	7.00000E+08
6	0	1	4	1	1	2.615294E+02	4.88000E+08
6	0	1	5	1	1	7.546651E+02	3.68000E+08
6	1	0	1	0	0	8.686207E+00	4.50000E+11
6	1	0	2	0	0	4.024981E+01	2.84000E+10
6	1	0	2	1	0	4.125804E+01	3.02527E+06
6	1	0	3	0	0	1.076341E+02	9.27000E+09
6	1	0	3	2	0	1.092860E+02	7.41000E+08
6	1	0	4	0	0	2.580519E+02	4.21000E+09
6	1	0	4	2	0	2.621314E+02	9.00000E+08
6	1	0	5	0	0	7.265488E+02	2.24000E+09
6	1	0	5	2	0	7.433784E+02	9.17000E+08
6	1	0	6	0	0	4.576659E+04	2.00000E+05
6	1	0	6	2	0	2.717391E+05	1.75000E+03
6	1	1	1	0	0	8.687805E+00	6.12216E+08
6	1	1	2	0	0	4.028415E+01	4.03728E+07
6	1	1	2	0	1	3.883467E+01	2.97000E+10
6	1	1	2	1	1	4.022204E+01	3.18728E+06
6	1	1	3	0	0	1.078800E+02	1.21051E+07
6	1	1	3	0	1	1.051037E+02	9.42000E+09
6	1	1	3	2	1	1.094567E+02	2.31000E+08
6	1	1	4	0	0	2.594700E+02	5.90373E+06
6	1	1	4	0	1	2.529583E+02	4.25000E+09
6	1	1	4	2	1	2.633325E+02	1.09000E+07
6	1	1	5	0	0	7.379039E+02	3.61672E+06
6	1	1	5	0	1	7.117438E+02	2.21000E+09
6	1	1	5	2	1	7.540341E+02	1.10000E+07
6	1	1	6	0	1	3.427005E+04	4.74000E+05
6	2	0	2	1	0	4.126431E+01	4.96000E+10
6	2	0	3	1	0	1.097626E+02	1.86000E+10
6	2	0	4	1	0	2.633353E+02	8.66000E+09
6	2	0	4	3	0	2.624114E+02	2.14263E+08
6	2	0	5	1	0	7.491142E+02	4.57000E+09
6	2	0	5	3	0	7.454564E+02	3.90370E+08
6	2	1	2	1	1	4.019591E+01	4.85796E+10
6	2	1	3	1	1	1.076798E+02	1.07000E+10
6	2	1	4	1	1	2.584646E+02	4.80000E+09
6	2	1	4	3	1	2.625003E+02	2.14263E+08
6	2	1	5	1	1	7.296974E+02	2.42000E+09
6	2	1	5	3	1	7.461796E+02	3.90370E+08
6	2	1	6	1	1	6.188119E+04	8.88000E+04
6	3	0	3	2	0	1.093305E+02	2.14370E+10
6	3	0	4	2	0	2.623873E+02	1.28558E+10
6	3	0	5	2	0	7.454398E+02	7.22469E+09
6	3	0	5	4	0	7.781661E+02	1.13605E+08
6	3	1	3	2	1	1.092482E+02	2.14370E+10
6	3	1	4	2	1	2.621294E+02	1.28558E+10
6	3	1	5	2	1	7.442525E+02	7.22469E+09
6	3	1	5	4	1	7.687106E+02	1.13605E+08
6	3	1	6	2	1	7.874016E+05	2.59708E-01
6	4	0	4	3	0	2.603631E+02	1.37128E+10
6	4	0	5	3	0	7.291605E+02	1.10449E+10
6	4	0	6	3	0	3.331087E+04	5.80524E-04
6	4	1	4	3	1	2.610547E+02	1.37128E+10
6	4	1	5	3	1	7.346162E+02	1.10449E+10
6	4	1	6	3	1	5.044130E+04	5.80524E-04
6	5	0	5	4	0	7.600438E+02	1.64304E+10
6	5	0	6	4	0	1.611063E+06	4.68693E-06
6	5	1	5	4	1	7.564185E+02	1.64304E+10
6	5	1	6	4	1	7.605772E+05	4.68693E-06
7	0	0	2	1	0	3.994984E+01	5.60000E+09
7	0	0	2	1	1	3.894557E+01	1.47150E+07
7	0	0	3	1	0	1.009292E+02	3.65000E+09
7	0	0	3	1	1	9.915220E+01	3.79716E+06
7	0	0	4	1	0	2.176369E+02	2.49000E+09
7	0	0	4	1	1	2.142377E+02	2.93954E+06
7	0	0	5	1	0	4.689816E+02	1.85000E+09
7	0	0	5	1	1	4.610120E+02	2.27562E+06
7	0	0	6	1	0	1.259938E+03	1.45000E+09
7	0	0	6	1	1	1.227190E+03	1.76165E+06
7	0	1	2	1	1	3.897263E+01	5.16343E+09
7	0	1	3	1	1	9.932780E+01	4.29000E+08
7	0	1	4	1	1	2.150592E+02	2.95000E+08
7	0	1	5	1	1	4.648328E+02	2.17000E+08
7	0	1	6	1	1	1.254642E+03	1.71000E+08
7	1	0	1	0	0	8.625710E+00	2.83000E+11
7	1	0	2	0	0	3.898291E+01	1.79000E+10
7	1	0	2	1	0	3.992792E+01	2.03418E+06
7	1	0	3	0	0	9.902784E+01	5.87000E+09
7	1	0	3	2	0	1.004245E+02	4.39000E+08
7	1	0	4	0	0	2.135557E+02	2.71000E+09
7	1	0	4	2	0	2.163420E+02	5.18000E+08
7	1	0	5	0	0	4.579174E+02	1.50000E+09
7	1	0	5	2	0	4.645459E+02	5.09000E+08
7	1	0	6	0	0	1.205865E+03	8.96000E+08
7	1	0	6	2	0	1.232878E+03	4.90000E+08
7	1	0	7	0	0	7.278020E+04	9.28000E+04
7	1	1	1	0	0	8.626699E+00	3.92915E+08
7	1	1	2	0	0	3.900310E+01	2.59110E+07
7	1	1	2	0	1	3.764279E+01	1.88000E+10
7	1	1	2	1	1	3.894487E+01	2.14113E+06
7	1	1	3	0	0	9.915825E+01	7.76896E+06
7	1	1	3	0	1	9.680786E+01	5.97000E+09
7	1	1	3	2	1	1.004887E+02	1.37000E+08
7	1	1	4	0	0	2.141630E+02	3.78897E+06
7	1	1	4	0	1	2.097074E+02	2.72000E+09
7	1	1	4	2	1	2.167876E+02	5.23000E+08
7	1	1	5	0	0	4.607191E+02	2.32118E+06
7	1	1	5	0	1	4.503835E+02	1.49000E+09
7	1	1	5	2	1	4.669559E+02	6.06000E+06
7	1	1	6	0	0	1.225490E+03	1.61666E+06
7	1	1	6	0	1	1.184119E+03	8.79000E+08
7	1	1	6	2	1	1.251298E+03	8.65000E+07
7	1	1	7	0	1	5.467469E+04	2.16000E+05
7	2	0	2	1	0	3.991239E+01	1.91110E+10
7	2	0	3	1	0	1.006905E+02	1.07771E+10
7	2	0	4	1	0	2.165301E+02	5.27698E+09
7	2	0	4	3	0	2.159051E+02	1.12270E+08
7	2	0	5	1	0	4.638724E+02	2.85664E+09
7	2	0	5	3	0	4.624673E+02	1.90993E+08
7	2	0	6	1	0	1.223728E+03	1.73888E+09
7	2	0	6	3	0	1.218183E+03	2.52110E+08
7	2	1	2	1	1	3.892323E+01	2.21545E+10
7	2	1	3	1	1	9.900752E+01	1.13060E+10
7	2	1	4	1	1	2.135634E+02	5.28533E+09
7	2	1	4	3	1	2.163112E+02	1.12270E+08
7	2	1	5	1	1	4.579007E+02	2.75892E+09
7	2	1	5	3	1	4.643370E+02	1.90993E+08
7	2	1	6	1	1	1.205388E+03	1.61477E+09
7	2	1	6	3	1	1.231257E+03	2.52110E+08
7	2	1	7	1	1	7.003656E+04	1.12224E+04
7	3	0	3	2	0	1.003140E+02	1.20573E+10
7	3	0	4	2	0	2.158298E+02	7.33191E+09
7	3	0	5	2	0	4.621906E+02	4.32644E+09
7	3	0	5	4	0	4.745652E+02	4.64597E+07
7	3	0	6	2	0	1.216427E+03	2.59130E+09
7	3	0	6	4	0	1.262468E+03	1.10902E+08
7	3	0	7	2	0	8.167446E+05	1.30777E-01
7	3	1	3	2	1	1.003214E+02	1.20573E+10
7	3	1	4	2	1	2.160102E+02	7.33191E+09
7	3	1	5	2	1	4.633638E+02	4.32644E+09
7	3	1	5	4	1	4.727280E+02	4.64597E+07
7	3	1	6	2	1	1.225833E+03	2.59130E+09
7	3	1	6	4	1	1.258374E+03	1.10902E+08
7	3	1	7	2	1	4.304254E+05	1.30777E-01
7	4	0	4	3	0	2.158149E+02	6.45142E+09
7	4	0	5	3	0	4.620536E+02	5.47561E+09
7	4	0	6	3	0	1.215316E+03	3.75953E+09
7	4	0	6	5	0	1.262323E+03	3.35046E+07
7	4	0	7	3	0	1.405201E+06	3.25591E-04
7	4	1	4	3	1	2.161397E+02	6.45142E+09
7	4	1	5	3	1	4.635471E+02	5.47561E+09
7	4	1	6	3	1	1.225719E+03	3.75953E+09
7	4	1	6	5	1	1.258324E+03	3.35046E+07
7	4	1	7	3	1	7.426844E+05	3.25591E-04
7	5	0	5	4	0	4.743002E+02	5.08153E+09
7	5	0	6	4	0	1.260595E+03	5.31697E+09
7	5	0	7	4	0	2.149114E+06	3.47599E-06
7	5	1	5	4	1	4.722312E+02	5.08153E+09
7	5	1	6	4	1	1.254859E+03	5.31697E+09
7	5	1	7	4	1	1.137675E+06	3.47599E-06
7	6	0	6	5	0	1.261060E+03	7.39972E+09
7	6	0	7	5	0	3.048502E+06	6.72903E-08
7	6	1	6	5	1	1.255956E+03	7.39972E+09
7	6	1	7	5	1	1.615404E+06	6.72903E-08
8	0	0	2	1	0	3.912345E+01	3.73000E+09
8	0	0	2	1	1	3.815979E+01	9.71284E+06
8	0	0	3	1	0	9.581600E+01	2.42000E+09
8	0	0	3	1	1	9.421311E+01	2.50637E+06
8	0	0	4	1	0	1.951776E+02	1.63000E+09
8	0	0	4	1	1	1.924394E+02	1.94029E+06
8	0	0	5	1	0	3.757972E+02	1.19000E+09
8	0	0	5	1	1	3.706626E+02	1.50206E+06
8	0	0	6	1	0	7.561894E+02	9.20000E+08
8	0	0	6	1	1	7.442691E+02	1.16281E+06
8	0	0	7	1	0	1.941785E+03	7.54000E+08
8	0	0	7	1	1	1.892971E+03	9.00178E+05
8	0	1	2	1	1	3.817711E+01	3.25006E+09
8	0	1	3	1	1	9.431876E+01	2.83000E+08
8	0	1	4	1	1	1.928807E+02	1.91000E+08
8	0	1	5	1	1	3.723034E+02	1.39000E+08
8	0	1	6	1	1	7.509142E+02	3.23000E+08
8	0	1	7	1	1	1.936558E+03	4.42000E+08
8	1	0	1	0	0	8.586885E+00	1.89000E+11
8	1	0	2	0	0	3.820227E+01	1.20000E+10
8	1	0	2	1	0	3.910937E+01	1.42039E+06
8	1	0	3	0	0	9.414104E+01	3.94000E+09
8	1	0	3	2	0	9.540237E+01	2.83000E+08
8	1	0	4	0	0	1.920562E+02	1.82000E+09
8	1	0	4	2	0	1.943068E+02	3.24000E+08
8	1	0	5	0	0	3.692776E+02	1.02000E+09
8	1	0	5	2	0	3.735762E+02	3.12000E+08
8	1	0	6	0	0	7.388416E+02	6.31000E+08
8	1	0	6	2	0	7.488954E+02	2.93000E+08
8	1	0	7	0	0	1.858978E+03	4.13000E+08
8	1	0	7	2	0	1.943843E+03	2.75876E+08
8	1	0	8	0	0	1.086957E+05	4.78000E+04
8	1	1	1	0	0	8.587538E+00	2.67581E+08
8	1	1	2	0	0	3.821520E+01	1.76458E+07
8	1	1	2	0	1	3.690837E+01	1.25000E+10
8	1	1	2	1	1	3.815930E+01	1.49413E+06
8	1	1	3	0	0	9.421963E+01	5.29078E+06
8	1	1	3	0	1	9.209502E+01	4.02000E+09
8	1	1	3	2	1	9.542007E+01	8.79000E+07
8	1	1	4	0	0	1.923835E+02	2.58035E+06
8	1	1	4	0	1	1.887804E+02	1.83000E+09
8	1	1	4	2	1	1.944988E+02	3.91000E+06
8	1	1	5	0	0	3.704898E+02	1.58076E+06
8	1	1	5	0	1	3.637766E+02	1.01000E+09
8	1	1	5	2	1	3.745122E+02	9.23000E+07
8	1	1	6	0	0	7.437101E+02	1.10097E+06
8	1	1	6	0	1	7.282685E+02	6.30000E+08
8	1	1	6	2	1	7.531368E+02	2.88000E+08
8	1	1	7	0	0	1.890109E+03	8.31160E+05
8	1	1	7	0	1	1.828488E+03	4.05000E+08
8	1	1	7	2	1	1.944270E+03	3.32907E+08
8	1	1	8	0	1	8.176615E+04	1.11000E+05
8	2	0	2	1	0	3.910716E+01	1.12151E+10
8	2	0	3	1	0	9.571836E+01	6.87465E+09
8	2	0	4	1	0	1.947728E+02	3.44805E+09
8	2	0	4	3	0	1.942669E+02	6.69906E+07
8	2	0	5	1	0	3.742996E+02	1.90362E+09
8	2	0	5	3	0	3.733842E+02	1.08721E+08
8	2	0	6	1	0	7.501500E+02	1.19692E+09
8	2	0	6	3	0	7.480625E+02	1.36045E+08
8	2	0	7	1	0	1.902455E+03	7.70009E+08
8	2	0	7	3	0	1.943003E+03	1.59139E+08
8	2	1	2	1	1	3.815322E+01	1.31805E+10
8	2	1	3	1	1	9.417307E+01	7.27442E+09
8	2	1	4	1	1	1.922724E+02	3.48825E+09
8	2	1	4	3	1	1.944968E+02	6.69906E+07
8	2	1	5	1	1	3.700437E+02	1.86710E+09
8	2	1	5	3	1	3.742357E+02	1.08721E+08
8	2	1	6	1	1	7.417779E+02	1.14650E+09
8	2	1	6	3	1	7.514941E+02	1.36045E+08
8	2	1	7	1	1	1.876939E+03	7.08590E+08
8	2	1	7	3	1	1.937305E+03	1.59139E+08
8	2	1	8	1	1	2.396676E+05	5.83343E+03
8	3	0	3	2	0	9.538051E+01	7.53060E+09
8	3	0	4	2	0	1.942162E+02	4.60560E+09
8	3	0	5	2	0	3.732413E+02	2.75058E+09
8	3	0	5	4	0	3.812698E+02	2.38577E+07
8	3	0	6	2	0	7.475506E+02	1.72383E+09
8	3	0	6	4	0	7.646886E+02	5.23112E+07
8	3	0	7	2	0	1.934808E+03	1.09988E+09
8	3	0	7	4	0	1.942083E+03	8.45966E+07
8	3	0	8	2	0	1.046629E+06	7.06114E-02
8	3	1	3	2	1	9.536707E+01	7.53060E+09
8	3	1	4	2	1	1.942787E+02	4.60560E+09
8	3	1	5	2	1	3.736971E+02	2.75058E+09
8	3	1	5	4	1	3.797641E+02	2.38577E+07
8	3	1	6	2	1	7.498479E+02	1.72383E+09
8	3	1	6	4	1	7.618997E+02	5.23112E+07
8	3	1	7	2	1	1.922502E+03	1.09988E+09
8	3	1	7	4	1	1.936162E+03	8.45966E+07
8	3	1	8	2	1	6.055754E+05	7.06114E-02
8	4	0	4	3	0	1.942098E+02	3.63900E+09
8	4	0	5	3	0	3.731734E+02	3.13132E+09
8	4	0	6	3	0	7.472169E+02	2.25975E+09
8	4	0	6	5	0	7.647256E+02	1.30425E+07
8	4	0	7	3	0	1.937308E+03	1.53431E+09
8	4	0	7	5	0	1.941736E+03	3.85147E+07
8	4	0	8	3	0	1.794234E+06	1.85974E-04
8	4	1	4	3	1	1.943981E+02	3.63900E+09
8	4	1	5	3	1	3.738703E+02	3.13132E+09
8	4	1	6	3	1	7.500220E+02	2.25975E+09
8	4	1	6	5	1	7.621054E+02	1.30425E+07
8	4	1	7	3	1	1.927552E+03	1.53431E+09
8	4	1	7	5	1	1.935856E+03	3.85147E+07
8	4	1	8	3	1	1.041084E+06	1.85974E-04
8	5	0	5	4	0	3.811357E+02	2.33572E+09
8	5	0	6	4	0	7.641495E+02	2.57508E+09
8	5	0	7	4	0	1.938609E+03	2.08958E+09
8	5	0	7	6	0	1.941596E+03	1.18867E+07
8	5	0	8	4	0	2.738008E+06	2.21813E-06
8	5	1	5	4	1	3.795351E+02	2.33572E+09
8	5	1	6	4	1	7.609784E+02	2.57508E+09
8	5	1	7	4	1	1.930223E+03	2.08958E+09
8	5	1	7	6	1	1.935821E+03	1.18867E+07
8	5	1	8	4	1	1.591209E+06	2.21813E-06
8	6	0	6	5	0	7.643614E+02	2.17325E+09
8	6	0	7	5	0	1.939389E+03	2.80304E+09
8	6	0	8	5	0	3.877983E+06	5.69146E-08
8	6	1	6	5	1	7.614834E+02	2.17325E+09
8	6	1	7	5	1	1.931848E+03	2.80304E+09
8	6	1	8	5	1	2.255972E+06	5.69146E-08
8	7	0	7	6	0	1.939902E+03	3.72078E+09
8	7	0	8	6	0	5.214145E+06	1.93648E-09
8	7	1	7	6	1	1.932929E+03	3.72078E+09
8	7	1	8	6	1	3.035362E+06	1.93648E-09
9	0	0	2	1	0	3.857681E+01	2.61000E+09
9	0	0	2	1	1	3.763957E+01	6.73304E+06
9	0	0	3	1	0	9.260237E+01	1.67000E+09
9	0	0	3	1	1	9.110435E+01	1.73744E+06
9	0	0	4	1	0	1.822911E+02	1.12000E+09
9	0	0	4	1	1	1.799004E+02	1.34503E+06
9	0	0	5	1	0	3.307753E+02	8.05000E+08
9	0	0	5	1	1	3.267909E+02	1.04124E+06
9	0	0	6	1	0	5.936092E+02	6.13000E+08
9	0	0	6	1	1	5.862386E+02	8.06069E+05
9	0	0	7	1	0	1.140017E+03	4.99000E+08
9	0	0	7	1	1	1.123015E+03	6.24012E+05
9	0	0	8	1	0	2.832941E+03	4.19000E+08
9	0	0	8	1	1	2.763576E+03	4.83074E+05
9	0	1	2	1	1	3.765136E+01	2.15019E+09
9	0	1	3	1	1	9.117346E+01	1.97000E+08
9	0	1	4	1	1	1.801700E+02	1.32000E+08
9	0	1	5	1	1	3.276818E+02	9.43000E+07
9	0	1	6	1	1	5.891120E+02	3.59000E+08
9	0	1	7	1	1	1.133607E+03	5.81000E+07
9	0	1	8	1	1	2.828614E+03	2.46000E+08
9	1	0	1	0	0	8.560462E+00	1.33000E+11
9	1	0	2	0	0	3.768479E+01	8.44000E+09
9	1	0	2	1	0	3.856720E+01	1.02584E+06
9	1	0	3	0	0	9.105967E+01	2.76000E+09
9	1	0	3	2	0	9.223926E+01	1.93000E+08
9	1	0	4	0	0	1.796538E+02	1.28000E+09
9	1	0	4	2	0	1.816217E+02	2.19000E+08
9	1	0	5	0	0	3.260047E+02	7.15000E+08
9	1	0	5	2	0	3.293504E+02	2.05000E+08
9	1	0	6	0	0	5.837984E+02	4.49000E+08
9	1	0	6	2	0	5.900575E+02	1.88000E+08
9	1	0	7	0	0	1.114355E+03	3.04000E+08
9	1	0	7	2	0	1.144302E+03	1.74003E+08
9	1	0	8	0	0	2.712600E+03	2.11000E+08
9	1	0	8	2	0	2.793270E+03	1.63742E+08
9	1	0	9	0	0	1.547988E+05	2.64000E+04
9	1	0	9	2	0	2.945480E+05	6.55199E+01
9	1	1	1	0	0	8.560917E+00	1.90673E+08
9	1	1	2	0	0	3.769361E+01	1.25740E+07
9	1	1	2	0	1	3.642161E+01	8.84000E+09
9	1	1	2	1	1	3.763922E+01	1.07861E+06
9	1	1	3	0	0	9.111119E+01	3.77011E+06
9	1	1	3	0	1	8.912299E+01	2.82000E+09
9	1	1	3	2	1	9.223326E+01	2.40000E+08
9	1	1	4	0	0	1.798545E+02	1.83870E+06
9	1	1	4	0	1	1.767015E+02	1.29000E+09
9	1	1	4	2	1	1.817019E+02	6.63000E+07
9	1	1	5	0	0	3.266661E+02	1.12642E+06
9	1	1	5	0	1	3.214359E+02	7.17000E+08
9	1	1	5	2	1	3.297892E+02	6.08000E+07
9	1	1	6	0	0	5.859226E+02	7.84531E+05
9	1	1	6	0	1	5.762958E+02	4.47000E+08
9	1	1	6	2	1	5.917580E+02	5.50000E+07
9	1	1	7	0	0	1.122120E+03	5.92269E+05
9	1	1	7	0	1	1.100110E+03	3.01000E+08
9	1	1	7	2	1	1.140990E+03	2.07425E+08
9	1	1	8	0	0	2.759077E+03	4.72177E+05
9	1	1	8	0	1	2.671440E+03	2.07000E+08
9	1	1	8	2	1	2.793861E+03	1.96254E+08
9	1	1	9	0	1	1.166861E+05	6.16000E+04
9	2	0	2	1	0	3.857225E+01	6.95985E+09
9	2	0	3	1	0	9.257609E+01	4.62323E+09
9	2	0	4	1	0	1.821894E+02	2.36725E+09
9	2	0	4	3	0	1.817466E+02	4.35397E+07
9	2	0	5	1	0	3.304403E+02	1.32183E+09
9	2	0	5	3	0	3.297267E+02	6.85572E+07
9	2	0	6	1	0	5.925312E+02	8.36383E+08
9	2	0	6	3	0	5.912280E+02	8.23910E+07
9	2	0	7	1	0	1.136047E+03	5.56507E+08
9	2	0	7	3	0	1.150383E+03	9.23243E+07
9	2	0	8	1	0	2.808555E+03	3.81568E+08
9	2	0	8	3	0	2.827632E+03	1.01890E+08
9	2	1	2	1	1	3.764158E+01	8.28725E+09
9	2	1	3	1	1	9.111609E+01	4.92637E+09
9	2	1	4	1	1	1.799462E+02	2.41198E+09
9	2	1	4	3	1	1.818931E+02	4.35397E+07
9	2	1	5	1	1	3.269420E+02	1.30860E+09
9	2	1	5	3	1	3.302101E+02	6.85572E+07
9	2	1	6	1	1	5.867253E+02	8.12279E+08
9	2	1	6	3	1	5.927875E+02	8.23910E+07
9	2	1	7	1	1	1.124802E+03	5.27760E+08
9	2	1	7	3	1	1.146206E+03	9.23243E+07
9	2	1	8	1	1	2.774423E+03	3.48716E+08
9	2	1	8	3	1	2.819988E+03	1.01890E+08
9	3	0	3	2	0	9.226162E+01	5.04761E+09
9	3	0	4	2	0	1.817084E+02	3.09616E+09
9	3	0	5	2	0	3.296356E+02	1.85771E+09
9	3	0	5	4	0	3.358820E+02	1.40889E+07
9	3	0	6	2	0	5.909735E+02	1.17633E+09
9	3	0	6	4	0	6.016329E+02	2.91937E+07
9	3	0	7	2	0	1.147752E+03	7.82978E+08
9	3	0	7	4	0	1.150308E+03	4.40825E+07
9	3	0	8	2	0	2.813916E+03	5.27196E+08
9	3	0	8	4	0	2.825946E+03	6.05518E+07
9	3	0	9	2	0	1.301497E+06	4.05289E-02
9	3	1	3	2	1	9.223694E+01	5.04761E+09
9	3	1	4	2	1	1.817162E+02	3.09616E+09
9	3	1	5	2	1	3.298363E+02	1.85771E+09
9	3	1	5	4	1	3.345537E+02	1.40889E+07
9	3	1	6	2	1	5.919096E+02	1.17633E+09
9	3	1	6	4	1	5.993938E+02	2.91937E+07
9	3	1	7	2	1	1.141554E+03	7.82978E+08
9	3	1	7	4	1	1.146356E+03	4.40825E+07
9	3	1	8	2	1	2.797244E+03	5.27196E+08
9	3	1	8	4	1	2.817831E+03	6.05518E+07
9	3	1	9	2	1	8.117562E+05	4.05289E-02
9	4	0	4	3	0	1.817064E+02	2.28639E+09
9	4	0	5	3	0	3.295943E+02	1.97854E+09
9	4	0	6	3	0	5.908025E+02	1.44576E+09
9	4	0	6	5	0	6.016949E+02	6.49050E+06
9	4	0	7	3	0	1.148774E+03	1.02910E+09
9	4	0	7	5	0	1.150329E+03	1.73884E+07
9	4	0	8	3	0	2.817927E+03	7.13203E+08
9	4	0	8	5	0	2.825272E+03	3.32329E+07
9	4	0	9	3	0	2.224224E+06	1.10422E-04
9	4	1	4	3	1	1.818286E+02	2.28639E+09
9	4	1	5	3	1	3.299975E+02	1.97854E+09
9	4	1	6	3	1	5.921028E+02	1.44576E+09
9	4	1	6	5	1	5.996080E+02	6.49050E+06
9	4	1	7	3	1	1.143649E+03	1.02910E+09
9	4	1	7	5	1	1.146567E+03	1.73884E+07
9	4	1	8	3	1	2.804560E+03	7.13203E+08
9	4	1	8	5	1	2.817114E+03	3.32329E+07
9	4	1	9	3	1	1.391161E+06	1.10422E-04
9	5	0	5	4	0	3.357980E+02	1.30082E+09
9	5	0	6	4	0	6.013635E+02	1.45387E+09
9	5	0	7	4	0	1.149324E+03	1.24078E+09
9	5	0	7	6	0	1.150372E+03	4.38507E+06
9	5	0	8	4	0	2.820011E+03	9.43185E+08
9	5	0	8	6	0	2.824974E+03	1.54309E+07
9	5	0	9	4	0	3.387649E+06	1.39650E-06
9	5	1	5	4	1	3.344205E+02	1.30082E+09
9	5	1	6	4	1	5.989666E+02	1.45387E+09
9	5	1	7	4	1	1.144795E+03	1.24078E+09
9	5	1	7	6	1	1.146761E+03	4.38507E+06
9	5	1	8	4	1	2.808414E+03	9.43185E+08
9	5	1	8	6	1	2.816892E+03	1.54309E+07
9	5	1	9	4	1	2.122174E+06	1.39650E-06
9	6	0	6	5	0	6.015125E+02	9.66266E+08
9	6	0	7	5	0	1.149663E+03	1.31308E+09
9	6	0	8	5	0	2.821256E+03	1.22962E+09
9	6	0	8	7	0	2.824839E+03	4.82865E+06
9	6	0	9	5	0	4.791796E+06	4.01060E-08
9	6	1	6	5	1	5.993191E+02	9.66266E+08
9	6	1	7	5	1	1.145511E+03	1.31308E+09
9	6	1	8	5	1	2.810748E+03	1.22962E+09
9	6	1	8	7	1	2.816866E+03	4.82865E+06
9	6	1	9	5	1	3.004790E+06	4.01060E-08
9	7	0	7	6	0	1.149891E+03	1.03405E+09
9	7	0	8	6	0	2.822072E+03	1.58713E+09
9	7	0	9	6	0	6.436705E+06	1.81136E-09
9	7	1	7	6	1	1.145998E+03	1.03405E+09
9	7	1	8	6	1	2.812294E+03	1.58713E+09
9	7	1	9	6	1	4.039066E+06	1.81136E-09
9	8	0	8	7	0	2.822643E+03	2.03354E+09
9	8	0	9	7	0	8.322237E+06	9.15069E-11
9	8	1	8	7	1	2.813387E+03	2.03354E+09
9	8	1	9	7	1	5.224933E+06	9.15069E-11
10	0	0	2	1	0	3.819533E+01	1.89000E+09
10	0	0	2	1	1	3.727632E+01	4.85131E+06
10	0	0	3	1	0	9.043423E+01	1.22000E+09
10	0	0	3	1	1	8.900500E+01	1.25187E+06
10	0	0	4	1	0	1.740756E+02	8.06000E+08
10	0	0	4	1	1	1.718942E+02	9.69124E+05
10	0	0	5	1	0	3.046830E+02	5.76000E+08
10	0	0	5	1	1	3.012991E+02	7.50240E+05
10	0	0	6	1	0	5.145330E+02	4.34000E+08
10	0	0	6	1	1	5.089862E+02	5.80792E+05
10	0	0	7	1	0	8.802197E+02	3.46000E+08
10	0	0	7	1	1	8.700494E+02	4.49615E+05
10	0	0	8	1	0	1.634281E+03	2.88000E+08
10	0	0	8	1	1	1.610954E+03	3.48066E+05
10	0	0	9	1	0	3.961337E+03	2.49000E+08
10	0	0	9	1	1	3.866228E+03	2.69453E+05
10	0	1	2	1	1	3.728473E+01	1.47951E+09
10	0	1	3	1	1	8.905295E+01	1.42000E+08
10	0	1	4	1	1	1.720731E+02	9.47000E+07
10	0	1	5	1	1	3.018493E+02	6.72000E+07
10	0	1	6	1	1	5.105583E+02	1.52000E+08
10	0	1	7	1	1	8.746534E+02	1.20000E+08
10	0	1	8	1	1	1.626810E+03	1.01000E+08
10	0	1	9	1	1	3.958828E+03	1.45000E+08
10	1	0	1	0	0	8.541659E+00	9.67000E+10
10	1	0	2	0	0	3.732310E+01	6.16000E+09
10	1	0	2	1	0	3.818846E+01	7.62745E+05
10	1	0	3	0	0	8.897620E+01	2.03000E+09
10	1	0	3	2	0	9.010210E+01	1.38000E+08
10	1	0	4	0	0	1.717207E+02	9.35000E+08
10	1	0	4	2	0	1.735177E+02	1.55000E+08
10	1	0	5	0	0	3.007890E+02	5.23000E+08
10	1	0	5	2	0	3.036348E+02	1.43000E+08
10	1	0	6	0	0	5.075962E+02	3.28000E+08
10	1	0	6	2	0	5.123213E+02	1.30000E+08
10	1	0	7	0	0	8.661533E+02	2.23000E+08
10	1	0	7	2	0	8.841382E+02	1.15873E+08
10	1	0	8	0	0	1.597955E+03	1.60000E+08
10	1	0	8	2	0	1.625611E+03	1.07998E+08
10	1	0	9	0	0	3.793483E+03	1.17000E+08
10	1	0	9	2	0	3.838108E+03	1.01712E+08
10	1	1	1	0	0	8.541989E+00	1.40814E+08
10	1	1	2	0	0	3.732940E+01	9.28604E+06
10	1	1	2	0	1	3.608146E+01	6.44000E+09
10	1	1	2	1	1	3.727606E+01	8.01718E+05
10	1	1	3	0	0	8.901200E+01	2.78426E+06
10	1	1	3	0	1	8.711340E+01	2.05000E+09
10	1	1	3	2	1	9.008266E+01	4.32000E+07
10	1	1	4	0	0	1.718541E+02	1.35790E+06
10	1	1	4	0	1	1.689732E+02	9.46000E+08
10	1	1	4	2	1	1.735400E+02	2.79000E+07
10	1	1	5	0	0	3.011985E+02	8.31872E+05
10	1	1	5	0	1	2.967465E+02	5.23000E+08
10	1	1	5	2	1	3.038516E+02	1.43000E+08
10	1	1	6	0	0	5.087635E+02	5.79383E+05
10	1	1	6	0	1	5.014894E+02	3.28000E+08
10	1	1	6	2	1	5.131574E+02	1.51000E+08
10	1	1	7	0	0	8.695577E+02	4.37396E+05
10	1	1	7	0	1	8.562817E+02	2.22000E+08
10	1	1	7	2	1	8.808464E+02	1.37792E+08
10	1	1	8	0	0	1.609580E+03	3.48707E+05
10	1	1	8	0	1	1.579355E+03	1.58000E+08
10	1	1	8	2	1	1.621356E+03	1.27766E+08
10	1	1	9	0	0	3.859663E+03	2.89029E+05
10	1	1	9	0	1	3.739576E+03	1.14000E+08
10	1	1	9	2	1	3.838702E+03	1.21261E+08
10	2	0	2	1	0	3.819745E+01	4.50731E+09
10	2	0	3	1	0	9.044609E+01	3.23903E+09
10	2	0	4	1	0	1.741196E+02	1.69032E+09
10	2	0	4	3	0	1.737152E+02	3.00564E+07
10	2	0	5	1	0	3.048177E+02	9.51964E+08
10	2	0	5	3	0	3.042103E+02	4.63721E+07
10	2	0	6	1	0	5.149172E+02	6.03973E+08
10	2	0	6	3	0	5.139328E+02	5.42566E+07
10	2	0	7	1	0	8.813448E+02	4.04334E+08
10	2	0	7	3	0	8.899487E+02	5.86737E+07
10	2	0	8	1	0	1.638163E+03	2.85851E+08
10	2	0	8	3	0	1.644635E+03	6.25044E+07
10	2	0	9	1	0	3.984227E+03	2.05932E+08
10	2	0	9	3	0	3.942962E+03	6.68277E+07
10	2	1	2	1	1	3.728303E+01	5.43647E+09
10	2	1	3	1	1	8.904326E+01	3.47217E+09
10	2	1	4	1	1	1.720370E+02	1.73186E+09
10	2	1	4	3	1	1.738157E+02	3.00564E+07
10	2	1	5	1	1	3.017381E+02	9.48594E+08
10	2	1	5	3	1	3.045195E+02	4.63721E+07
10	2	1	6	1	1	5.102401E+02	5.91490E+08
10	2	1	6	3	1	5.148186E+02	5.42566E+07
10	2	1	7	1	1	8.737198E+02	3.88584E+08
10	2	1	7	3	1	8.865797E+02	5.86737E+07
10	2	1	8	1	1	1.623583E+03	2.69022E+08
10	2	1	8	3	1	1.639081E+03	6.25044E+07
10	2	1	9	1	1	3.939773E+03	1.87181E+08
10	2	1	9	3	1	3.933066E+03	6.68277E+07
10	3	0	3	2	0	9.014701E+01	3.56106E+09
10	3	0	4	2	0	1.736844E+02	2.18810E+09
10	3	0	5	2	0	3.041454E+02	1.31582E+09
10	3	0	5	4	0	3.094554E+02	9.11319E+06
10	3	0	6	2	0	5.137767E+02	8.36231E+08
10	3	0	6	4	0	5.218143E+02	1.82087E+07
10	3	0	7	2	0	8.884814E+02	5.61527E+08
10	3	0	7	4	0	8.900123E+02	2.61814E+07
10	3	0	8	2	0	1.640355E+03	3.93397E+08
10	3	0	8	4	0	1.644435E+03	3.39790E+07
10	3	0	9	2	0	3.921323E+03	2.76985E+08
10	3	0	9	4	0	3.940140E+03	4.27777E+07
10	3	1	3	2	1	9.011566E+01	3.56106E+09
10	3	1	4	2	1	1.736625E+02	2.18810E+09
10	3	1	5	2	1	3.042275E+02	1.31582E+09
10	3	1	5	4	1	3.082363E+02	9.11319E+06
10	3	1	6	2	1	5.142302E+02	8.36231E+08
10	3	1	6	4	1	5.198696E+02	1.82087E+07
10	3	1	7	2	1	8.840122E+02	5.61527E+08
10	3	1	7	4	1	8.868894E+02	2.61814E+07
10	3	1	8	2	1	1.632115E+03	3.93397E+08
10	3	1	8	4	1	1.639102E+03	3.39790E+07
10	3	1	9	2	1	3.899562E+03	2.76985E+08
10	3	1	9	4	1	3.929453E+03	4.27777E+07
10	4	0	4	3	0	1.736849E+02	1.54364E+09
10	4	0	5	3	0	3.041176E+02	1.33964E+09
10	4	0	6	3	0	5.136684E+02	9.83698E+08
10	4	0	6	5	0	5.218824E+02	3.75517E+06
10	4	0	7	3	0	8.891561E+02	7.08098E+08
10	4	0	7	5	0	8.900876E+02	9.43856E+06
10	4	0	8	3	0	1.641930E+03	5.13222E+08
10	4	0	8	5	0	1.644421E+03	1.66404E+07
10	4	0	9	3	0	3.927452E+03	3.65564E+08
10	4	0	9	5	0	3.938974E+03	2.61971E+07
10	4	1	4	3	1	1.737700E+02	1.54364E+09
10	4	1	5	3	1	3.043796E+02	1.33964E+09
10	4	1	6	3	1	5.144187E+02	9.83698E+08
10	4	1	6	5	1	5.200744E+02	3.75517E+06
10	4	1	7	3	1	8.853944E+02	7.08098E+08
10	4	1	7	5	1	8.871425E+02	9.43856E+06
10	4	1	8	3	1	1.635034E+03	5.13222E+08
10	4	1	8	5	1	1.639293E+03	1.66404E+07
10	4	1	9	3	1	3.909847E+03	3.65564E+08
10	4	1	9	5	1	3.928124E+03	2.61971E+07
10	5	0	5	4	0	3.093966E+02	8.11902E+08
10	5	0	6	4	0	5.216471E+02	9.12506E+08
10	5	0	7	4	0	8.895263E+02	7.88754E+08
10	5	0	7	6	0	8.901545E+02	2.10233E+06
10	5	0	8	4	0	1.642777E+03	6.29330E+08
10	5	0	8	6	0	1.644460E+03	6.64701E+06
10	5	0	9	4	0	3.930632E+03	4.72155E+08
10	5	0	9	6	0	3.938432E+03	1.46424E+07
10	5	1	5	4	1	3.081486E+02	8.11902E+08
10	5	1	6	4	1	5.196202E+02	9.12506E+08
10	5	1	7	4	1	8.861637E+02	7.88754E+08
10	5	1	7	6	1	8.873417E+02	2.10233E+06
10	5	1	8	4	1	1.636625E+03	6.29330E+08
10	5	1	8	6	1	1.639501E+03	6.64701E+06
10	5	1	9	4	1	3.915248E+03	4.72155E+08
10	5	1	9	6	1	3.927611E+03	1.46424E+07
10	6	0	6	5	0	5.217691E+02	5.26446E+08
10	6	0	7	5	0	8.897581E+02	7.25221E+08
10	6	0	8	5	0	1.643297E+03	7.14525E+08
10	6	0	8	7	0	1.644512E+03	1.68599E+06
10	6	0	9	5	0	3.932530E+03	6.01618E+08
10	6	0	9	7	0	3.938168E+03	6.88666E+06
10	6	1	6	5	1	5.199055E+02	5.26446E+08
10	6	1	7	5	1	8.866510E+02	7.25221E+08
10	6	1	8	5	1	1.637616E+03	7.14525E+08
10	6	1	8	7	1	1.639691E+03	1.68599E+06
10	6	1	9	5	1	3.918507E+03	6.01618E+08
10	6	1	9	7	1	3.927439E+03	6.88666E+06
10	7	0	7	6	0	8.899161E+02	4.42400E+08
10	7	0	8	6	0	1.643647E+03	7.15400E+08
10	7	0	9	6	0	3.933771E+03	7.59362E+08
10	7	0	9	8	0	3.938039E+03	2.17591E+06
10	7	1	7	6	1	8.869863E+02	4.42400E+08
10	7	1	8	6	1	1.638289E+03	7.15400E+08
10	7	1	9	6	1	3.920659E+03	7.59362E+08
10	7	1	9	8	1	3.927419E+03	2.17591E+06
10	8	0	8	7	0	1.643896E+03	5.34379E+08
10	8	0	9	7	0	3.934637E+03	9.51743E+08
10	8	1	8	7	1	1.638773E+03	5.34379E+08
10	8	1	9	7	1	3.922175E+03	9.51743E+08
10	9	0	9	8	0	3.935271E+03	1.18638E+09
10	9	1	9	8	1	3.923293E+03	1.18638E+09
11	0	0	2	1	0	3.793093E+01	9.72939E+08
11	0	0	2	1	1	3.702445E+01	3.60651E+06
11	0	0	3	1	0	8.896592E+01	7.73818E+08
11	0	0	3	1	1	8.758237E+01	9.30649E+05
11	0	0	4	1	0	1.687158E+02	5.56525E+08
11	0	0	4	1	1	1.666658E+02	7.20455E+05
11	0	0	5	1	0	2.886337E+02	4.06833E+08
11	0	0	5	1	1	2.855952E+02	5.57734E+05
11	0	0	6	1	0	4.703650E+02	3.17266E+08
11	0	0	6	1	1	4.657253E+02	4.31766E+05
11	0	0	7	1	0	7.583924E+02	2.52459E+08
11	0	0	7	1	1	7.508304E+02	3.34248E+05
11	0	0	8	1	0	1.258830E+03	2.08663E+08
11	0	0	8	1	1	1.244945E+03	2.58755E+05
11	0	0	9	1	0	2.299175E+03	1.79166E+08
11	0	0	9	1	1	2.266810E+03	2.00313E+05
11	0	1	2	1	1	3.703116E+01	9.99690E+08
11	0	1	3	1	1	8.761997E+01	8.03461E+08
11	0	1	4	1	1	1.668020E+02	5.77756E+08
11	0	1	5	1	1	2.859954E+02	4.21270E+08
11	0	1	6	1	1	4.667904E+02	3.29040E+08
11	0	1	7	1	1	7.536027E+02	2.61461E+08
11	0	1	8	1	1	1.252585E+03	2.15920E+08
11	0	1	9	1	1	2.292268E+03	1.85389E+08
11	1	0	1	0	0	8.528437E+00	6.45632E+10
11	1	0	2	0	0	3.707195E+01	4.90215E+09
11	1	0	2	1	0	3.792557E+01	5.81422E+05
11	1	0	3	0	0	8.756202E+01	1.50775E+09
11	1	0	3	2	0	8.865220E+01	7.27777E+07
11	1	0	4	0	0	1.665299E+02	6.94276E+08
11	1	0	4	2	0	1.682194E+02	9.49472E+07
11	1	0	5	0	0	2.852167E+02	3.82813E+08
11	1	0	5	2	0	2.877742E+02	9.43001E+07
11	1	0	6	0	0	4.647734E+02	2.44722E+08
11	1	0	6	2	0	4.687318E+02	8.91577E+07
11	1	0	7	0	0	7.484771E+02	1.66098E+08
11	1	0	7	2	0	7.618692E+02	8.11588E+07
11	1	0	8	0	0	1.238672E+03	1.19615E+08
11	1	0	8	2	0	1.255226E+03	7.44015E+07
11	1	0	9	0	0	2.246554E+03	8.98043E+07
11	1	0	9	2	0	2.262130E+03	6.95405E+07
11	1	1	1	0	0	8.528662E+00	1.07043E+08
11	1	1	2	0	0	3.707621E+01	7.05901E+06
11	1	1	2	0	1	3.584487E+01	5.08011E+09
11	1	1	2	1	1	3.702359E+01	6.10978E+05
11	1	1	3	0	0	8.758582E+01	2.11652E+06
11	1	1	3	0	1	8.574694E+01	1.90249E+09
11	1	1	3	2	1	8.862224E+01	9.44539E+07
11	1	1	4	0	0	1.666160E+02	1.03224E+06
11	1	1	4	0	1	1.639067E+02	8.10870E+08
11	1	1	4	2	1	1.682003E+02	1.19207E+08
11	1	1	5	0	0	2.854693E+02	6.32368E+05
11	1	1	5	0	1	2.814671E+02	3.86362E+08
11	1	1	5	2	1	2.878515E+02	1.15511E+08
11	1	1	6	0	0	4.654446E+02	4.40432E+05
11	1	1	6	0	1	4.593491E+02	2.45760E+08
11	1	1	6	2	1	4.691194E+02	1.07210E+08
11	1	1	7	0	0	7.502193E+02	3.32497E+05
11	1	1	7	0	1	7.403165E+02	1.66190E+08
11	1	1	7	2	1	7.586072E+02	9.64721E+07
11	1	1	8	0	0	1.243451E+03	2.65078E+05
11	1	1	8	0	1	1.225335E+03	1.19280E+08
11	1	1	8	2	1	1.250467E+03	8.77642E+07
11	1	1	9	0	0	2.262323E+03	2.19713E+05
11	1	1	9	0	1	2.220527E+03	8.92183E+07
11	1	1	9	2	1	2.255105E+03	8.17766E+07
11	2	0	2	1	0	3.792399E+01	3.01902E+09
11	2	0	3	1	0	8.892775E+01	2.34459E+09
11	2	0	4	1	0	1.685785E+02	1.24585E+09
11	2	0	4	3	0	1.681994E+02	2.17001E+07
11	2	0	5	1	0	2.882323E+02	7.06812E+08
11	2	0	5	3	0	2.876892E+02	3.30014E+07
11	2	0	6	1	0	4.693000E+02	4.49333E+08
11	2	0	6	3	0	4.684821E+02	3.79076E+07
11	2	0	7	1	0	7.556276E+02	3.01403E+08
11	2	0	7	3	0	7.619432E+02	4.00134E+07
11	2	0	8	1	0	1.251231E+03	2.13978E+08
11	2	0	8	3	0	1.255003E+03	4.12859E+07
11	2	0	9	1	0	2.273951E+03	1.58580E+08
11	2	0	9	3	0	2.260449E+03	4.28559E+07
11	2	1	2	1	1	3.702142E+01	3.68861E+09
11	2	1	3	1	1	8.756542E+01	2.52683E+09
11	2	1	4	1	1	1.666044E+02	1.28234E+09
11	2	1	4	3	1	1.682720E+02	2.17001E+07
11	2	1	5	1	1	2.854150E+02	7.07816E+08
11	2	1	5	3	1	2.879024E+02	3.30014E+07
11	2	1	6	1	1	4.652464E+02	4.42619E+08
11	2	1	6	3	1	4.690500E+02	3.79076E+07
11	2	1	7	1	1	7.495865E+02	2.91995E+08
11	2	1	7	3	1	7.590321E+02	4.00134E+07
11	2	1	8	1	1	1.241528E+03	2.03997E+08
11	2	1	8	3	1	1.250570E+03	4.12859E+07
11	2	1	9	1	1	2.255509E+03	1.48344E+08
11	2	1	9	3	1	2.253310E+03	4.28559E+07
11	3	0	3	2	0	8.863943E+01	2.61224E+09
11	3	0	4	2	0	1.681735E+02	1.60688E+09
11	3	0	5	2	0	2.876398E+02	9.67507E+08
11	3	0	5	4	0	2.923846E+02	6.28153E+06
11	3	0	6	2	0	4.683752E+02	6.15842E+08
11	3	0	6	4	0	4.750458E+02	1.22447E+07
11	3	0	7	2	0	7.609277E+02	4.14668E+08
11	3	0	7	4	0	7.620503E+02	1.70461E+07
11	3	0	8	2	0	1.252672E+03	2.92694E+08
11	3	0	8	4	0	1.255050E+03	2.11854E+07
11	3	0	9	2	0	2.253849E+03	2.13945E+08
11	3	0	9	4	0	2.260053E+03	2.54251E+07
11	3	1	3	2	1	8.860384E+01	2.61224E+09
11	3	1	4	2	1	1.681340E+02	1.60688E+09
11	3	1	5	2	1	2.876575E+02	9.67507E+08
11	3	1	5	4	1	2.912390E+02	6.28153E+06
11	3	1	6	2	1	4.686044E+02	6.15842E+08
11	3	1	6	4	1	4.732829E+02	1.22447E+07
11	3	1	7	2	1	7.572615E+02	4.14668E+08
11	3	1	7	4	1	7.593718E+02	1.70461E+07
11	3	1	8	2	1	1.246815E+03	2.92694E+08
11	3	1	8	4	1	1.250889E+03	2.11854E+07
11	3	1	9	2	1	2.243255E+03	2.13945E+08
11	3	1	9	4	1	2.253115E+03	2.54251E+07
11	4	0	4	3	0	1.681758E+02	1.09733E+09
11	4	0	5	3	0	2.876199E+02	9.53910E+08
11	4	0	6	3	0	4.682984E+02	7.02131E+08
11	4	0	6	5	0	4.751159E+02	2.39625E+06
11	4	0	7	3	0	7.614574E+02	5.07514E+08
11	4	0	7	5	0	7.621405E+02	5.77992E+06
11	4	0	8	3	0	1.253685E+03	3.71545E+08
11	4	0	8	5	0	1.255137E+03	9.63607E+06
11	4	0	9	3	0	2.256179E+03	2.76164E+08
11	4	0	9	5	0	2.259977E+03	1.41695E+07
11	4	1	4	3	1	1.682380E+02	1.09733E+09
11	4	1	5	3	1	2.878029E+02	9.53910E+08
11	4	1	6	3	1	4.687859E+02	7.02131E+08
11	4	1	6	5	1	4.734781E+02	2.39625E+06
11	4	1	7	3	1	7.583407E+02	5.07514E+08
11	4	1	7	5	1	7.596226E+02	5.77992E+06
11	4	1	8	3	1	1.248695E+03	3.71545E+08
11	4	1	8	5	1	1.251177E+03	9.63607E+06
11	4	1	9	3	1	2.247227E+03	2.76164E+08
11	4	1	9	5	1	2.253252E+03	1.41695E+07
11	5	0	5	4	0	2.923406E+02	5.46511E+08
11	5	0	6	4	0	4.749298E+02	6.15974E+08
11	5	0	7	4	0	7.617517E+02	5.35125E+08
11	5	0	7	6	0	7.622124E+02	1.18449E+06
11	5	0	8	4	0	1.254241E+03	4.32026E+08
11	5	0	8	6	0	1.255222E+03	3.49356E+06
11	5	0	9	4	0	2.257429E+03	3.39543E+08
11	5	0	9	6	0	2.260000E+03	7.02916E+06
11	5	1	5	4	1	2.911766E+02	5.46511E+08
11	5	1	6	4	1	4.731181E+02	6.15974E+08
11	5	1	7	4	1	7.589475E+02	5.35125E+08
11	5	1	7	6	1	7.598114E+02	1.18449E+06
11	5	1	8	4	1	1.249738E+03	4.32026E+08
11	5	1	8	6	1	1.251414E+03	3.49356E+06
11	5	1	9	4	1	2.249384E+03	3.39543E+08
11	5	1	9	6	1	2.253459E+03	7.02916E+06
11	6	0	6	5	0	4.750372E+02	3.23763E+08
11	6	0	7	5	0	7.619378E+02	4.48491E+08
11	6	0	8	5	0	1.254588E+03	4.47630E+08
11	6	0	8	7	0	1.255296E+03	7.76418E+05
11	6	0	9	5	0	2.258196E+03	3.95920E+08
11	6	0	9	7	0	2.260054E+03	2.82743E+06
11	6	1	6	5	1	4.733663E+02	3.23763E+08
11	6	1	7	5	1	7.593349E+02	4.48491E+08
11	6	1	8	5	1	1.250397E+03	4.47630E+08
11	6	1	8	7	1	1.251606E+03	7.76418E+05
11	6	1	9	5	1	2.250723E+03	3.95920E+08
11	6	1	9	7	1	2.253667E+03	2.82743E+06
11	7	0	7	6	0	7.620656E+02	2.34489E+08
11	7	0	8	6	0	1.254824E+03	3.84384E+08
11	7	0	9	6	0	2.258710E+03	4.29391E+08
11	7	0	9	8	0	2.260117E+03	7.19347E+05
11	7	1	7	6	1	7.596031E+02	2.34489E+08
11	7	1	8	6	1	1.250849E+03	3.84384E+08
11	7	1	9	6	1	2.251629E+03	4.29391E+08
11	7	1	9	8	1	2.253856E+03	7.19347E+05
11	8	0	8	7	0	1.254994E+03	2.19422E+08
11	8	0	9	7	0	2.259077E+03	4.11722E+08
11	8	1	8	7	1	1.251178E+03	2.19422E+08
11	8	1	9	7	1	2.252280E+03	4.11722E+08
11	9	0	9	8	0	2.259350E+03	2.94977E+08
11	9	1	9	8	1	2.252769E+03	2.94977E+08
12	0	0	2	1	0	3.772376E+01	7.05394E+08
12	0	0	2	1	1	3.682703E+01	2.75123E+06
12	0	0	3	1	0	8.783451E+01	5.73866E+08
12	0	0	3	1	1	8.648566E+01	7.09947E+05
12	0	0	4	1	0	1.646927E+02	4.16147E+08
12	0	0	4	1	1	1.627387E+02	5.49600E+05
12	0	0	5	1	0	2.770554E+02	3.05074E+08
12	0	0	5	1	1	2.742546E+02	4.25468E+05
12	0	0	6	1	0	4.403742E+02	2.37380E+08
12	0	0	6	1	1	4.363047E+02	3.29373E+05
12	0	0	7	1	0	6.833559E+02	1.87939E+08
12	0	0	7	1	1	6.772103E+02	2.54981E+05
12	0	0	8	1	0	1.064763E+03	1.53922E+08
12	0	0	8	1	1	1.054812E+03	1.97392E+05
12	0	0	9	1	0	1.724952E+03	1.30358E+08
12	0	0	9	1	1	1.706670E+03	1.52809E+05
12	0	1	2	1	1	3.683209E+01	7.23780E+08
12	0	1	3	1	1	8.651360E+01	5.95418E+08
12	0	1	4	1	1	1.628377E+02	4.31766E+08
12	0	1	5	1	1	2.745358E+02	3.15730E+08
12	0	1	6	1	1	4.370168E+02	2.46013E+08
12	0	1	7	1	1	6.789274E+02	1.94483E+08
12	0	1	8	1	1	1.058984E+03	1.59115E+08
12	0	1	9	1	1	1.717618E+03	1.34677E+08
12	1	0	1	0	0	8.517964E+00	4.92993E+10
12	1	0	2	0	0	3.687487E+01	3.81255E+09
12	1	0	2	1	0	3.771933E+01	4.52773E+05
12	1	0	3	0	0	8.647046E+01	1.15613E+09
12	1	0	3	2	0	8.753346E+01	5.14177E+07
12	1	0	4	0	0	1.626256E+02	5.33387E+08
12	1	0	4	2	0	1.642364E+02	6.88406E+07
12	1	0	5	0	0	2.739521E+02	2.94458E+08
12	1	0	5	2	0	2.763108E+02	6.90204E+07
12	1	0	6	0	0	4.355869E+02	1.88094E+08
12	1	0	6	2	0	4.390619E+02	6.52465E+07
12	1	0	7	0	0	6.755784E+02	1.27624E+08
12	1	0	7	2	0	6.864699E+02	5.90776E+07
12	1	0	8	0	0	1.050991E+03	9.19058E+07
12	1	0	8	2	0	1.062884E+03	5.35659E+07
12	1	0	9	0	0	1.696948E+03	6.92736E+07
12	1	0	9	2	0	1.705820E+03	4.92555E+07
12	1	1	1	0	0	8.518140E+00	8.33376E+07
12	1	1	2	0	0	3.687817E+01	5.49574E+06
12	1	1	2	0	1	3.565972E+01	3.95302E+09
12	1	1	2	1	1	3.682610E+01	4.75697E+05
12	1	1	3	0	0	8.648860E+01	1.64780E+06
12	1	1	3	0	1	8.469504E+01	1.50783E+09
12	1	1	3	2	1	8.749906E+01	6.68312E+07
12	1	1	4	0	0	1.626898E+02	8.03643E+05
12	1	1	4	0	1	1.601056E+02	6.45741E+08
12	1	1	4	2	1	1.641999E+02	8.65856E+07
12	1	1	5	0	0	2.741343E+02	4.92325E+05
12	1	1	5	0	1	2.704415E+02	2.97178E+08
12	1	1	5	2	1	2.763303E+02	8.46478E+07
12	1	1	6	0	0	4.360476E+02	3.42895E+05
12	1	1	6	0	1	4.306934E+02	1.88914E+08
12	1	1	6	2	1	4.392713E+02	7.85199E+07
12	1	1	7	0	0	6.766873E+02	2.58863E+05
12	1	1	7	0	1	6.686201E+02	1.27737E+08
12	1	1	7	2	1	6.835040E+02	7.02420E+07
12	1	1	8	0	0	1.053677E+03	2.06374E+05
12	1	1	8	0	1	1.040640E+03	9.17154E+07
12	1	1	8	2	1	1.058711E+03	6.31410E+07
12	1	1	9	0	0	1.703962E+03	1.71056E+05
12	1	1	9	0	1	1.680143E+03	6.89318E+07
12	1	1	9	2	1	1.699864E+03	5.77324E+07
12	2	0	2	1	0	3.771802E+01	2.07815E+09
12	2	0	3	1	0	8.780342E+01	1.74305E+09
12	2	0	4	1	0	1.645834E+02	9.42519E+08
12	2	0	4	3	0	1.642220E+02	1.62205E+07
12	2	0	5	1	0	2.767463E+02	5.38309E+08
12	2	0	5	3	0	2.762456E+02	2.44091E+07
12	2	0	6	1	0	4.395937E+02	3.42862E+08
12	2	0	6	3	0	4.388760E+02	2.76694E+07
12	2	0	7	1	0	6.814785E+02	2.30231E+08
12	2	0	7	3	0	6.866112E+02	2.87164E+07
12	2	0	8	1	0	1.060212E+03	1.63541E+08
12	2	0	8	3	0	1.062919E+03	2.89787E+07
12	2	0	9	1	0	1.713040E+03	1.21543E+08
12	2	0	9	3	0	1.705366E+03	2.92171E+07
12	2	1	2	1	1	3.682437E+01	2.57247E+09
12	2	1	3	1	1	8.647097E+01	1.88776E+09
12	2	1	4	1	1	1.626867E+02	9.73964E+08
12	2	1	4	3	1	1.642764E+02	1.62205E+07
12	2	1	5	1	1	2.741069E+02	5.41244E+08
12	2	1	5	3	1	2.764004E+02	2.44091E+07
12	2	1	6	1	1	4.359312E+02	3.39235E+08
12	2	1	6	3	1	4.392689E+02	2.76694E+07
12	2	1	7	1	1	6.763108E+02	2.24288E+08
12	2	1	7	3	1	6.839905E+02	2.87164E+07
12	2	1	8	1	1	1.052631E+03	1.57127E+08
12	2	1	8	3	1	1.059124E+03	2.89787E+07
12	2	1	9	1	1	1.700969E+03	1.15136E+08
12	2	1	9	3	1	1.699718E+03	2.92171E+07
12	3	0	3	2	0	8.752296E+01	1.97617E+09
12	3	0	4	2	0	1.641995E+02	1.21654E+09
12	3	0	5	2	0	2.762062E+02	7.33036E+08
12	3	0	5	4	0	2.805784E+02	4.53716E+06
12	3	0	6	2	0	4.387978E+02	4.66961E+08
12	3	0	6	4	0	4.446473E+02	8.69026E+06
12	3	0	7	2	0	6.858246E+02	3.14732E+08
12	3	0	7	4	0	6.867364E+02	1.18310E+07
12	3	0	8	2	0	1.061338E+03	2.22586E+08
12	3	0	8	4	0	1.063045E+03	1.42808E+07
12	3	0	9	2	0	1.701841E+03	1.63736E+08
12	3	0	9	4	0	1.705376E+03	1.64841E+07
12	3	1	3	2	1	8.748454E+01	1.97617E+09
12	3	1	4	2	1	1.641488E+02	1.21654E+09
12	3	1	5	2	1	2.761855E+02	7.33036E+08
12	3	1	5	4	1	2.794854E+02	4.53716E+06
12	3	1	6	2	1	4.389054E+02	4.66961E+08
12	3	1	6	4	1	4.430071E+02	8.69026E+06
12	3	1	7	2	1	6.826185E+02	3.14732E+08
12	3	1	7	4	1	6.843328E+02	1.18310E+07
12	3	1	8	2	1	1.056588E+03	2.22586E+08
12	3	1	8	4	1	1.059512E+03	1.42808E+07
12	3	1	9	2	1	1.694398E+03	1.63736E+08
12	3	1	9	4	1	1.700017E+03	1.64841E+07
12	4	0	4	3	0	1.642029E+02	8.11024E+08
12	4	0	5	3	0	2.761915E+02	7.05781E+08
12	4	0	6	3	0	4.387395E+02	5.20190E+08
12	4	0	6	5	0	4.447180E+02	1.63686E+06
12	4	0	7	3	0	6.862771E+02	3.76718E+08
12	4	0	7	5	0	6.868319E+02	3.83877E+06
12	4	0	8	3	0	1.062118E+03	2.76740E+08
12	4	0	8	5	0	1.063160E+03	6.16830E+06
12	4	0	9	3	0	1.703306E+03	2.07540E+08
12	4	0	9	5	0	1.705470E+03	8.62946E+06
12	4	1	4	3	1	1.642501E+02	8.11024E+08
12	4	1	5	3	1	2.763258E+02	7.05781E+08
12	4	1	6	3	1	4.390805E+02	5.20190E+08
12	4	1	6	5	1	4.431942E+02	1.63686E+06
12	4	1	7	3	1	6.835338E+02	3.76718E+08
12	4	1	7	5	1	6.845752E+02	3.83877E+06
12	4	1	8	3	1	1.058030E+03	2.76740E+08
12	4	1	8	5	1	1.059811E+03	6.16830E+06
12	4	1	9	3	1	1.696900E+03	2.07540E+08
12	4	1	9	5	1	1.700334E+03	8.62946E+06
12	5	0	5	4	0	2.805440E+02	3.88206E+08
12	5	0	6	4	0	4.445610E+02	4.38270E+08
12	5	0	7	4	0	6.865307E+02	3.81690E+08
12	5	0	7	6	0	6.869048E+02	7.41441E+05
12	5	0	8	4	0	1.062552E+03	3.09532E+08
12	5	0	8	6	0	1.063256E+03	2.09059E+06
12	5	0	9	4	0	1.704108E+03	2.45918E+08
12	5	0	9	6	0	1.705572E+03	3.95502E+06
12	5	1	5	4	1	2.794385E+02	3.88206E+08
12	5	1	6	4	1	4.428894E+02	4.38270E+08
12	5	1	7	4	1	6.840520E+02	3.81690E+08
12	5	1	7	6	1	6.847537E+02	7.41441E+05
12	5	1	8	4	1	1.058839E+03	3.09532E+08
12	5	1	8	6	1	1.060042E+03	2.09059E+06
12	5	1	9	4	1	1.698286E+03	2.45918E+08
12	5	1	9	6	1	1.700608E+03	3.95502E+06
12	6	0	6	5	0	4.446594E+02	2.15764E+08
12	6	0	7	5	0	6.866920E+02	2.99728E+08
12	6	0	8	5	0	1.062825E+03	3.00692E+08
12	6	0	8	7	0	1.063333E+03	4.24465E+05
12	6	0	9	5	0	1.704608E+03	2.69213E+08
12	6	0	9	7	0	1.705666E+03	1.43532E+06
12	6	1	6	5	1	4.431143E+02	2.15764E+08
12	6	1	7	5	1	6.843846E+02	2.99728E+08
12	6	1	8	5	1	1.059355E+03	3.00692E+08
12	6	1	8	7	1	1.060222E+03	4.24465E+05
12	6	1	9	5	1	1.699159E+03	2.69213E+08
12	6	1	9	7	1	1.700836E+03	1.43532E+06
12	7	0	7	6	0	6.868034E+02	1.41345E+08
12	7	0	8	6	0	1.063013E+03	2.32984E+08
12	7	0	9	6	0	1.704948E+03	2.63686E+08
12	7	0	9	8	0	1.705749E+03	3.17780E+05
12	7	1	7	6	1	6.846157E+02	1.41345E+08
12	7	1	8	6	1	1.059711E+03	2.32984E+08
12	7	1	9	6	1	1.699756E+03	2.63686E+08
12	7	1	9	8	1	1.701026E+03	3.17780E+05
12	8	0	8	7	0	1.063149E+03	1.12772E+08
12	8	0	9	7	0	1.705193E+03	2.14501E+08
12	8	1	8	7	1	1.059972E+03	1.12772E+08
12	8	1	9	7	1	1.700190E+03	2.14501E+08
12	9	0	9	8	0	1.705377E+03	1.16121E+08
12	9	1	9	8	1	1.700519E+03	1.16121E+08
13	0	0	2	1	0	3.756364E+01	5.23146E+08
13	0	0	2	1	1	3.667442E+01	2.14477E+06
13	0	0	3	1	0	8.697134E+01	4.35103E+08
13	0	0	3	1	1	8.564867E+01	5.53453E+05
13	0	0	4	1	0	1.616838E+02	3.18177E+08
13	0	0	4	1	1	1.598002E+02	4.28451E+05
13	0	0	5	1	0	2.686453E+02	2.34044E+08
13	0	0	5	1	1	2.660111E+02	3.31682E+05
13	0	0	6	1	0	4.195000E+02	1.81980E+08
13	0	0	6	1	1	4.158055E+02	2.56769E+05
13	0	0	7	1	0	6.343727E+02	1.43654E+08
13	0	0	7	1	1	6.290731E+02	1.98776E+05
13	0	0	8	1	0	9.504163E+02	1.16959E+08
13	0	0	8	1	1	9.424800E+02	1.53881E+05
13	0	0	9	1	0	1.443584E+03	9.81061E+07
13	0	0	9	1	1	1.430757E+03	1.19126E+05
13	0	1	2	1	1	3.667833E+01	5.36096E+08
13	0	1	3	1	1	8.567002E+01	4.51159E+08
13	0	1	4	1	1	1.598746E+02	3.29950E+08
13	0	1	5	1	1	2.662172E+02	2.42106E+08
13	0	1	6	1	1	4.163094E+02	1.88488E+08
13	0	1	7	1	1	6.302270E+02	1.48563E+08
13	0	1	8	1	1	9.450726E+02	1.20816E+08
13	0	1	9	1	1	1.436741E+03	1.01261E+08
13	1	0	1	0	0	8.509808E+00	3.84661E+10
13	1	0	2	0	0	3.672252E+01	3.02543E+09
13	1	0	2	1	0	3.755994E+01	3.59151E+05
13	1	0	3	0	0	8.563731E+01	9.05003E+08
13	1	0	3	2	0	8.667980E+01	3.71842E+07
13	1	0	4	0	0	1.597035E+02	4.18223E+08
13	1	0	4	2	0	1.612567E+02	5.11110E+07
13	1	0	5	0	0	2.657607E+02	2.31088E+08
13	1	0	5	2	0	2.679799E+02	5.17847E+07
13	1	0	6	0	0	4.152370E+02	1.47520E+08
13	1	0	6	2	0	4.183937E+02	4.90538E+07
13	1	0	7	0	0	6.278555E+02	1.00044E+08
13	1	0	7	2	0	6.372519E+02	4.43122E+07
13	1	0	8	0	0	9.398557E+02	7.19805E+07
13	1	0	8	2	0	9.493553E+02	3.99077E+07
13	1	0	9	0	0	1.424901E+03	5.42184E+07
13	1	0	9	2	0	1.431151E+03	3.62780E+07
13	1	1	1	0	0	8.509948E+00	6.61958E+07
13	1	1	2	0	0	3.672512E+01	4.36531E+06
13	1	1	2	0	1	3.551661E+01	3.13841E+09
13	1	1	2	1	1	3.667349E+01	3.77277E+05
13	1	1	3	0	0	8.565149E+01	1.30886E+06
13	1	1	3	0	1	8.389213E+01	1.21749E+09
13	1	1	3	2	1	8.664238E+01	4.83925E+07
13	1	1	4	0	0	1.597528E+02	6.38341E+05
13	1	1	4	0	1	1.572604E+02	5.23704E+08
13	1	1	4	2	1	1.612087E+02	6.44008E+07
13	1	1	5	0	0	2.658974E+02	3.91058E+05
13	1	1	5	0	1	2.624218E+02	2.33215E+08
13	1	1	5	2	1	2.679629E+02	6.35897E+07
13	1	1	6	0	0	4.155707E+02	2.72365E+05
13	1	1	6	0	1	4.107047E+02	1.48170E+08
13	1	1	6	2	1	4.184977E+02	5.90855E+07
13	1	1	7	0	0	6.286187E+02	2.05617E+05
13	1	1	7	0	1	6.216511E+02	1.00151E+08
13	1	1	7	2	1	6.344971E+02	5.27130E+07
13	1	1	8	0	0	9.415668E+02	1.63925E+05
13	1	1	8	0	1	9.311425E+02	7.18598E+07
13	1	1	8	2	1	9.455844E+02	4.70416E+07
13	1	1	9	0	0	1.428838E+03	1.35871E+05
13	1	1	9	0	1	1.412051E+03	5.39935E+07
13	1	1	9	2	1	1.425955E+03	4.24801E+07
13	2	0	2	1	0	3.755883E+01	1.46322E+09
13	2	0	3	1	0	8.694555E+01	1.32497E+09
13	2	0	4	1	0	1.615947E+02	7.28769E+08
13	2	0	4	3	0	1.612463E+02	1.24655E+07
13	2	0	5	1	0	2.683994E+02	4.18857E+08
13	2	0	5	3	0	2.679283E+02	1.86092E+07
13	2	0	6	1	0	4.189006E+02	2.67293E+08
13	2	0	6	3	0	4.182488E+02	2.08885E+07
13	2	0	7	1	0	6.330030E+02	1.79643E+08
13	2	0	7	3	0	6.374291E+02	2.14139E+07
13	2	0	8	1	0	9.473453E+02	1.27598E+08
13	2	0	8	3	0	9.495060E+02	2.12720E+07
13	2	0	9	1	0	1.436511E+03	9.47900E+07
13	2	0	9	3	0	1.431111E+03	2.10089E+07
13	2	1	2	1	1	3.667207E+01	1.83564E+09
13	2	1	3	1	1	8.563586E+01	1.44154E+09
13	2	1	4	1	1	1.597557E+02	7.55730E+08
13	2	1	4	3	1	1.612883E+02	1.24655E+07
13	2	1	5	1	1	2.658876E+02	4.22570E+08
13	2	1	5	3	1	2.680450E+02	1.86092E+07
13	2	1	6	1	1	4.155039E+02	2.65406E+08
13	2	1	6	3	1	4.185350E+02	2.08885E+07
13	2	1	7	1	1	6.283830E+02	1.75741E+08
13	2	1	7	3	1	6.350074E+02	2.14139E+07
13	2	1	8	1	1	9.409318E+02	1.23252E+08
13	2	1	8	3	1	9.461163E+02	2.12720E+07
13	2	1	9	1	1	1.427193E+03	9.04736E+07
13	2	1	9	3	1	1.426312E+03	2.10089E+07
13	3	0	3	2	0	8.667101E+01	1.53284E+09
13	3	0	4	2	0	1.612263E+02	9.44135E+08
13	3	0	5	2	0	2.678959E+02	5.69179E+08
13	3	0	5	4	0	2.720070E+02	3.39699E+06
13	3	0	6	2	0	4.181890E+02	3.62732E+08
13	3	0	6	4	0	4.234986E+02	6.42236E+06
13	3	0	7	2	0	6.367772E+02	2.44570E+08
13	3	0	7	4	0	6.375632E+02	8.60396E+06
13	3	0	8	2	0	9.483020E+02	1.73046E+08
13	3	0	8	4	0	9.496644E+02	1.01757E+07
13	3	0	9	2	0	1.428759E+03	1.27454E+08
13	3	0	9	4	0	1.431250E+03	1.14357E+07
13	3	1	3	2	1	8.663063E+01	1.53284E+09
13	3	1	4	2	1	1.611680E+02	9.44135E+08
13	3	1	5	2	1	2.678506E+02	5.69179E+08
13	3	1	5	4	1	2.709532E+02	3.39699E+06
13	3	1	6	2	1	4.182237E+02	3.62732E+08
13	3	1	6	4	1	4.219463E+02	6.42236E+06
13	3	1	7	2	1	6.338675E+02	2.44570E+08
13	3	1	7	4	1	6.353454E+02	8.60396E+06
13	3	1	8	2	1	9.441867E+02	1.73046E+08
13	3	1	8	4	1	9.465209E+02	1.01757E+07
13	3	1	9	2	1	1.422779E+03	1.27454E+08
13	3	1	9	4	1	1.426739E+03	1.14357E+07
13	4	0	4	3	0	1.612305E+02	6.17996E+08
13	4	0	5	3	0	2.678848E+02	5.38192E+08
13	4	0	6	3	0	4.181426E+02	3.96996E+08
13	4	0	6	5	0	4.235695E+02	1.17531E+06
13	4	0	7	3	0	6.371825E+02	2.87788E+08
13	4	0	7	5	0	6.376607E+02	2.70137E+06
13	4	0	8	3	0	9.489589E+02	2.11715E+08
13	4	0	8	5	0	9.497904E+02	4.23135E+06
13	4	0	9	3	0	1.429868E+03	1.59218E+08
13	4	0	9	5	0	1.431392E+03	5.72507E+06
13	4	1	4	3	1	1.612673E+02	6.17996E+08
13	4	1	5	3	1	2.679870E+02	5.38192E+08
13	4	1	6	3	1	4.183935E+02	3.96996E+08
13	4	1	6	5	1	4.221271E+02	1.17531E+06
13	4	1	7	3	1	6.346816E+02	2.87788E+08
13	4	1	7	5	1	6.355793E+02	2.70137E+06
13	4	1	8	3	1	9.453932E+02	2.11715E+08
13	4	1	8	5	1	9.468155E+02	4.23135E+06
13	4	1	9	3	1	1.424669E+03	1.59218E+08
13	4	1	9	5	1	1.427088E+03	5.72507E+06
13	5	0	5	4	0	2.719793E+02	2.87104E+08
13	5	0	6	4	0	4.234315E+02	3.24468E+08
13	5	0	7	4	0	6.374110E+02	2.82974E+08
13	5	0	7	6	0	6.377335E+02	4.99351E+05
13	5	0	8	4	0	9.493268E+02	2.29962E+08
13	5	0	8	6	0	9.498887E+02	1.36519E+06
13	5	0	9	4	0	1.430483E+03	1.83416E+08
13	5	0	9	6	0	1.431515E+03	2.47994E+06
13	5	1	5	4	1	2.709167E+02	2.87104E+08
13	5	1	6	4	1	4.218578E+02	3.24468E+08
13	5	1	7	4	1	6.351447E+02	2.82974E+08
13	5	1	7	6	1	6.357496E+02	4.99351E+05
13	5	1	8	4	1	9.460756E+02	2.29962E+08
13	5	1	8	6	1	9.470358E+02	1.36519E+06
13	5	1	9	4	1	1.425727E+03	1.83416E+08
13	5	1	9	6	1	1.427364E+03	2.47994E+06
13	6	0	6	5	0	4.235238E+02	1.52232E+08
13	6	0	7	5	0	6.375572E+02	2.11816E+08
13	6	0	8	5	0	9.495608E+02	2.13038E+08
13	6	0	8	7	0	9.499664E+02	2.59671E+05
13	6	0	9	5	0	1.430871E+03	1.91632E+08
13	6	0	9	7	0	1.431617E+03	8.36830E+05
13	6	1	6	5	1	4.220669E+02	1.52232E+08
13	6	1	7	5	1	6.354429E+02	2.11816E+08
13	6	1	8	5	1	9.465129E+02	2.13038E+08
13	6	1	8	7	1	9.472057E+02	2.59671E+05
13	6	1	9	5	1	1.426401E+03	1.91632E+08
13	6	1	9	7	1	1.427583E+03	8.36830E+05
13	7	0	7	6	0	6.376584E+02	9.28070E+07
13	7	0	8	6	0	9.497222E+02	1.53406E+08
13	7	0	9	6	0	1.431137E+03	1.74527E+08
13	7	0	9	8	0	1.431701E+03	1.68224E+05
13	7	1	7	6	1	6.356508E+02	9.28070E+07
13	7	1	8	6	1	9.468165E+02	1.53406E+08
13	7	1	9	6	1	1.426865E+03	1.74527E+08
13	7	1	9	8	1	1.427760E+03	1.68224E+05
13	8	0	8	7	0	9.498400E+02	6.63959E+07
13	8	0	9	7	0	1.431330E+03	1.26989E+08
13	8	1	8	7	1	9.470393E+02	6.63959E+07
13	8	1	9	7	1	1.427205E+03	1.26989E+08
13	9	0	9	8	0	1.431476E+03	5.77602E+07
13	9	1	9	8	1	1.427463E+03	5.77602E+07
14	0	0	2	1	0	3.743722E+01	3.95610E+08
14	0	0	2	1	1	3.655391E+01	1.70316E+06
14	0	0	3	1	0	8.629665E+01	3.36193E+08
14	0	0	3	1	1	8.499426E+01	4.39496E+05
14	0	0	4	1	0	1.593675E+02	2.47913E+08
14	0	0	4	1	1	1.575372E+02	3.40232E+05
14	0	0	5	1	0	2.623105E+02	1.83037E+08
14	0	0	5	1	1	2.597985E+02	2.63388E+05
14	0	0	6	1	0	4.042551E+02	1.42356E+08
14	0	0	6	1	1	4.008232E+02	2.03900E+05
14	0	0	7	1	0	6.001481E+02	1.12199E+08
14	0	0	7	1	1	5.954027E+02	1.57847E+05
14	0	0	8	1	0	8.756065E+02	9.10026E+07
14	0	0	8	1	1	8.688660E+02	1.22196E+05
14	0	0	9	1	0	1.277767E+03	7.58424E+07
14	0	0	9	1	1	1.267708E+03	9.45972E+04
14	0	1	2	1	1	3.655699E+01	4.04921E+08
14	0	1	3	1	1	8.501097E+01	3.48405E+08
14	0	1	4	1	1	1.575946E+02	2.56973E+08
14	0	1	5	1	1	2.599546E+02	1.89266E+08
14	0	1	6	1	1	4.011949E+02	1.47375E+08
14	0	1	7	1	1	5.962233E+02	1.15974E+08
14	0	1	8	1	1	8.706146E+02	9.39506E+07
14	0	1	9	1	1	1.271433E+03	7.82290E+07
14	1	0	1	0	0	8.503331E+00	3.05707E+10
14	1	0	2	0	0	3.660220E+01	2.44234E+09
14	1	0	2	1	0	3.743408E+01	2.89490E+05
14	1	0	3	0	0	8.498586E+01	7.21050E+08
14	1	0	3	2	0	8.601245E+01	2.74325E+07
14	1	0	4	0	0	1.574527E+02	3.33708E+08
14	1	0	4	2	0	1.589622E+02	3.87158E+07
14	1	0	5	0	0	2.595856E+02	1.84520E+08
14	1	0	5	2	0	2.617025E+02	3.96640E+07
14	1	0	6	0	0	4.003566E+02	1.17732E+08
14	1	0	6	2	0	4.032903E+02	3.77029E+07
14	1	0	7	0	0	5.944478E+02	7.98047E+07
14	1	0	7	2	0	6.028642E+02	3.40450E+07
14	1	0	8	0	0	8.669242E+02	5.73646E+07
14	1	0	8	2	0	8.750003E+02	3.05409E+07
14	1	0	9	0	0	1.263722E+03	4.31506E+07
14	1	0	9	2	0	1.268636E+03	2.75553E+07
14	1	1	1	0	0	8.503444E+00	5.34854E+07
14	1	1	2	0	0	3.660430E+01	3.52712E+06
14	1	1	2	0	1	3.540359E+01	2.53467E+09
14	1	1	2	1	1	3.655301E+01	3.04063E+05
14	1	1	3	0	0	8.499718E+01	1.05755E+06
14	1	1	3	0	1	8.326432E+01	9.98779E+08
14	1	1	3	2	1	8.597290E+01	3.57388E+07
14	1	1	4	0	0	1.574916E+02	5.15772E+05
14	1	1	4	0	1	1.550687E+02	4.31379E+08
14	1	1	4	2	1	1.589063E+02	4.88689E+07
14	1	1	5	0	0	2.596913E+02	3.15970E+05
14	1	1	5	0	1	2.563750E+02	1.86212E+08
14	1	1	5	2	1	2.616612E+02	4.87685E+07
14	1	1	6	0	0	4.006079E+02	2.20067E+05
14	1	1	6	0	1	3.960841E+02	1.18253E+08
14	1	1	6	2	1	4.033273E+02	4.54558E+07
14	1	1	7	0	0	5.950022E+02	1.66136E+05
14	1	1	7	0	1	5.887561E+02	7.98982E+07
14	1	1	7	2	1	6.002661E+02	4.05246E+07
14	1	1	8	0	0	8.681037E+02	1.32449E+05
14	1	1	8	0	1	8.592349E+02	5.72817E+07
14	1	1	8	2	1	8.715176E+02	3.60111E+07
14	1	1	9	0	0	1.266230E+03	1.09782E+05
14	1	1	9	0	1	1.253029E+03	4.29907E+07
14	1	1	9	2	1	1.263965E+03	3.22600E+07
14	2	0	2	1	0	3.743313E+01	1.05003E+09
14	2	0	3	1	0	8.627493E+01	1.02630E+09
14	2	0	4	1	0	1.592934E+02	5.74027E+08
14	2	0	4	3	0	1.589549E+02	9.79976E+06
14	2	0	5	1	0	2.621100E+02	3.31918E+08
14	2	0	5	3	0	2.616608E+02	1.45392E+07
14	2	0	6	1	0	4.037790E+02	2.12230E+08
14	2	0	6	3	0	4.031734E+02	1.61975E+07
14	2	0	7	1	0	5.990994E+02	1.42758E+08
14	2	0	7	3	0	6.030626E+02	1.64522E+07
14	2	0	8	1	0	8.733761E+02	1.01389E+08
14	2	0	8	3	0	8.752123E+02	1.61556E+07
14	2	0	9	1	0	1.273023E+03	7.52577E+07
14	2	0	9	3	0	1.268780E+03	1.57218E+07
14	2	1	2	1	1	3.655183E+01	1.33553E+09
14	2	1	3	1	1	8.498303E+01	1.12142E+09
14	2	1	4	1	1	1.574986E+02	5.97162E+08
14	2	1	4	3	1	1.589881E+02	9.79976E+06
14	2	1	5	1	1	2.596936E+02	3.35850E+08
14	2	1	5	3	1	2.617513E+02	1.45392E+07
14	2	1	6	1	1	4.005736E+02	2.11358E+08
14	2	1	6	3	1	4.033901E+02	1.61975E+07
14	2	1	7	1	1	5.948521E+02	1.40123E+08
14	2	1	7	3	1	6.007851E+02	1.64522E+07
14	2	1	8	1	1	8.676939E+02	9.83301E+07
14	2	1	8	3	1	8.721009E+02	1.61556E+07
14	2	1	9	1	1	1.265214E+03	7.22050E+07
14	2	1	9	3	1	1.264522E+03	1.57218E+07
14	3	0	3	2	0	8.600499E+01	1.21389E+09
14	3	0	4	2	0	1.589367E+02	7.47981E+08
14	3	0	5	2	0	2.616334E+02	4.51080E+08
14	3	0	5	4	0	2.655531E+02	2.61670E+06
14	3	0	6	2	0	4.031264E+02	2.87538E+08
14	3	0	6	4	0	4.080581E+02	4.89831E+06
14	3	0	7	2	0	6.024979E+02	1.93892E+08
14	3	0	7	4	0	6.032015E+02	6.48377E+06
14	3	0	8	2	0	8.742289E+02	1.37187E+08
14	3	0	8	4	0	8.753867E+02	7.55495E+06
14	3	0	9	2	0	1.267015E+03	1.01042E+08
14	3	0	9	4	0	1.268973E+03	8.33154E+06
14	3	1	3	2	1	8.596321E+01	1.21389E+09
14	3	1	4	2	1	1.588732E+02	7.47981E+08
14	3	1	5	2	1	2.615715E+02	4.51080E+08
14	3	1	5	4	1	2.645295E+02	2.61670E+06
14	3	1	6	2	1	4.031141E+02	2.87538E+08
14	3	1	6	4	1	4.065715E+02	4.89831E+06
14	3	1	7	2	1	5.997941E+02	1.93892E+08
14	3	1	7	4	1	6.011172E+02	6.48377E+06
14	3	1	8	2	1	8.705230E+02	1.37187E+08
14	3	1	8	4	1	8.725068E+02	7.55495E+06
14	3	1	9	2	1	1.261874E+03	1.01042E+08
14	3	1	9	4	1	1.264988E+03	8.33154E+06
14	4	0	4	3	0	1.589417E+02	4.82648E+08
14	4	0	5	3	0	2.616248E+02	4.20540E+08
14	4	0	6	3	0	4.030881E+02	3.10378E+08
14	4	0	6	5	0	4.081289E+02	8.76598E+05
14	4	0	7	3	0	6.028718E+02	2.25126E+08
14	4	0	7	5	0	6.032998E+02	1.98483E+06
14	4	0	8	3	0	8.748104E+02	1.65728E+08
14	4	0	8	5	0	8.755170E+02	3.05208E+06
14	4	0	9	3	0	1.267935E+03	1.24759E+08
14	4	0	9	5	0	1.269134E+03	4.03400E+06
14	4	1	4	3	1	1.589709E+02	4.82648E+08
14	4	1	5	3	1	2.617048E+02	4.20540E+08
14	4	1	6	3	1	4.032796E+02	3.10378E+08
14	4	1	6	5	1	4.067472E+02	8.76598E+05
14	4	1	7	3	1	6.005402E+02	2.25126E+08
14	4	1	7	5	1	6.013438E+02	1.98483E+06
14	4	1	8	3	1	8.715848E+02	1.65728E+08
14	4	1	8	5	1	8.727935E+02	3.05208E+06
14	4	1	9	3	1	1.263437E+03	1.24759E+08
14	4	1	9	5	1	1.265339E+03	4.03400E+06
14	5	0	5	4	0	2.655303E+02	2.19101E+08
14	5	0	6	4	0	4.080041E+02	2.47791E+08
14	5	0	7	4	0	6.030836E+02	2.16289E+08
14	5	0	7	6	0	6.033723E+02	3.54788E+05
14	5	0	8	4	0	8.751383E+02	1.75969E+08
14	5	0	8	6	0	8.756158E+02	9.48653E+05
14	5	0	9	4	0	1.268451E+03	1.40595E+08
14	5	0	9	6	0	1.269262E+03	1.67540E+06
14	5	1	5	4	1	2.645002E+02	2.19101E+08
14	5	1	6	4	1	4.065023E+02	2.47791E+08
14	5	1	7	4	1	6.009661E+02	2.16289E+08
14	5	1	7	6	1	6.015076E+02	3.54788E+05
14	5	1	8	4	1	8.721885E+02	1.75969E+08
14	5	1	8	6	1	8.730045E+02	9.48653E+05
14	5	1	9	4	1	1.264319E+03	1.40595E+08
14	5	1	9	6	1	1.265606E+03	1.67540E+06
14	6	0	6	5	0	4.080922E+02	1.12078E+08
14	6	0	7	5	0	6.032195E+02	1.56107E+08
14	6	0	8	5	0	8.753479E+02	1.57233E+08
14	6	0	8	7	0	8.756926E+02	1.71812E+05
14	6	0	9	5	0	1.268779E+03	1.41751E+08
14	6	0	9	7	0	1.269365E+03	5.35659E+05
14	6	1	6	5	1	4.067002E+02	1.12078E+08
14	6	1	7	5	1	6.012410E+02	1.56107E+08
14	6	1	8	5	1	8.725769E+02	1.57233E+08
14	6	1	8	7	1	8.731657E+02	1.71812E+05
14	6	1	9	5	1	1.264884E+03	1.41751E+08
14	6	1	9	7	1	1.265813E+03	5.35659E+05
14	7	0	7	6	0	6.033140E+02	6.47554E+07
14	7	0	8	6	0	8.754931E+02	1.07210E+08
14	7	0	9	6	0	1.269004E+03	1.22287E+08
14	7	0	9	8	0	1.269448E+03	1.00337E+05
14	7	1	7	6	1	6.014330E+02	6.47554E+07
14	7	1	8	6	1	8.728474E+02	1.07210E+08
14	7	1	9	6	1	1.265276E+03	1.22287E+08
14	7	1	9	8	1	1.265979E+03	1.00337E+05
14	8	0	8	7	0	8.755994E+02	4.28077E+07
14	8	0	9	7	0	1.269169E+03	8.21026E+07
14	8	1	8	7	1	8.730464E+02	4.28077E+07
14	8	1	9	7	1	1.265563E+03	8.21026E+07
14	9	0	9	8	0	1.269294E+03	3.31416E+07
14	9	1	9	8	1	1.265782E+03	3.31416E+07
15	0	0	2	1	0	3.733560E+01	3.04266E+08
15	0	0	2	1	1	3.645702E+01	1.37417E+06
15	0	0	3	1	0	8.575860E+01	2.64055E+08
15	0	0	3	1	1	8.447228E+01	3.54600E+05
15	0	0	4	1	0	1.575421E+02	1.96337E+08
15	0	0	4	1	1	1.557533E+02	2.74511E+05
15	0	0	5	1	0	2.574017E+02	1.45524E+08
15	0	0	5	1	1	2.549824E+02	2.12510E+05
15	0	0	6	1	0	3.927130E+02	1.13282E+08
15	0	0	6	1	1	3.894735E+02	1.64513E+05
15	0	0	7	1	0	5.750568E+02	8.92254E+07
15	0	0	7	1	1	5.706985E+02	1.27357E+05
15	0	0	8	1	0	8.232019E+02	7.21948E+07
15	0	0	8	1	1	8.172413E+02	9.85921E+04
15	0	0	9	1	0	1.169155E+03	5.99062E+07
15	0	0	9	1	1	1.160727E+03	7.63242E+04
15	0	1	2	1	1	3.645950E+01	3.11080E+08
15	0	1	3	1	1	8.448559E+01	2.73512E+08
15	0	1	4	1	1	1.557985E+02	2.03433E+08
15	0	1	5	1	1	2.551037E+02	1.50423E+08
15	0	1	6	1	1	3.897567E+02	1.17227E+08
15	0	1	7	1	1	5.713068E+02	9.21870E+07
15	0	1	8	1	1	8.184893E+02	7.44991E+07
15	0	1	9	1	1	1.163246E+03	6.17593E+07
15	1	0	1	0	0	8.498100E+00	2.46842E+10
15	1	0	2	0	0	3.650547E+01	2.00098E+09
15	1	0	2	1	0	3.733291E+01	2.36639E+05
15	1	0	3	0	0	8.446619E+01	5.83330E+08
15	1	0	3	2	0	8.548019E+01	2.05909E+07
15	1	0	4	0	0	1.556782E+02	2.70336E+08
15	1	0	4	2	0	1.571537E+02	2.98353E+07
15	1	0	5	0	0	2.547974E+02	1.49566E+08
15	1	0	5	2	0	2.568366E+02	3.09181E+07
15	1	0	6	0	0	3.890798E+02	9.53905E+07
15	1	0	6	2	0	3.918501E+02	2.95189E+07
15	1	0	7	0	0	5.699219E+02	6.46350E+07
15	1	0	7	2	0	5.776535E+02	2.66788E+07
15	1	0	8	0	0	8.157295E+02	4.64228E+07
15	1	0	8	2	0	8.228761E+02	2.38839E+07
15	1	0	9	0	0	1.157801E+03	3.48749E+07
15	1	0	9	2	0	1.161924E+03	2.14452E+07
15	1	1	1	0	0	8.498193E+00	4.38562E+07
15	1	1	2	0	0	3.650719E+01	2.89212E+06
15	1	1	2	0	1	3.531274E+01	2.07748E+09
15	1	1	2	1	1	3.645617E+01	2.48526E+05
15	1	1	3	0	0	8.447539E+01	8.67152E+05
15	1	1	3	0	1	8.276352E+01	8.30630E+08
15	1	1	3	2	1	8.543909E+01	2.68475E+07
15	1	1	4	0	0	1.557094E+02	4.22915E+05
15	1	1	4	0	1	1.533407E+02	3.60118E+08
15	1	1	4	2	1	1.570922E+02	3.77249E+07
15	1	1	5	0	0	2.548811E+02	2.59085E+05
15	1	1	5	0	1	2.516858E+02	1.50933E+08
15	1	1	5	2	1	2.567784E+02	3.80641E+07
15	1	1	6	0	0	3.892750E+02	1.80448E+05
15	1	1	6	0	1	3.850022E+02	9.58142E+07
15	1	1	6	2	1	3.918422E+02	3.56229E+07
15	1	1	7	0	0	5.703407E+02	1.36226E+05
15	1	1	7	0	1	5.645992E+02	6.47147E+07
15	1	1	7	2	1	5.751756E+02	3.17780E+07
15	1	1	8	0	0	8.165880E+02	1.08604E+05
15	1	1	8	0	1	8.087358E+02	4.63624E+07
15	1	1	8	2	1	8.196081E+02	2.81740E+07
15	1	1	9	0	0	1.159531E+03	9.00176E+04
15	1	1	9	0	1	1.148451E+03	3.47552E+07
15	1	1	9	2	1	1.157632E+03	2.51102E+07
15	2	0	2	1	0	3.733209E+01	7.65847E+08
15	2	0	3	1	0	8.574009E+01	8.07878E+08
15	2	0	4	1	0	1.574797E+02	4.59397E+08
15	2	0	4	3	0	1.571488E+02	7.85142E+06
15	2	0	5	1	0	2.572350E+02	2.67196E+08
15	2	0	5	3	0	2.568023E+02	1.15915E+07
15	2	0	6	1	0	3.923252E+02	1.71191E+08
15	2	0	6	3	0	3.917535E+02	1.28376E+07
15	2	0	7	1	0	5.742256E+02	1.15253E+08
15	2	0	7	3	0	5.778655E+02	1.29468E+07
15	2	0	8	1	0	8.214998E+02	8.18549E+07
15	2	0	8	3	0	8.231241E+02	1.26027E+07
15	2	0	9	1	0	1.165724E+03	6.07140E+07
15	2	0	9	3	0	1.162166E+03	1.21309E+07
15	2	1	2	1	1	3.645517E+01	9.88035E+08
15	2	1	3	1	1	8.446238E+01	8.86401E+08
15	2	1	4	1	1	1.557196E+02	4.79316E+08
15	2	1	4	3	1	1.571755E+02	7.85142E+06
15	2	1	5	1	1	2.548922E+02	2.71073E+08
15	2	1	5	3	1	2.568742E+02	1.15915E+07
15	2	1	6	1	1	3.892631E+02	1.70924E+08
15	2	1	6	3	1	3.919222E+02	1.28376E+07
15	2	1	7	1	1	5.702468E+02	1.13439E+08
15	2	1	7	3	1	5.756969E+02	1.29468E+07
15	2	1	8	1	1	8.163154E+02	7.96378E+07
15	2	1	8	3	1	8.202147E+02	1.26027E+07
15	2	1	9	1	1	1.158860E+03	5.84780E+07
15	2	1	9	3	1	1.158279E+03	1.21309E+07
15	3	0	3	2	0	8.547379E+01	9.78281E+08
15	3	0	4	2	0	1.571321E+02	6.02989E+08
15	3	0	5	2	0	2.567788E+02	3.63730E+08
15	3	0	5	4	0	2.605533E+02	2.06274E+06
15	3	0	6	2	0	3.917155E+02	2.31889E+08
15	3	0	6	4	0	3.963704E+02	3.83152E+06
15	3	0	7	2	0	5.773612E+02	1.56367E+08
15	3	0	7	4	0	5.780073E+02	5.02496E+06
15	3	0	8	2	0	8.222830E+02	1.10618E+08
15	3	0	8	4	0	8.233071E+02	5.78982E+06
15	3	0	9	2	0	1.160742E+03	8.14455E+07
15	3	0	9	4	0	1.162385E+03	6.29694E+06
15	3	1	3	2	1	8.543098E+01	9.78281E+08
15	3	1	4	2	1	1.570648E+02	6.02989E+08
15	3	1	5	2	1	2.567052E+02	3.63730E+08
15	3	1	5	4	1	2.595536E+02	2.06274E+06
15	3	1	6	2	1	3.916715E+02	2.31889E+08
15	3	1	6	4	1	3.949346E+02	3.83152E+06
15	3	1	7	2	1	5.748080E+02	1.56367E+08
15	3	1	7	4	1	5.760230E+02	5.02496E+06
15	3	1	8	2	1	8.188618E+02	1.10618E+08
15	3	1	8	4	1	8.206169E+02	5.78982E+06
15	3	1	9	2	1	1.156144E+03	8.14455E+07
15	3	1	9	4	1	1.158757E+03	6.29694E+06
15	4	0	4	3	0	1.571375E+02	3.84682E+08
15	4	0	5	3	0	2.567722E+02	3.35310E+08
15	4	0	6	3	0	3.916833E+02	2.47566E+08
15	4	0	6	5	0	3.964412E+02	6.73663E+05
15	4	0	7	3	0	5.777128E+02	1.79629E+08
15	4	0	7	5	0	5.781059E+02	1.50790E+06
15	4	0	8	3	0	8.228142E+02	1.32279E+08
15	4	0	8	5	0	8.234393E+02	2.28676E+06
15	4	0	9	3	0	1.161548E+03	9.96152E+07
15	4	0	9	5	0	1.162554E+03	2.97124E+06
15	4	1	4	3	1	1.571612E+02	3.84682E+08
15	4	1	5	3	1	2.568361E+02	3.35310E+08
15	4	1	6	3	1	3.918335E+02	2.47566E+08
15	4	1	6	5	1	3.951063E+02	6.73663E+05
15	4	1	7	3	1	5.755056E+02	1.79629E+08
15	4	1	7	5	1	5.762436E+02	1.50790E+06
15	4	1	8	3	1	8.198264E+02	1.32279E+08
15	4	1	8	5	1	8.208958E+02	2.28676E+06
15	4	1	9	3	1	1.157505E+03	9.96152E+07
15	4	1	9	5	1	1.159102E+03	2.97124E+06
15	5	0	5	4	0	2.605341E+02	1.71465E+08
15	5	0	6	4	0	3.963259E+02	1.94015E+08
15	5	0	7	4	0	5.779128E+02	1.69446E+08
15	5	0	7	6	0	5.781779E+02	2.62537E+05
15	5	0	8	4	0	8.231154E+02	1.37950E+08
15	5	0	8	6	0	8.235378E+02	6.90418E+05
15	5	0	9	4	0	1.162003E+03	1.10316E+08
15	5	0	9	6	0	1.162684E+03	1.19463E+06
15	5	1	5	4	1	2.595296E+02	1.71465E+08
15	5	1	6	4	1	3.948791E+02	1.94015E+08
15	5	1	7	4	1	5.759049E+02	1.69446E+08
15	5	1	7	6	1	5.764021E+02	2.62537E+05
15	5	1	8	4	1	8.203771E+02	1.37950E+08
15	5	1	8	6	1	8.210990E+02	6.90418E+05
15	5	1	9	4	1	1.158279E+03	1.10316E+08
15	5	1	9	6	1	1.159359E+03	1.19463E+06
15	6	0	6	5	0	3.964109E+02	8.52813E+07
15	6	0	7	5	0	5.780415E+02	1.18866E+08
15	6	0	8	5	0	8.233086E+02	1.19830E+08
15	6	0	8	7	0	8.236135E+02	1.20391E+05
15	6	0	9	5	0	1.162293E+03	1.08164E+08
15	6	0	9	7	0	1.162785E+03	3.66470E+05
15	6	1	6	5	1	3.950685E+02	8.52813E+07
15	6	1	7	5	1	5.761631E+02	1.18866E+08
15	6	1	8	5	1	8.207325E+02	1.19830E+08
15	6	1	8	7	1	8.212533E+02	1.20391E+05
15	6	1	9	5	1	1.158776E+03	1.08164E+08
15	6	1	9	7	1	1.159556E+03	3.66470E+05
15	7	0	7	6	0	5.781311E+02	4.72763E+07
15	7	0	8	6	0	8.234428E+02	7.83515E+07
15	7	0	9	6	0	1.162494E+03	8.95003E+07
15	7	0	9	8	0	1.162867E+03	6.50608E+04
15	7	1	7	6	1	5.763437E+02	4.72763E+07
15	7	1	8	6	1	8.209805E+02	7.83515E+07
15	7	1	9	6	1	1.159122E+03	8.95003E+07
15	7	1	9	8	1	1.159712E+03	6.50608E+04
15	8	0	8	7	0	8.235414E+02	2.94447E+07
15	8	0	9	7	0	1.162642E+03	5.65639E+07
15	8	1	8	7	1	8.211633E+02	2.94447E+07
15	8	1	9	7	1	1.159377E+03	5.65639E+07
15	9	0	9	8	0	1.162754E+03	2.09324E+07
15	9	1	9	8	1	1.159571E+03	2.09324E+07
10	1	0	10	0	0	2.123142E+05	1.58000E+04
10	1	0	10	2	0	1.623307E+05	4.17864E+01
10	1	1	10	0	1	1.602564E+05	3.64000E+04
10	3	0	10	2	0	1.584196E+06	2.44997E-02
10	3	1	10	2	1	1.049799E+06	2.44997E-02
10	4	0	10	3	0	2.699974E+06	6.82522E-05
10	4	1	10	3	1	1.794169E+06	6.82522E-05
10	5	0	10	4	0	4.105276E+06	8.94565E-07
10	5	1	10	4	1	2.732300E+06	8.94565E-07
10	6	0	10	5	0	5.800128E+06	2.72819E-08
10	6	1	10	5	1	3.864197E+06	2.72819E-08
10	7	0	10	6	0	7.784585E+06	1.38077E-09
10	7	1	10	6	1	5.189925E+06	1.38077E-09
10	8	0	10	7	0	1.005864E+07	9.26840E-11
10	8	1	10	7	1	6.709428E+06	9.26840E-11
10	9	0	10	8	0	1.262212E+07	6.27604E-12
10	9	1	10	8	1	8.422684E+06	6.27604E-12
11	0	0	10	1	0	5.624657E+03	1.58382E+08
11	0	0	10	1	1	5.485204E+03	1.55071E+05
11	0	1	10	1	1	5.636688E+03	1.64267E+08
11	1	0	10	0	0	5.369812E+03	6.73823E+07
11	1	0	10	2	0	5.328317E+03	6.57043E+07
11	1	0	11	0	0	2.682654E+05	1.08495E+04
11	1	1	10	0	0	5.460793E+03	1.87453E+05
11	1	1	10	0	1	5.286150E+03	6.65218E+07
11	1	1	10	2	1	5.320512E+03	7.79970E+07
11	1	1	11	0	1	1.810135E+05	1.73373E+04
11	2	0	10	1	0	5.476054E+03	1.18841E+08
11	2	0	10	3	0	5.315127E+03	4.49775E+07
11	2	1	10	1	1	5.419501E+03	1.07546E+08
11	2	1	10	3	1	5.302662E+03	4.49775E+07
11	2	1	11	1	1	6.308197E+05	1.22529E+03
11	3	0	10	2	0	5.282602E+03	1.56340E+08
11	3	0	10	4	0	5.310701E+03	3.03695E+07
11	3	0	11	2	0	1.896928E+06	1.54732E-02
11	3	1	10	2	1	5.255019E+03	1.56340E+08
11	3	1	10	4	1	5.297050E+03	3.03695E+07
11	3	1	11	2	1	1.320702E+06	1.54732E-02
11	4	0	10	3	0	5.291579E+03	2.02175E+08
11	4	0	10	5	0	5.308827E+03	2.00029E+07
11	4	0	11	3	0	3.225141E+06	4.37801E-05
11	4	1	10	3	1	5.269098E+03	2.02175E+08
11	4	1	10	5	1	5.294859E+03	2.00029E+07
11	4	1	11	3	1	2.251654E+06	4.37801E-05
11	5	0	10	4	0	5.296236E+03	2.56090E+08
11	5	0	10	6	0	5.307930E+03	1.24602E+07
11	5	0	11	4	0	4.896368E+06	5.87588E-07
11	5	1	10	4	1	5.276473E+03	2.56090E+08
11	5	1	10	6	1	5.293925E+03	1.24602E+07
11	5	1	11	4	1	3.423802E+06	5.87588E-07
11	6	0	10	5	0	5.299011E+03	3.20227E+08
11	6	0	10	7	0	5.307473E+03	7.04794E+06
11	6	0	11	5	0	6.910659E+06	1.85936E-08
11	6	1	10	5	1	5.280911E+03	3.20227E+08
11	6	1	10	7	1	5.293532E+03	7.04794E+06
11	6	1	11	5	1	4.837157E+06	1.85936E-08
11	7	0	10	6	0	5.300823E+03	3.96843E+08
11	7	0	10	8	0	5.307234E+03	3.34495E+06
11	7	0	11	6	0	9.268012E+06	1.00031E-09
11	7	1	10	6	1	5.283834E+03	3.96843E+08
11	7	1	10	8	1	5.293392E+03	3.34495E+06
11	7	1	11	6	1	6.491820E+06	1.00031E-09
11	8	0	10	7	0	5.302085E+03	4.88501E+08
11	8	0	10	9	0	5.307112E+03	1.06444E+06
11	8	0	11	7	0	1.196845E+07	7.53058E-11
11	8	1	10	7	1	5.285886E+03	4.88501E+08
11	8	1	10	9	1	5.293378E+03	1.06444E+06
11	8	1	11	7	1	8.387714E+06	7.53058E-11
11	9	0	10	8	0	5.303007E+03	5.98197E+08
11	9	0	11	8	0	1.501186E+07	6.78021E-12
11	9	1	10	8	1	5.287396E+03	5.98197E+08
11	9	1	11	8	1	1.052476E+07	6.78021E-12
12	0	0	10	1	0	3.100042E+03	1.14233E+08
12	0	0	10	1	1	3.057204E+03	1.18296E+05
12	0	0	11	1	0	7.089183E+03	1.02683E+08
12	0	0	11	1	1	6.936609E+03	9.15779E+04
12	0	1	10	1	1	3.092514E+03	1.18037E+08
12	0	1	11	1	1	7.121089E+03	1.06369E+08
12	1	0	10	0	0	3.026697E+03	5.39475E+07
12	1	0	10	2	0	3.013469E+03	4.62676E+07
12	1	0	11	0	0	6.761575E+03	4.17367E+07
12	1	0	11	2	0	6.989589E+03	4.38983E+07
12	1	0	12	0	0	3.218632E+05	6.97521E+03
12	1	1	10	0	0	3.049082E+03	1.45940E+05
12	1	1	10	0	1	2.993855E+03	5.34997E+07
12	1	1	10	2	1	3.004845E+03	5.41451E+07
12	1	1	11	0	0	6.874320E+03	1.27305E+05
12	1	1	11	0	1	6.650332E+03	4.11416E+07
12	1	1	11	2	1	6.980377E+03	5.19278E+07
12	1	1	12	0	1	2.264482E+05	1.09054E+04
12	2	0	10	1	0	3.061777E+03	9.35284E+07
12	2	0	10	3	0	3.010808E+03	2.99055E+07
12	2	0	11	1	0	6.892206E+03	7.23819E+07
12	2	0	11	3	0	6.970230E+03	3.10315E+07
12	2	1	10	1	1	3.038958E+03	8.70629E+07
12	2	1	10	3	1	3.001869E+03	2.99055E+07
12	2	1	11	1	1	6.843383E+03	6.52654E+07
12	2	1	11	3	1	6.954870E+03	3.10315E+07
12	2	1	12	1	1	7.796785E+05	7.99975E+02
12	3	0	10	2	0	3.001074E+03	1.23974E+08
12	3	0	10	4	0	3.010122E+03	1.88998E+07
12	3	0	11	2	0	6.923262E+03	9.34646E+07
12	3	0	11	4	0	6.963625E+03	2.18158E+07
12	3	0	12	2	0	2.241504E+06	1.01431E-02
12	3	1	10	2	1	2.987808E+03	1.23974E+08
12	3	1	10	4	1	3.001348E+03	1.88998E+07
12	3	1	11	2	1	6.889117E+03	9.34646E+07
12	3	1	11	4	1	6.946606E+03	2.18158E+07
12	3	1	12	2	1	1.625556E+06	1.01431E-02
12	4	0	10	3	0	3.004394E+03	1.58232E+08
12	4	0	10	5	0	3.009946E+03	1.14888E+07
12	4	0	11	3	0	6.935948E+03	1.18816E+08
12	4	0	11	5	0	6.960778E+03	1.51390E+07
12	4	0	12	3	0	3.802686E+06	2.90253E-05
12	4	1	10	3	1	2.993092E+03	1.58232E+08
12	4	1	10	5	1	3.001387E+03	1.14888E+07
12	4	1	11	3	1	6.907941E+03	1.18816E+08
12	4	1	11	5	1	6.943251E+03	1.51390E+07
12	4	1	12	3	1	2.765326E+06	2.90253E-05
12	5	0	10	4	0	3.006173E+03	1.93934E+08
12	5	0	10	6	0	3.009937E+03	6.48527E+06
12	5	0	11	4	0	6.942526E+03	1.48060E+08
12	5	0	11	6	0	6.959385E+03	1.01326E+07
12	5	0	12	4	0	5.765284E+06	3.96121E-07
12	5	1	10	4	1	2.995955E+03	1.93934E+08
12	5	1	10	6	1	3.001573E+03	6.48527E+06
12	5	1	11	4	1	6.917784E+03	1.48060E+08
12	5	1	11	6	1	6.941737E+03	1.01326E+07
12	5	1	12	4	1	4.199140E+06	3.96121E-07
12	6	0	10	5	0	3.007263E+03	2.28364E+08
12	6	0	10	7	0	3.009986E+03	3.24117E+06
12	6	0	11	5	0	6.946443E+03	1.82243E+08
12	6	0	11	7	0	6.958654E+03	6.38235E+06
12	6	0	12	5	0	8.129420E+06	1.28484E-08
12	6	1	10	5	1	2.997726E+03	2.28364E+08
12	6	1	10	7	1	3.001789E+03	3.24117E+06
12	6	1	11	5	1	6.923692E+03	1.82243E+08
12	6	1	11	7	1	6.941030E+03	6.38235E+06
12	6	1	12	5	1	5.927085E+06	1.28484E-08
12	7	0	10	6	0	3.007992E+03	2.56145E+08
12	7	0	10	8	0	3.010055E+03	1.30909E+06
12	7	0	11	6	0	6.948998E+03	2.22404E+08
12	7	0	11	8	0	6.958255E+03	3.64075E+06
12	7	0	12	6	0	1.089515E+07	7.17805E-10
12	7	1	10	6	1	2.998922E+03	2.56145E+08
12	7	1	10	8	1	3.001998E+03	1.30909E+06
12	7	1	11	6	1	6.927574E+03	2.22404E+08
12	7	1	11	8	1	6.940713E+03	3.64075E+06
12	7	1	12	6	1	7.949062E+06	7.17805E-10
12	8	0	10	7	0	3.008511E+03	2.67895E+08
12	8	0	10	9	0	3.010129E+03	3.33572E+05
12	8	0	11	7	0	6.950775E+03	2.69682E+08
12	8	0	11	9	0	6.958037E+03	1.73958E+06
12	8	0	12	7	0	1.406213E+07	5.74809E-11
12	8	1	10	7	1	2.999779E+03	2.67895E+08
12	8	1	10	9	1	3.002191E+03	3.33572E+05
12	8	1	11	7	1	6.930293E+03	2.69682E+08
12	8	1	11	9	1	6.940598E+03	1.73958E+06
12	8	1	12	7	1	1.026525E+07	5.74809E-11
12	9	0	10	8	0	3.008897E+03	2.48094E+08
12	9	0	11	8	0	6.952071E+03	3.25382E+08
12	9	0	12	8	0	1.763078E+07	5.80770E-12
12	9	1	10	8	1	3.000421E+03	2.48094E+08
12	9	1	11	8	1	6.932289E+03	3.25382E+08
12	9	1	12	8	1	1.287565E+07	5.80770E-12
13	0	0	10	1	0	2.295840E+03	8.47866E+07
13	0	0	10	1	1	2.272260E+03	9.22200E+04
13	0	0	11	1	0	3.936168E+03	7.55779E+07
13	0	0	11	1	1	3.888676E+03	7.13914E+04
13	0	0	12	1	0	9.100230E+03	6.89038E+07
13	0	0	12	1	1	8.903694E+03	5.52671E+04
13	0	1	10	1	1	2.287388E+03	8.74797E+07
13	0	1	11	1	1	3.933196E+03	7.80041E+07
13	0	1	12	1	1	9.140582E+03	7.13045E+07
13	1	0	10	0	0	2.257830E+03	4.23569E+07
13	1	0	10	2	0	2.250461E+03	3.35385E+07
13	1	0	11	0	0	3.840179E+03	3.39739E+07
13	1	0	11	2	0	3.912671E+03	3.16848E+07
13	1	0	12	0	0	8.649255E+03	2.69556E+07
13	1	0	12	2	0	8.961743E+03	3.01968E+07
13	1	0	13	0	0	3.812952E+05	4.64590E+03
13	1	1	10	0	0	2.267731E+03	1.15922E+05
13	1	1	10	0	1	2.237039E+03	4.20747E+07
13	1	1	10	2	1	2.243170E+03	3.91075E+07
13	1	1	11	0	0	3.868908E+03	1.01120E+05
13	1	1	11	0	1	3.796934E+03	3.36422E+07
13	1	1	11	2	1	3.902276E+03	3.69310E+07
13	1	1	12	0	0	8.796371E+03	8.97604E+04
13	1	1	12	0	1	8.516585E+03	2.65379E+07
13	1	1	12	2	1	8.951000E+03	3.56148E+07
13	1	1	13	0	1	2.777998E+05	7.11919E+03
13	2	0	10	1	0	2.278001E+03	7.30693E+07
13	2	0	10	3	0	2.249666E+03	2.09334E+07
13	2	0	11	1	0	3.884022E+03	5.79783E+07
13	2	0	11	3	0	3.908678E+03	2.12618E+07
13	2	0	12	1	0	8.826266E+03	4.60846E+07
13	2	0	12	3	0	8.934353E+03	2.19056E+07
13	2	1	10	1	1	2.263282E+03	6.88596E+07
13	2	1	10	3	1	2.242645E+03	2.09334E+07
13	2	1	11	1	1	3.862455E+03	5.37512E+07
13	2	1	11	3	1	3.897720E+03	2.12618E+07
13	2	1	12	1	1	8.767415E+03	4.14273E+07
13	2	1	12	3	1	8.915759E+03	2.19056E+07
13	2	1	13	1	1	9.462851E+05	5.40433E+02
13	3	0	10	2	0	2.244551E+03	9.70210E+07
13	3	0	10	4	0	2.249609E+03	1.26543E+07
13	3	0	11	2	0	3.894841E+03	7.56606E+07
13	3	0	11	4	0	3.907583E+03	1.40980E+07
13	3	0	12	2	0	8.868754E+03	5.85710E+07
13	3	0	12	4	0	8.924881E+03	1.58954E+07
13	3	0	13	2	0	2.619495E+06	6.86461E-03
13	3	1	10	2	1	2.235320E+03	9.70210E+07
13	3	1	10	4	1	2.242890E+03	1.26543E+07
13	3	1	11	2	1	3.878582E+03	7.56606E+07
13	3	1	11	4	1	3.896738E+03	1.40980E+07
13	3	1	12	2	1	8.827302E+03	5.85710E+07
13	3	1	12	4	1	8.904077E+03	1.58954E+07
13	3	1	13	2	1	1.965509E+06	6.86461E-03
13	4	0	10	3	0	2.246597E+03	1.22356E+08
13	4	0	10	5	0	2.249700E+03	7.28649E+06
13	4	0	11	3	0	3.899423E+03	9.55124E+07
13	4	0	11	5	0	3.907259E+03	9.12459E+06
13	4	0	12	3	0	8.886144E+03	7.33789E+07
13	4	0	12	5	0	8.920740E+03	1.14740E+07
13	4	0	13	3	0	4.435141E+06	1.98117E-05
13	4	1	10	3	1	2.238587E+03	1.22356E+08
13	4	1	10	5	1	2.243224E+03	7.28649E+06
13	4	1	11	3	1	3.885476E+03	9.55124E+07
13	4	1	11	5	1	3.896622E+03	9.12459E+06
13	4	1	12	3	1	8.851955E+03	7.33789E+07
13	4	1	12	5	1	8.899202E+03	1.14740E+07
13	4	1	13	3	1	3.336993E+06	1.98117E-05
13	5	0	10	4	0	2.247716E+03	1.46084E+08
13	5	0	10	6	0	2.249819E+03	3.84757E+06
13	5	0	11	4	0	3.901875E+03	1.16411E+08
13	5	0	11	6	0	3.907195E+03	5.61690E+06
13	5	0	12	4	0	8.895160E+03	9.01737E+07
13	5	0	12	6	0	8.918680E+03	8.08453E+06
13	5	0	13	4	0	6.715827E+06	2.73721E-07
13	5	1	10	4	1	2.240391E+03	1.46084E+08
13	5	1	10	6	1	2.243532E+03	3.84757E+06
13	5	1	11	4	1	3.889202E+03	1.16411E+08
13	5	1	11	6	1	3.896761E+03	5.61690E+06
13	5	1	12	4	1	8.864827E+03	9.01737E+07
13	5	1	12	6	1	8.896916E+03	8.08453E+06
13	5	1	13	4	1	5.060934E+06	2.73721E-07
13	6	0	10	5	0	2.248413E+03	1.64416E+08
13	6	0	10	7	0	2.249935E+03	1.76837E+06
13	6	0	11	5	0	3.903376E+03	1.37390E+08
13	6	0	11	7	0	3.907229E+03	3.19470E+06
13	6	0	12	5	0	8.900525E+03	1.09509E+08
13	6	0	12	7	0	8.917574E+03	5.46778E+06
13	6	0	13	5	0	9.461633E+06	9.03530E-09
13	6	1	10	5	1	2.241526E+03	1.64416E+08
13	6	1	10	7	1	2.243796E+03	1.76837E+06
13	6	1	11	5	1	3.891502E+03	1.37390E+08
13	6	1	11	7	1	3.896973E+03	3.19470E+06
13	6	1	12	5	1	8.872538E+03	1.09509E+08
13	6	1	12	7	1	8.895783E+03	5.46778E+06
13	6	1	13	5	1	7.137453E+06	9.03530E-09
13	7	0	10	6	0	2.248885E+03	1.71658E+08
13	7	0	10	8	0	2.250038E+03	6.41049E+05
13	7	0	11	6	0	3.904379E+03	1.56446E+08
13	7	0	11	8	0	3.907300E+03	1.60398E+06
13	7	0	12	6	0	8.904020E+03	1.31906E+08
13	7	0	12	8	0	8.916954E+03	3.47142E+06
13	7	0	13	6	0	1.267250E+07	5.17761E-10
13	7	1	10	6	1	2.242301E+03	1.71658E+08
13	7	1	10	8	1	2.244020E+03	6.41049E+05
13	7	1	11	6	1	3.893050E+03	1.56446E+08
13	7	1	11	8	1	3.897196E+03	1.60398E+06
13	7	1	12	6	1	8.877593E+03	1.31906E+08
13	7	1	12	8	1	8.895220E+03	3.47142E+06
13	7	1	13	6	1	9.566449E+06	5.17761E-10
13	8	0	10	7	0	2.249226E+03	1.60699E+08
13	8	0	10	9	0	2.250130E+03	1.41315E+05
13	8	0	11	7	0	3.905091E+03	1.70104E+08
13	8	0	11	9	0	3.907383E+03	6.49445E+05
13	8	0	12	7	0	8.906448E+03	1.57914E+08
13	8	0	12	9	0	8.916600E+03	1.99281E+06
13	8	0	13	7	0	1.634842E+07	4.30812E-11
13	8	1	10	7	1	2.242863E+03	1.60699E+08
13	8	1	10	9	1	2.244210E+03	1.41315E+05
13	8	1	11	7	1	3.894157E+03	1.70104E+08
13	8	1	11	9	1	3.897409E+03	6.49445E+05
13	8	1	12	7	1	8.881127E+03	1.57914E+08
13	8	1	12	9	1	8.894958E+03	1.99281E+06
13	8	1	13	7	1	1.234797E+07	4.30812E-11
13	9	0	10	8	0	2.249482E+03	1.25093E+08
13	9	0	11	8	0	3.905621E+03	1.72721E+08
13	9	0	12	8	0	8.908218E+03	1.88149E+08
13	9	0	13	8	0	2.048970E+07	4.63246E-12
13	9	1	10	8	1	2.243287E+03	1.25093E+08
13	9	1	11	8	1	3.894986E+03	1.72721E+08
13	9	1	12	8	1	8.883717E+03	1.88149E+08
13	9	1	13	8	1	1.548227E+07	4.63246E-12
14	0	0	10	1	0	1.903075E+03	6.49004E+07
14	0	0	10	1	1	1.886844E+03	7.32316E+04
14	0	0	11	1	0	2.907406E+03	5.70533E+07
14	0	0	11	1	1	2.881413E+03	5.66917E+04
14	0	0	12	1	0	5.005448E+03	5.15991E+07
14	0	0	12	1	1	4.945405E+03	4.38874E+04
14	0	0	13	1	0	1.145838E+04	4.76158E+07
14	0	0	13	1	1	1.121001E+04	3.39751E+04
14	0	1	10	1	1	1.895110E+03	6.69023E+07
14	0	1	11	1	1	2.900734E+03	5.87997E+07
14	0	1	12	1	1	5.002594E+03	5.32028E+07
14	0	1	13	1	1	1.150823E+04	4.92318E+07
14	1	0	10	0	0	1.878240E+03	3.36700E+07
14	1	0	10	2	0	1.873137E+03	2.51799E+07
14	1	0	11	0	0	2.857838E+03	2.70743E+07
14	1	0	11	2	0	2.897793E+03	2.34223E+07
14	1	0	12	0	0	4.875024E+03	2.22503E+07
14	1	0	12	2	0	4.972756E+03	2.22568E+07
14	1	0	13	0	0	1.085388E+04	1.80313E+07
14	1	0	13	2	0	1.127115E+04	2.13060E+07
14	1	0	14	0	0	4.468363E+05	3.18910E+03
14	1	1	10	0	0	1.883785E+03	9.36633E+04
14	1	1	10	0	1	1.862558E+03	3.34735E+07
14	1	1	10	2	1	1.866806E+03	2.93262E+07
14	1	1	11	0	0	2.870696E+03	8.17033E+04
14	1	1	11	0	1	2.830880E+03	2.68553E+07
14	1	1	11	2	1	2.889027E+03	2.71948E+07
14	1	1	12	0	0	4.912559E+03	7.25253E+04
14	1	1	12	0	1	4.824052E+03	2.20058E+07
14	1	1	12	2	1	4.960416E+03	2.58547E+07
14	1	1	13	0	0	1.104171E+04	6.52878E+04
14	1	1	13	0	1	1.069789E+04	1.77330E+07
14	1	1	13	2	1	1.125874E+04	2.50658E+07
14	1	1	14	0	1	3.353141E+05	4.79679E+03
14	2	0	10	1	0	1.892570E+03	5.79456E+07
14	2	0	10	3	0	1.872971E+03	1.53648E+07
14	2	0	11	1	0	2.882959E+03	4.60186E+07
14	2	0	11	3	0	2.896522E+03	1.52195E+07
14	2	0	12	1	0	4.933426E+03	3.74556E+07
14	2	0	12	3	0	4.967013E+03	1.53942E+07
14	2	0	13	1	0	1.108784E+04	3.04507E+07
14	2	0	13	3	0	1.123356E+04	1.57887E+07
14	2	1	10	1	1	1.881326E+03	5.50104E+07
14	2	1	10	3	1	1.867045E+03	1.53648E+07
14	2	1	11	1	1	2.868564E+03	4.31806E+07
14	2	1	11	3	1	2.887969E+03	1.52195E+07
14	2	1	12	1	1	4.907673E+03	3.46059E+07
14	2	1	12	3	1	4.953811E+03	1.53942E+07
14	2	1	13	1	1	1.101800E+04	2.73024E+07
14	2	1	13	3	1	1.121138E+04	1.57887E+07
14	2	1	14	1	1	1.131273E+06	3.75870E+02
14	3	0	10	2	0	1.869606E+03	7.69658E+07
14	3	0	10	4	0	1.873113E+03	8.99392E+06
14	3	0	11	2	0	2.889350E+03	6.02907E+07
14	3	0	11	4	0	2.896356E+03	9.69744E+06
14	3	0	12	2	0	4.947944E+03	4.82069E+07
14	3	0	12	4	0	4.965365E+03	1.06004E+07
14	3	0	13	2	0	1.114448E+04	3.81750E+07
14	3	0	13	4	0	1.122041E+04	1.17532E+07
14	3	0	14	2	0	3.032297E+06	4.77573E-03
14	3	1	10	2	1	1.862248E+03	7.69658E+07
14	3	1	10	4	1	1.867499E+03	8.99392E+06
14	3	1	11	2	1	2.878126E+03	6.02907E+07
14	3	1	11	4	1	2.888111E+03	9.69744E+06
14	3	1	12	2	1	4.928366E+03	4.82069E+07
14	3	1	12	4	1	4.952206E+03	1.06004E+07
14	3	1	13	2	1	1.109498E+04	3.81750E+07
14	3	1	13	4	1	1.119540E+04	1.17532E+07
14	3	1	14	2	1	2.341723E+06	4.77573E-03
14	4	0	10	3	0	1.871131E+03	9.60853E+07
14	4	0	10	5	0	1.873283E+03	4.97915E+06
14	4	0	11	3	0	2.892125E+03	7.55339E+07
14	4	0	11	5	0	2.896433E+03	5.98385E+06
14	4	0	12	3	0	4.954097E+03	6.02297E+07
14	4	0	12	5	0	4.964831E+03	7.19519E+06
14	4	0	13	3	0	1.116771E+04	4.72276E+07
14	4	0	13	5	0	1.121460E+04	8.75019E+06
14	4	0	14	3	0	5.124789E+06	1.38742E-05
14	4	1	10	3	1	1.864681E+03	9.60853E+07
14	4	1	10	5	1	1.867897E+03	4.97915E+06
14	4	1	11	3	1	2.882317E+03	7.55339E+07
14	4	1	11	5	1	2.888446E+03	5.98385E+06
14	4	1	12	3	1	4.937203E+03	6.02297E+07
14	4	1	12	5	1	4.951867E+03	7.19519E+06
14	4	1	13	3	1	1.112668E+04	4.72276E+07
14	4	1	13	5	1	1.118858E+04	8.75019E+06
14	4	1	14	3	1	3.968506E+06	1.38742E-05
14	5	0	10	4	0	1.871977E+03	1.12356E+08
14	5	0	10	6	0	1.873436E+03	2.50485E+06
14	5	0	11	4	0	2.893640E+03	9.03476E+07
14	5	0	11	6	0	2.896564E+03	3.47739E+06
14	5	0	12	4	0	4.957387E+03	7.29304E+07
14	5	0	12	6	0	4.964683E+03	4.71470E+06
14	5	0	13	4	0	1.117975E+04	5.73419E+07
14	5	0	13	6	0	1.121167E+04	6.40891E+06
14	5	0	14	4	0	7.751277E+06	1.93486E-07
14	5	1	10	4	1	1.866041E+03	1.12356E+08
14	5	1	10	6	1	1.868219E+03	2.50485E+06
14	5	1	11	4	1	2.884626E+03	9.03476E+07
14	5	1	11	6	1	2.888783E+03	3.47739E+06
14	5	1	12	4	1	4.941968E+03	7.29304E+07
14	5	1	12	6	1	4.951925E+03	4.71470E+06
14	5	1	13	4	1	1.114321E+04	5.73419E+07
14	5	1	13	6	1	1.118530E+04	6.40891E+06
14	5	1	14	4	1	6.011892E+06	1.93486E-07
14	6	0	10	5	0	1.872509E+03	1.22135E+08
14	6	0	10	7	0	1.873565E+03	1.08350E+06
14	6	0	11	5	0	2.894583E+03	1.03148E+08
14	6	0	11	7	0	2.896701E+03	1.84333E+06
14	6	0	12	5	0	4.959398E+03	8.59573E+07
14	6	0	12	7	0	4.964687E+03	2.92413E+06
14	6	0	13	5	0	1.118691E+04	6.88332E+07
14	6	0	13	7	0	1.121006E+04	4.56045E+06
14	6	0	14	5	0	1.091179E+07	6.47020E-09
14	6	1	10	5	1	1.866905E+03	1.22135E+08
14	6	1	10	7	1	1.868480E+03	1.08350E+06
14	6	1	11	5	1	2.886075E+03	1.03148E+08
14	6	1	11	7	1	2.889083E+03	1.84333E+06
14	6	1	12	5	1	4.944903E+03	8.59573E+07
14	6	1	12	7	1	4.952115E+03	2.92413E+06
14	6	1	13	5	1	1.115310E+04	6.88332E+07
14	6	1	13	7	1	1.118361E+04	4.56045E+06
14	6	1	14	5	1	8.471920E+06	6.47020E-09
14	7	0	10	6	0	1.872874E+03	1.20861E+08
14	7	0	10	8	0	1.873674E+03	3.63466E+05
14	7	0	11	6	0	2.895222E+03	1.11457E+08
14	7	0	11	8	0	2.896827E+03	8.47643E+05
14	7	0	12	6	0	4.960740E+03	9.85048E+07
14	7	0	12	8	0	4.964752E+03	1.67116E+06
14	7	0	13	6	0	1.119158E+04	8.19807E+07
14	7	0	13	8	0	1.120915E+04	3.10733E+06
14	7	0	14	6	0	1.460664E+07	3.77548E-10
14	7	1	10	6	1	1.867500E+03	1.20861E+08
14	7	1	10	8	1	1.868693E+03	3.63466E+05
14	7	1	11	6	1	2.887064E+03	1.11457E+08
14	7	1	11	8	1	2.889343E+03	8.47643E+05
14	7	1	12	6	1	4.946875E+03	9.85048E+07
14	7	1	12	8	1	4.952344E+03	1.67116E+06
14	7	1	13	6	1	1.115957E+04	8.19807E+07
14	7	1	13	8	1	1.118272E+04	3.10733E+06
14	7	1	14	6	1	1.134855E+07	3.77548E-10
14	8	0	10	7	0	1.873138E+03	1.04445E+08
14	8	0	10	9	0	1.873765E+03	7.23570E+04
14	8	0	11	7	0	2.895681E+03	1.11964E+08
14	8	0	11	9	0	2.896941E+03	3.06634E+05
14	8	0	12	7	0	4.961692E+03	1.09170E+08
14	8	0	12	9	0	4.964841E+03	8.41547E+05
14	8	0	13	7	0	1.119481E+04	9.70695E+07
14	8	0	13	9	0	1.120861E+04	1.98456E+06
14	8	0	14	7	0	1.883487E+07	3.22389E-11
14	8	1	10	7	1	1.867934E+03	1.04445E+08
14	8	1	10	9	1	1.868869E+03	7.23570E+04
14	8	1	11	7	1	2.887778E+03	1.11964E+08
14	8	1	11	9	1	2.889566E+03	3.06634E+05
14	8	1	12	7	1	4.948283E+03	1.09170E+08
14	8	1	12	9	1	4.952573E+03	8.41547E+05
14	8	1	13	7	1	1.116408E+04	9.70695E+07
14	8	1	13	9	1	1.118226E+04	1.98456E+06
14	8	1	14	7	1	1.464215E+07	3.22389E-11
14	9	0	10	8	0	1.873339E+03	7.21724E+07
14	9	0	11	8	0	2.896026E+03	1.00977E+08
14	9	0	12	8	0	4.962400E+03	1.15699E+08
14	9	0	13	8	0	1.119717E+04	1.14410E+08
14	9	0	14	8	0	2.359826E+07	3.60358E-12
14	9	1	10	8	1	1.868264E+03	7.21724E+07
14	9	1	11	8	1	2.888318E+03	1.00977E+08
14	9	1	12	8	1	4.949334E+03	1.15699E+08
14	9	1	13	8	1	1.116739E+04	1.14410E+08
14	9	1	14	8	1	1.835199E+07	3.60358E-12
15	0	0	10	1	0	1.671769E+03	5.09156E+07
15	0	0	10	1	1	1.659231E+03	5.90858E+04
15	0	0	11	1	0	2.400081E+03	4.43110E+07
15	0	0	11	1	1	2.382341E+03	4.57408E+04
15	0	0	12	1	0	3.669918E+03	3.95228E+07
15	0	0	12	1	1	3.637538E+03	3.54099E+04
15	0	0	13	1	0	6.250951E+03	3.61920E+07
15	0	0	13	1	1	6.176298E+03	2.74123E+04
15	0	0	14	1	0	1.419137E+04	3.37503E+07
15	0	0	14	1	1	1.388259E+04	2.12210E+04
15	0	1	10	1	1	1.664384E+03	5.24534E+07
15	0	1	11	1	1	2.392977E+03	4.56287E+07
15	0	1	12	1	1	3.662393E+03	4.06936E+07
15	0	1	13	1	1	6.248299E+03	3.72850E+07
15	0	1	14	1	1	1.425173E+04	3.48692E+07
15	1	0	10	0	0	1.653421E+03	2.71652E+07
15	1	0	10	2	0	1.649466E+03	1.94417E+07
15	1	0	11	0	0	2.367941E+03	2.18081E+07
15	1	0	11	2	0	2.395306E+03	1.78754E+07
15	1	0	12	0	0	3.603340E+03	1.79580E+07
15	1	0	12	2	0	3.656457E+03	1.67320E+07
15	1	0	13	0	0	6.078066E+03	1.50620E+07
15	1	0	13	2	0	6.206741E+03	1.59891E+07
15	1	0	14	0	0	1.339925E+04	1.24276E+07
15	1	0	14	2	0	1.394419E+04	1.53715E+07
15	1	0	15	0	0	5.187481E+05	2.24670E+03
15	1	1	10	0	0	1.656952E+03	7.68007E+04
15	1	1	10	0	1	1.640507E+03	2.70198E+07
15	1	1	10	2	1	1.643801E+03	2.26353E+07
15	1	1	11	0	0	2.375189E+03	6.69939E+04
15	1	1	11	0	1	2.347866E+03	2.16505E+07
15	1	1	11	2	1	2.387723E+03	2.07261E+07
15	1	1	12	0	0	3.620151E+03	5.94683E+04
15	1	1	12	0	1	3.571859E+03	1.77911E+07
15	1	1	12	2	1	3.646073E+03	1.93570E+07
15	1	1	13	0	0	6.126050E+03	5.35338E+04
15	1	1	13	0	1	6.018729E+03	1.48808E+07
15	1	1	13	2	1	6.192274E+03	1.85205E+07
15	1	1	14	0	0	1.363469E+04	4.87477E+04
15	1	1	14	0	1	1.321808E+04	1.22108E+07
15	1	1	14	2	1	1.392996E+04	1.80451E+07
15	1	1	15	0	1	3.992368E+05	3.32129E+03
15	2	0	10	1	0	1.664764E+03	4.66828E+07
15	2	0	10	3	0	1.649580E+03	1.16908E+07
15	2	0	11	1	0	2.385670E+03	3.70094E+07
15	2	0	11	3	0	2.394949E+03	1.13701E+07
15	2	0	12	1	0	3.636329E+03	3.01277E+07
15	2	0	12	3	0	3.654544E+03	1.12329E+07
15	2	0	13	1	0	6.154124E+03	2.50535E+07
15	2	0	13	3	0	6.198755E+03	1.13388E+07
15	2	0	14	1	0	1.370194E+04	2.07643E+07
15	2	0	14	3	0	1.389391E+04	1.15962E+07
15	2	1	10	1	1	1.655419E+03	4.45431E+07
15	2	1	10	3	1	1.644352E+03	1.16908E+07
15	2	1	11	1	1	2.374490E+03	3.49779E+07
15	2	1	11	3	1	2.387770E+03	1.13701E+07
15	2	1	12	1	1	3.619265E+03	2.81669E+07
15	2	1	12	3	1	3.644296E+03	1.12329E+07
15	2	1	13	1	1	6.123802E+03	2.30797E+07
15	2	1	13	3	1	6.183080E+03	1.13388E+07
15	2	1	14	1	1	1.362016E+04	1.85759E+07
15	2	1	14	3	1	1.386778E+04	1.15962E+07
15	2	1	15	1	1	1.335279E+06	2.68051E+02
15	3	0	10	2	0	1.647085E+03	6.20134E+07
15	3	0	10	4	0	1.649806E+03	6.67859E+06
15	3	0	11	2	0	2.390287E+03	4.85834E+07
15	3	0	11	4	0	2.395080E+03	7.03637E+06
15	3	0	12	2	0	3.644775E+03	3.89907E+07
15	3	0	12	4	0	3.654219E+03	7.46099E+06
15	3	0	13	2	0	6.173155E+03	3.18502E+07
15	3	0	13	4	0	6.196382E+03	8.04993E+06
15	3	0	14	2	0	1.377581E+04	2.57227E+07
15	3	0	14	4	0	1.387615E+04	8.81599E+06
15	3	0	15	2	0	3.481227E+06	3.40334E-03
15	3	1	10	2	1	1.640802E+03	6.20134E+07
15	3	1	10	4	1	1.644878E+03	6.67859E+06
15	3	1	11	2	1	2.381401E+03	4.85834E+07
15	3	1	11	4	1	2.388233E+03	7.03637E+06
15	3	1	12	2	1	3.631352E+03	3.89907E+07
15	3	1	12	4	1	3.644279E+03	7.46099E+06
15	3	1	13	2	1	6.149933E+03	3.18502E+07
15	3	1	13	4	1	6.180662E+03	8.04993E+06
15	3	1	14	2	1	1.371750E+04	2.57227E+07
15	3	1	14	4	1	1.384648E+04	8.81599E+06
15	3	1	15	2	1	2.755375E+06	3.40334E-03
15	4	0	10	3	0	1.648336E+03	7.67674E+07
15	4	0	10	5	0	1.650006E+03	3.58878E+06
15	4	0	11	3	0	2.392328E+03	6.04473E+07
15	4	0	11	5	0	2.395275E+03	4.19213E+06
15	4	0	12	3	0	3.648443E+03	4.85002E+07
15	4	0	12	5	0	3.654262E+03	4.85295E+06
15	4	0	13	3	0	6.181226E+03	3.94147E+07
15	4	0	13	5	0	6.195563E+03	5.67231E+06
15	4	0	14	3	0	1.380615E+04	3.14745E+07
15	4	0	14	5	0	1.386822E+04	6.72907E+06
15	4	0	15	3	0	5.873715E+06	9.93893E-06
15	4	1	10	3	1	1.642792E+03	7.67674E+07
15	4	1	10	5	1	1.645287E+03	3.58878E+06
15	4	1	11	3	1	2.384483E+03	6.04473E+07
15	4	1	11	5	1	2.388676E+03	4.19213E+06
15	4	1	12	3	1	3.636643E+03	4.85002E+07
15	4	1	12	5	1	3.644592E+03	4.85295E+06
15	4	1	13	3	1	6.161082E+03	3.94147E+07
15	4	1	13	5	1	6.180016E+03	5.67231E+06
15	4	1	14	3	1	1.375761E+04	3.14745E+07
15	4	1	14	5	1	1.383725E+04	6.72907E+06
15	4	1	15	3	1	4.661722E+06	9.93893E-06
15	5	0	10	4	0	1.649037E+03	8.82804E+07
15	5	0	10	6	0	1.650169E+03	1.74031E+06
15	5	0	11	4	0	2.393458E+03	7.11905E+07
15	5	0	11	6	0	2.395459E+03	2.33502E+06
15	5	0	12	4	0	3.650445E+03	5.79421E+07
15	5	0	12	6	0	3.654400E+03	3.02310E+06
15	5	0	13	4	0	6.185538E+03	4.74043E+07
15	5	0	13	6	0	6.195295E+03	3.89694E+06
15	5	0	14	4	0	1.382189E+04	3.78151E+07
15	5	0	14	6	0	1.386417E+04	5.08039E+06
15	5	0	15	4	0	8.874689E+06	1.39618E-07
15	5	1	10	4	1	1.643914E+03	8.82804E+07
15	5	1	10	6	1	1.645604E+03	1.74031E+06
15	5	1	11	4	1	2.386203E+03	7.11905E+07
15	5	1	11	6	1	2.389047E+03	2.33502E+06
15	5	1	12	4	1	3.639553E+03	5.79421E+07
15	5	1	12	6	1	3.644951E+03	3.02310E+06
15	5	1	13	4	1	6.167083E+03	4.74043E+07
15	5	1	13	6	1	6.179953E+03	3.89694E+06
15	5	1	14	4	1	1.377851E+04	3.78151E+07
15	5	1	14	6	1	1.383271E+04	5.08039E+06
15	5	1	15	4	1	7.054674E+06	1.39618E-07
15	6	0	10	5	0	1.649481E+03	9.33773E+07
15	6	0	10	7	0	1.650300E+03	7.19070E+05
15	6	0	11	5	0	2.394169E+03	7.91594E+07
15	6	0	11	7	0	2.395618E+03	1.17522E+06
15	6	0	12	5	0	3.651689E+03	6.66205E+07
15	6	0	12	7	0	3.654556E+03	1.76473E+06
15	6	0	13	5	0	6.188172E+03	5.56956E+07
15	6	0	13	7	0	6.195249E+03	2.57244E+06
15	6	0	14	5	0	1.383124E+04	4.49350E+07
15	6	0	14	7	0	1.386193E+04	3.75607E+06
15	6	0	15	5	0	1.248424E+07	4.71538E-09
15	6	1	10	5	1	1.644632E+03	9.33773E+07
15	6	1	10	7	1	1.645854E+03	7.19070E+05
15	6	1	11	5	1	2.387293E+03	7.91594E+07
15	6	1	11	7	1	2.389351E+03	1.17522E+06
15	6	1	12	5	1	3.641375E+03	6.66205E+07
15	6	1	12	7	1	3.645285E+03	1.76473E+06
15	6	1	13	5	1	6.170772E+03	5.56956E+07
15	6	1	13	7	1	6.180101E+03	2.57244E+06
15	6	1	14	5	1	1.379099E+04	4.49350E+07
15	6	1	14	7	1	1.383031E+04	3.75607E+06
15	6	1	15	5	1	9.934235E+06	4.71538E-09
15	7	0	10	6	0	1.649788E+03	8.86642E+07
15	7	0	10	8	0	1.650408E+03	2.27580E+05
15	7	0	11	6	0	2.394656E+03	8.21313E+07
15	7	0	11	8	0	2.395754E+03	5.06683E+05
15	7	0	12	6	0	3.652532E+03	7.33998E+07
15	7	0	12	8	0	3.654706E+03	9.36895E+05
15	7	0	13	6	0	6.189927E+03	6.39467E+07
15	7	0	13	8	0	6.195299E+03	1.60326E+06
15	7	0	14	6	0	1.383732E+04	5.29933E+07
15	7	0	14	8	0	1.386063E+04	2.69152E+06
15	7	0	15	6	0	1.670230E+07	2.78885E-10
15	7	1	10	6	1	1.645128E+03	8.86642E+07
15	7	1	10	8	1	1.646054E+03	2.27580E+05
15	7	1	11	6	1	2.388043E+03	8.21313E+07
15	7	1	11	8	1	2.389603E+03	5.06683E+05
15	7	1	12	6	1	3.642616E+03	7.33998E+07
15	7	1	12	8	1	3.645580E+03	9.36895E+05
15	7	1	13	6	1	6.173245E+03	6.39467E+07
15	7	1	13	8	1	6.180323E+03	1.60326E+06
15	7	1	14	6	1	1.379914E+04	5.29933E+07
15	7	1	14	8	1	1.382899E+04	2.69152E+06
15	7	1	15	6	1	1.330053E+07	2.78885E-10
15	8	0	10	7	0	1.650011E+03	7.21444E+07
15	8	0	10	9	0	1.650497E+03	4.20139E+04
15	8	0	11	7	0	2.395008E+03	7.77227E+07
15	8	0	11	9	0	2.395870E+03	1.68888E+05
15	8	0	12	7	0	3.653137E+03	7.67050E+07
15	8	0	12	9	0	3.654843E+03	4.30537E+05
15	8	0	13	7	0	6.191171E+03	7.15496E+07
15	8	0	13	9	0	6.195389E+03	9.19226E+05
15	8	0	14	7	0	1.384153E+04	6.21466E+07
15	8	0	14	9	0	1.385985E+04	1.84419E+06
15	8	0	15	7	0	2.152899E+07	2.42599E-11
15	8	1	10	7	1	1.645492E+03	7.21444E+07
15	8	1	10	9	1	1.646217E+03	4.20139E+04
15	8	1	11	7	1	2.388590E+03	7.77227E+07
15	8	1	11	9	1	2.389812E+03	1.68888E+05
15	8	1	12	7	1	3.643512E+03	7.67050E+07
15	8	1	12	9	1	3.645838E+03	4.30537E+05
15	8	1	13	7	1	6.175007E+03	7.15496E+07
15	8	1	13	9	1	6.180563E+03	9.19226E+05
15	8	1	14	7	1	1.380482E+04	6.21466E+07
15	8	1	14	9	1	1.382826E+04	1.84419E+06
15	8	1	15	7	1	1.715325E+07	2.42599E-11
15	9	0	10	8	0	1.650181E+03	4.57112E+07
15	9	0	11	8	0	2.395275E+03	6.42946E+07
15	9	0	12	8	0	3.653591E+03	7.46167E+07
15	9	0	13	8	0	6.192094E+03	7.75338E+07
15	9	0	14	8	0	1.384460E+04	7.25612E+07
15	9	0	15	8	0	2.696435E+07	2.78391E-12
15	9	1	10	8	1	1.645770E+03	4.57112E+07
15	9	1	11	8	1	2.389004E+03	6.42946E+07
15	9	1	12	8	1	3.644188E+03	7.46167E+07
15	9	1	13	8	1	6.176321E+03	7.75338E+07
15	9	1	14	8	1	1.380897E+04	7.25612E+07
15	9	1	15	8	1	2.149336E+07	2.78391E-12
11	10	0	10	9	0	5.303707E+03	7.29472E+08
11	10	0	11	9	0	1.839859E+07	5.75579E-13
11	10	1	10	9	1	5.288548E+03	7.29472E+08
11	10	1	11	9	1	1.290323E+07	5.75579E-13
12	10	0	10	9	0	3.009196E+03	1.71840E+08
12	10	0	11	9	0	6.953054E+03	3.91008E+08
12	10	0	12	9	0	2.160107E+07	6.55870E-13
12	10	1	10	9	1	3.000920E+03	1.71840E+08
12	10	1	11	9	1	6.933810E+03	3.91008E+08
12	10	1	12	9	1	1.577984E+07	6.55870E-13
12	9	0	11	10	0	6.957923E+03	5.56618E+05
12	9	1	11	10	1	6.940590E+03	5.56618E+05
13	10	0	10	9	0	2.249681E+03	6.48439E+07
13	10	0	11	9	0	3.906030E+03	1.55445E+08
13	10	0	12	9	0	8.909557E+03	2.23307E+08
13	10	0	13	9	0	2.509599E+07	5.87327E-13
13	10	1	10	9	1	2.243620E+03	6.48439E+07
13	10	1	11	9	1	3.895628E+03	1.55445E+08
13	10	1	12	9	1	8.885686E+03	2.23307E+08
13	10	1	13	9	1	1.896885E+07	5.87327E-13
13	9	0	11	10	0	3.907467E+03	1.65606E+05
13	9	0	12	10	0	8.916400E+03	9.57162E+05
13	9	1	11	10	1	3.897605E+03	1.65606E+05
13	9	1	12	10	1	8.894861E+03	9.57162E+05
14	10	0	10	9	0	1.873495E+03	3.11856E+07
14	10	0	11	9	0	2.896295E+03	7.57805E+07
14	10	0	12	9	0	4.962944E+03	1.14621E+08
14	10	0	13	9	0	1.119895E+04	1.34348E+08
14	10	0	14	9	0	2.889505E+07	4.86417E-13
14	10	1	10	9	1	1.868523E+03	3.11856E+07
14	10	1	11	9	1	2.888740E+03	7.57805E+07
14	10	1	12	9	1	4.950147E+03	1.14621E+08
14	10	1	13	9	1	1.116989E+04	1.34348E+08
14	10	1	14	9	1	2.247898E+07	4.86417E-13
14	9	0	11	10	0	2.897041E+03	6.72981E+04
14	9	0	12	10	0	4.964938E+03	3.41252E+05
14	9	0	13	10	0	1.120829E+04	1.14489E+06
14	9	1	11	10	1	2.889758E+03	6.72981E+04
14	9	1	12	10	1	4.952791E+03	3.41252E+05
14	9	1	13	10	1	1.118203E+04	1.14489E+06
15	10	0	10	9	0	1.650314E+03	1.74138E+07
15	10	0	11	9	0	2.395483E+03	4.25487E+07
15	10	0	12	9	0	3.653943E+03	6.52167E+07
15	10	0	13	9	0	6.192804E+03	8.04226E+07
15	10	0	14	9	0	1.384692E+04	8.44195E+07
15	10	0	15	9	0	3.300875E+07	3.90756E-13
15	10	1	10	9	1	1.645988E+03	1.74138E+07
15	10	1	11	9	1	2.389330E+03	4.25487E+07
15	10	1	12	9	1	3.644714E+03	6.52167E+07
15	10	1	13	9	1	6.177336E+03	8.04226E+07
15	10	1	14	9	1	1.381212E+04	8.44195E+07
15	10	1	15	9	1	2.631925E+07	3.90756E-13
15	9	0	11	10	0	2.395969E+03	3.33134E+04
15	9	0	12	10	0	3.654966E+03	1.55350E+05
15	9	0	13	10	0	6.195495E+03	4.63804E+05
15	9	0	14	10	0	1.385937E+04	1.18331E+06
15	9	1	11	10	1	2.389989E+03	3.33134E+04
15	9	1	12	10	1	3.646062E+03	1.55350E+05
15	9	1	13	10	1	6.180799E+03	4.63804E+05
15	9	1	14	10	1	1.382787E+04	1.18331E+06
12	11	0	11	10	0	6.953820E+03	4.68323E+08
12	11	0	12	10	0	2.597268E+07	6.66485E-14
12	11	1	11	10	1	6.935003E+03	4.68323E+08
12	11	1	12	10	1	1.897857E+07	6.66485E-14
13	10	0	12	11	0	8.916293E+03	3.07597E+05
13	10	1	12	11	1	8.894859E+03	3.07597E+05
13	11	0	11	10	0	3.906353E+03	1.04700E+08
13	11	0	12	10	0	8.910601E+03	2.64191E+08
13	11	0	13	10	0	3.016773E+07	7.94271E-14
13	11	1	11	10	1	3.896139E+03	1.04700E+08
13	11	1	12	10	1	8.887228E+03	2.64191E+08
13	11	1	13	10	1	2.280814E+07	7.94271E-14
13	12	0	12	11	0	8.911434E+03	3.11726E+08
13	12	0	13	11	0	3.570408E+07	9.34528E-15
13	12	1	12	11	1	8.888465E+03	3.11726E+08
13	12	1	13	11	1	2.700003E+07	9.34528E-15
14	10	0	12	11	0	4.965034E+03	8.70371E+04
14	10	0	13	11	0	1.120811E+04	5.52187E+05
14	10	1	12	11	1	4.952993E+03	8.70371E+04
14	10	1	13	11	1	1.118195E+04	5.52187E+05
14	11	0	11	10	0	2.896509E+03	3.78858E+07
14	11	0	12	10	0	4.963375E+03	1.00714E+08
14	11	0	13	10	0	1.120033E+04	1.57276E+08
14	11	0	13	12	0	1.120801E+04	1.78078E+05
14	11	0	14	10	0	3.472584E+07	7.38747E-14
14	11	1	11	10	1	2.889078E+03	3.78858E+07
14	11	1	12	10	1	4.950793E+03	1.00714E+08
14	11	1	13	10	1	1.117185E+04	1.57276E+08
14	11	1	13	12	1	1.118196E+04	1.78078E+05
14	11	1	14	10	1	2.702264E+07	7.38747E-14
14	12	0	12	11	0	4.963724E+03	6.62602E+07
14	12	0	13	11	0	1.120144E+04	1.83642E+08
14	12	0	14	11	0	4.109139E+07	1.15708E-14
14	12	1	12	11	1	4.951318E+03	6.62602E+07
14	12	1	13	11	1	1.117342E+04	1.83642E+08
14	12	1	14	11	1	3.198260E+07	1.15708E-14
14	13	0	13	12	0	1.120234E+04	2.13955E+08
14	13	0	14	12	0	4.798925E+07	1.53769E-15
14	13	1	13	12	1	1.117471E+04	2.13955E+08
14	13	1	14	12	1	3.735944E+07	1.53769E-15
15	10	0	12	11	0	3.655076E+03	3.39497E+04
15	10	0	13	11	0	6.195604E+03	1.88244E+05
15	10	0	14	11	0	1.385909E+04	6.85350E+05
15	10	1	12	11	1	3.646257E+03	3.39497E+04
15	10	1	13	11	1	6.181023E+03	1.88244E+05
15	10	1	14	11	1	1.382768E+04	6.85350E+05
15	11	0	11	10	0	2.395650E+03	1.76100E+07
15	11	0	12	10	0	3.654225E+03	4.74535E+07
15	11	0	13	10	0	6.193365E+03	7.80297E+07
15	11	0	13	12	0	6.195712E+03	4.80085E+04
15	11	0	14	10	0	1.384872E+04	9.79252E+07
15	11	0	14	12	0	1.385892E+04	3.31669E+05
15	11	0	15	10	0	3.966051E+07	6.32012E-14
15	11	1	11	10	1	2.389592E+03	1.76100E+07
15	11	1	12	10	1	3.645136E+03	4.74535E+07
15	11	1	13	10	1	6.178141E+03	7.80297E+07
15	11	1	13	12	1	6.181230E+03	4.80085E+04
15	11	1	14	10	1	1.381457E+04	9.79252E+07
15	11	1	14	12	1	1.382762E+04	3.31669E+05
15	11	1	15	10	1	3.163256E+07	6.32012E-14
15	12	0	12	11	0	3.654454E+03	2.30077E+07
15	12	0	13	11	0	6.193819E+03	6.71792E+07
15	12	0	14	11	0	1.385015E+04	1.13308E+08
15	12	0	14	13	0	1.385883E+04	1.07274E+05
15	12	0	15	11	0	4.692192E+07	1.11199E-14
15	12	1	12	11	1	3.645482E+03	2.30077E+07
15	12	1	13	11	1	6.178795E+03	6.71792E+07
15	12	1	14	11	1	1.381654E+04	1.13308E+08
15	12	1	14	13	1	1.382763E+04	1.07274E+05
15	12	1	15	11	1	3.743215E+07	1.11199E-14
15	13	0	13	12	0	6.194193E+03	4.33199E+07
15	13	0	14	12	0	1.385132E+04	1.30826E+08
15	13	0	15	12	0	5.479452E+07	1.96766E-15
15	13	1	13	12	1	6.179336E+03	4.33199E+07
15	13	1	14	12	1	1.381814E+04	1.30826E+08
15	13	1	15	12	1	4.371776E+07	1.96766E-15
15	14	0	14	13	0	1.385229E+04	1.50774E+08
15	14	0	15	13	0	6.326711E+07	2.89799E-16
15	14	1	14	13	1	1.381947E+04	1.50774E+08
15	14	1	15	13	1	5.049230E+07	2.89799E-16
100	0	0	0	0	0	1.0	1.0
