 3	1	1	2	1	3	0	0	2	1	343.4535700914854	7466666666.666666
 3	2	2	2	1	3	0	0	2	1	147.65725426322476	676000.0
 4	1	1	2	1	3	0	0	2	1	50.42899343121033	190000000000.0
 4	2	2	2	1	3	0	0	2	1	47.04848446047949	146400000.0
 5	1	1	2	1	3	0	0	2	1	36.76702508382119	113333333333.33333
 5	2	2	2	1	3	0	0	2	1	35.86301587663904	76800000.0
 6	1	1	2	1	3	0	0	2	1	32.17447886263064	67666666666.66666
 3	2	2	2	1	 3	1	1	2	1	259.0110590798508	17080000000.0
 4	0	0	2	1	 3	1	1	2	1	63.42843619665266	323000000000.0
 4	1	1	2	1	 3	1	1	2	1	59.10773091961369	69666666.66666666
 4	2	2	2	1	 3	1	1	2	1	54.516507100224736	413880000000.0
 4	3	3	2	1	 3	1	1	2	1	52.79678567839977	265142857.14285713
 5	0	0	2	1	 3	1	1	2	1	42.17510266080389	139200000000.0
 5	2	2	2	1	 3	1	1	2	1	40.04440535737617	250400000000.0
 5	3	3	2	1	 3	1	1	2	1	39.56303224966954	41142857.14285714
 6	0	0	2	1	 3	1	1	2	1	35.90810534055681	74000000000.0
 6	2	2	2	1	 3	1	1	2	1	35.02293208105925	145600000000.0
 7	0	0	2	1	 3	1	1	2	1	32.984948647603176	46000000000.0
 7	2	2	2	1	 3	1	1	2	1	32.57834948029343	91400000000.0
 8	2	2	2	1	 3	1	1	2	1	31.174728706533234	61400000000.0
 4	1	1	2	1	 3	2	2	2	1	76.58479789303088	75333333333.33333
 4	2	2	2	1	 3	2	2	2	1	69.05014390197661	22420000.0
 4	3	3	2	1	 3	2	2	2	1	66.31428149472606	1002528571428.5714
 5	1	1	2	1	 3	2	2	2	1	48.95758635795569	28600000000.0
 5	3	3	2	1	 3	2	2	2	1	46.695625526526115	370428571428.5714
 6	1	1	2	1	 3	2	2	2	1	41.138561051432454	15333333333.333332
 6	3	3	2	1	 3	2	2	2	1	40.226530901224045	180857142857.14285
 7	3	3	2	1	 3	2	2	2	1	37.12106987967255	107128571428.57141
 8	3	3	2	1	 3	2	2	2	1	35.35459109141599	68214285714.285706
 4	1	1	2	1	 4	0	0	2	1	867.7080936964385	1706666666.6666665
 5	1	1	2	1	 4	0	0	2	1	117.35872656089009	39200000000.0
 6	1	1	2	1	 4	0	0	2	1	80.62478788003907	25666666666.666664
 4	2	2	2	1	 4	1	1	2	1	701.8492583065041	3646000000.0
 4	3	3	2	1	 4	1	1	2	1	494.4898239521241	20395.714285714286
 5	0	0	2	1	 4	1	1	2	1	147.22313520849147	98900000000.0
 5	1	1	2	1	 4	1	1	2	1	135.7142703958537	11066666.666666666
 5	2	2	2	1	 4	1	1	2	1	124.1616489721174	70400000000.0
 5	3	3	2	1	 4	1	1	2	1	119.64784436270607	30114285.714285713
 6	0	0	2	1	 4	1	1	2	1	91.48624494262452	50400000000.0
 6	1	1	2	1	 4	1	1	2	1	88.88357875092257	7000000.0
 6	2	2	2	1	 4	1	1	2	1	85.95156053989301	47960000000.0
 6	3	3	2	1	 4	1	1	2	1	84.732881787304	12728571.42857143
 7	0	0	2	1	 4	1	1	2	1	74.63467898474163	28900000000.0
 7	2	2	2	1	 4	1	1	2	1	72.58489306623122	32560000000.0
 7	3	3	2	1	 4	1	1	2	1	72.03854722862177	5385714.285714285
 8	2	2	2	1	 4	1	1	2	1	65.9673980555817	22420000000.0
 8	3	3	2	1	 4	1	1	2	1	65.67088606552399	2942857.1428571427
 5	0	0	2	1	 4	2	2	2	1	186.3028875640931	6200000.0
 5	1	1	2	1	 4	2	2	2	1	168.24778904845067	34400000000.0
 5	2	2	2	1	 4	2	2	2	1	150.84755122513232	4962000.0
 5	3	3	2	1	 4	2	2	2	1	144.23659718566685	164714285714.2857
 6	0	0	2	1	 4	2	2	2	1	105.19895824675147	3600000.0
 6	1	1	2	1	 4	2	2	2	1	101.77221319665435	16399999999.999998
 6	2	2	2	1	 4	2	2	2	1	97.94652461596004	2986000.0
 6	3	3	2	1	 4	2	2	2	1	96.36709136131917	93000000000.0
 7	2	2	2	1	 4	2	2	2	1	80.95747380091896	1420000.0
 7	3	3	2	1	 4	2	2	2	1	80.27840754780999	54728571428.57143
 8	3	3	2	1	 4	2	2	2	1	72.44990507152914	35171428571.428566
 5	1	1	2	1	 4	3	3	2	1	187.05099890623188	1056666.6666666665
 5	2	2	2	1	 4	3	3	2	1	165.78990228097675	6546000000.0
 5	3	3	2	1	 4	3	3	2	1	157.8388886964354	2573714.2857142854
 6	1	1	2	1	 4	3	3	2	1	108.36131279728201	596666.6666666666
 6	2	2	2	1	 4	3	3	2	1	104.03474006275802	2818000000.0
 6	3	3	2	1	 4	3	3	2	1	102.25463802174332	1100000.0
 7	2	2	2	1	 4	3	3	2	1	85.07246151055723	1439600000.0
 7	3	3	2	1	 4	3	3	2	1	84.32292787261014	365714.2857142857
 8	2	2	2	1	 4	3	3	2	1	76.12252026912527	876600000.0
 5	2	2	2	1	 5	0	0	2	1	792.6404676165121	17600.0
 6	1	1	2	1	 5	0	0	2	1	224.30268460781124	11533333333.333332
 6	2	2	2	1	 5	0	0	2	1	206.52412292629853	2746000.0
 7	2	2	2	1	 5	0	0	2	1	143.17292609351435	2290000.0
 8	2	2	2	1	 5	0	0	2	1	119.52297159046196	1700000.0
 5	3	3	2	1	 5	1	1	2	1	1010.6740521270777	5499.999999999999
 6	0	0	2	1	 5	1	1	2	1	280.7267305381847	38000000000.0
 6	1	1	2	1	 5	1	1	2	1	257.5825728095885	2540000.0
 6	2	2	2	1	 5	1	1	2	1	234.40952797427656	18320000000.0
 6	3	3	2	1	 5	1	1	2	1	225.561946117207	5377142.857142856
 7	0	0	2	1	 5	1	1	2	1	165.83265818638432	21600000000.0
 7	2	2	2	1	 5	1	1	2	1	156.04154865665515	14160000000.0
 7	3	3	2	1	 5	1	1	2	1	153.5382464653468	3290000.0
 8	2	2	2	1	 5	1	1	2	1	128.36012564619054	41800000000.0
 8	3	3	2	1	 5	1	1	2	1	127.24222956731975	1967142.857142857
 6	0	0	2	1	 5	2	2	2	1	347.63404976080983	1860000.0
 6	1	1	2	1	 5	2	2	2	1	312.82696686813915	16366666666.666666
 6	2	2	2	1	 5	2	2	2	1	279.29502197539483	1352200.0
 6	3	3	2	1	 5	2	2	2	1	266.8248356728566	42485714285.71428
 7	0	0	2	1	 5	2	2	2	1	187.105425904557	1280000.0
 7	2	2	2	1	 5	2	2	2	1	174.73491411544086	912600.0
 7	3	3	2	1	 5	2	2	2	1	171.60192916910583	28957142857.142853
 8	2	2	2	1	 5	2	2	2	1	140.74622135317725	616000.0
 8	3	3	2	1	 5	2	2	2	1	139.40330230222318	18657142857.142853
 6	1	1	2	1	 5	3	3	2	1	345.684461673525	516666.6666666666
 6	2	2	2	1	 5	3	3	2	1	305.1944538538819	4678000000.0
 6	3	3	2	1	 5	3	3	2	1	290.36567433222206	897714.2857142856
 7	2	2	2	1	 5	3	3	2	1	184.53211601548247	2900000000.0
 7	3	3	2	1	 5	3	3	2	1	181.04146470910436	550285.7142857143
 8	2	2	2	1	 5	3	3	2	1	147.03411611761118	1276600000.0
 8	3	3	2	1	 5	3	3	2	1	145.56915030054626	349857.1428571428
 7	2	2	2	1	 6	0	0	2	1	351.32509831135764	690000.0
 8	2	2	2	1	 6	0	0	2	1	236.49616941762682	642000.0
 6	3	3	2	1	 6	1	1	2	1	1814.4812394515545	1555.7142857142858
 7	3	3	2	1	 6	1	1	2	1	380.1146870648708	1321428.5714285714
 8	3	3	2	1	 6	1	1	2	1	251.45998580851995	988571.4285714286
 7	0	0	2	1	 6	2	2	2	1	566.8493655138101	820000.0
 7	2	2	2	1	 6	2	2	2	1	466.74197910264354	426000.0
 8	2	2	2	1	 6	2	2	2	1	283.72471511302103	317400.0
 7	3	3	2	1	 6	3	3	2	1	480.84708010764524	320614.28571428574
 8	3	3	2	1	 6	3	3	2	1	291.9150495611349	223957.14285714284
 8	2	2	2	1	 7	0	0	2	1	568.0507667373149	170000.0
 8	2	2	2	1	 7	2	2	2	1	723.572367794188	159780.0
 8	3	3	2	1	 7	3	3	2	1	742.9470736905857	126428.57142857142
 7	1	1	2	1	3	0	0	2	1	30.26784358532054	42210000000.0
 8	1	1	2	1	3	0	0	2	1	28.986072346445958	28310000000.0
 9	1	1	2	1	3	0	0	2	1	28.17649584861765	19860000000.0
10	1	1	2	1	3	0	0	2	1	27.628960921910057	14440000000.0
11	1	1	2	1	3	0	0	2	1	27.23983081106493	10810000000.0
12	1	1	2	1	3	0	0	2	1	26.95262645918724	8363000000.0
13	1	1	2	1	3	0	0	2	1	26.73422662121175	6545000000.0
14	1	1	2	1	3	0	0	2	1	26.564065704157226	5193000000.0
15	1	1	2	1	3	0	0	2	1	26.428789513604844	4104000000.0
 8	0	0	2	1	 3	1	1	2	1	31.596688610307744	28610000000.0
 9	0	0	2	1	 3	1	1	2	1	30.60180157399006	19550000000.0
 9	2	2	2	1	 3	1	1	2	1	30.423219832433528	43250000000.0
10	0	0	2	1	 3	1	1	2	1	29.935684162033457	13920000000.0
10	2	2	2	1	 3	1	1	2	1	29.811875075223973	31430000000.0
11	0	0	2	1	 3	1	1	2	1	29.465706150461344	10240000000.0
11	2	2	2	1	 3	1	1	2	1	29.376054433593218	23510000000.0
12	0	0	2	1	 3	1	1	2	1	29.120714022619328	7564000000.0
12	2	2	2	1	 3	1	1	2	1	29.053579377739045	18150000000.0
13	0	0	2	1	 3	1	1	2	1	28.859504825910665	5783000000.0
13	2	2	2	1	 3	1	1	2	1	28.80784189324162	14160000000.0
14	0	0	2	1	 3	1	1	2	1	28.656688055565038	4443000000.0
14	2	2	2	1	 3	1	1	2	1	28.61603756185089	11150000000.0
15	0	0	2	1	 3	1	1	2	1	28.495903794409305	3304000000.0
15	2	2	2	1	 3	1	1	2	1	28.46331800621131	8542000000.0
 7	1	1	2	1	 3	2	2	2	1	37.671686868376305	8334000000.0
 8	1	1	2	1	 3	2	2	2	1	35.70650786682761	5251000000.0
 9	1	1	2	1	 3	2	2	2	1	34.48591542764104	3513000000.0
 9	3	3	2	1	 3	2	2	2	1	34.30234304340932	45880000000.0
10	1	1	2	1	 3	2	2	2	1	33.669265927282055	2455000000.0
10	3	3	2	1	 3	2	2	2	1	33.542291663821835	32540000000.0
11	1	1	2	1	 3	2	2	2	1	33.093165967406584	1770000000.0
11	3	3	2	1	 3	2	2	2	1	33.001356292159684	23920000000.0
12	1	1	2	1	 3	2	2	2	1	32.67022864699497	1310000000.0
12	3	3	2	1	 3	2	2	2	1	32.60152612021501	18210000000.0
13	1	1	2	1	 3	2	2	2	1	32.34989055538936	973900000.0
13	3	3	2	1	 3	2	2	2	1	32.29705090128813	14060000000.0
14	1	1	2	1	 3	2	2	2	1	32.10106788748862	713300000.0
14	3	3	2	1	 3	2	2	2	1	32.059505153932406	10970000000.0
15	1	1	2	1	 3	2	2	2	1	31.903729993914062	471900000.0
15	3	3	2	1	 3	2	2	2	1	31.870417860930488	8351000000.0
 7	1	1	2	1	 4	0	0	2	1	68.65081350903823	16710000000.0
 8	1	1	2	1	 4	0	0	2	1	62.39301821477753	11350000000.0
 9	1	1	2	1	 4	0	0	2	1	58.758961938979446	8012000000.0
10	1	1	2	1	 4	0	0	2	1	56.427000452887505	5847000000.0
11	1	1	2	1	 4	0	0	2	1	54.82740365934586	4389000000.0
12	1	1	2	1	 4	0	0	2	1	53.676166783628915	3395000000.0
13	1	1	2	1	 4	0	0	2	1	52.81688058638262	2661000000.0
14	1	1	2	1	 4	0	0	2	1	52.15682345487197	2114000000.0
15	1	1	2	1	 4	0	0	2	1	51.637869298949724	1675000000.0
 8	0	0	2	1	 4	1	1	2	1	67.47521494992716	18590000000.0
 9	0	0	2	1	 4	1	1	2	1	63.09472644111181	12590000000.0
 9	2	2	2	1	 4	1	1	2	1	62.340248624059306	15970000000.0
10	0	0	2	1	 4	1	1	2	1	60.32702296631773	8933000000.0
10	2	2	2	1	 4	1	1	2	1	59.82632221921798	11710000000.0
11	0	0	2	1	 4	1	1	2	1	58.44833130129246	6561000000.0
11	2	2	2	1	 4	1	1	2	1	58.09663211250728	8812000000.0
12	0	0	2	1	 4	1	1	2	1	57.10634889153057	4874000000.0
12	2	2	2	1	 4	1	1	2	1	56.84874624693222	6829000000.0
13	0	0	2	1	 4	1	1	2	1	56.1104264180466	3745000000.0
13	2	2	2	1	 4	1	1	2	1	55.915462185869586	5354000000.0
14	0	0	2	1	 4	1	1	2	1	55.3488021271285	2912000000.0
14	2	2	2	1	 4	1	1	2	1	55.197356465712495	4247000000.0
15	0	0	2	1	 4	1	1	2	1	54.75211831627699	2241000000.0
15	2	2	2	1	 4	1	1	2	1	54.63194505182893	3322000000.0
 7	1	1	2	1	 4	2	2	2	1	82.64123542684247	8908000000.0
 8	1	1	2	1	 4	2	2	2	1	73.73836643347849	5520000000.0
 9	1	1	2	1	 4	2	2	2	1	68.71573568005093	3668000000.0
 9	3	3	2	1	 4	2	2	2	1	67.99071959465869	24060000000.0
10	1	1	2	1	 4	2	2	2	1	65.54781211325212	2562000000.0
10	3	3	2	1	 4	2	2	2	1	65.06828092700344	17170000000.0
11	1	1	2	1	 4	2	2	2	1	63.39915292306493	1857000000.0
11	3	3	2	1	 4	2	2	2	1	63.063046549752116	12680000000.0
12	1	1	2	1	 4	2	2	2	1	61.86484370778341	1390000000.0
12	3	3	2	1	 4	2	2	2	1	61.61895371989494	9681000000.0
13	1	1	2	1	 4	2	2	2	1	60.726159415648965	1055000000.0
13	3	3	2	1	 4	2	2	2	1	60.54023168169567	7512000000.0
14	1	1	2	1	 4	2	2	2	1	59.85524461362351	806500000.0
14	3	3	2	1	 4	2	2	2	1	59.71090561882576	5911000000.0
15	1	1	2	1	 4	2	2	2	1	59.1727899540128	597800000.0
15	3	3	2	1	 4	2	2	2	1	59.0582976767299	4609000000.0
 5	4	4	2	1	 4	3	3	2	1	157.29124179108743	280500000000.0
 6	4	4	2	1	 4	3	3	2	1	102.13266568635048	91630000000.0
 7	4	4	2	1	 4	3	3	2	1	84.30533198727561	43380000000.0
 8	4	4	2	1	 4	3	3	2	1	75.72603969176112	24560000000.0
 9	2	2	2	1	 4	3	3	2	1	71.06532265973368	544500000.0
 9	4	4	2	1	 4	3	3	2	1	70.78718679511655	15460000000.0
10	2	2	2	1	 4	3	3	2	1	67.81679394032183	372300000.0
10	4	4	2	1	 4	3	3	2	1	67.63203531228542	10450000000.0
11	2	2	2	1	 4	3	3	2	1	65.60275935745136	265100000.0
11	4	4	2	1	 4	3	3	2	1	65.47283848012579	7434000000.0
12	2	2	2	1	 4	3	3	2	1	64.01599076438436	195100000.0
12	4	4	2	1	 4	3	3	2	1	63.9207137761075	5494000000.0
13	2	2	2	1	 4	3	3	2	1	62.83498764661592	145400000.0
13	4	4	2	1	 4	3	3	2	1	62.76279802551472	4180000000.0
14	2	2	2	1	 4	3	3	2	1	61.92959294678327	108100000.0
14	4	4	2	1	 4	3	3	2	1	61.87345732282412	3252000000.0
15	2	2	2	1	 4	3	3	2	1	61.21873599754919	74500000.0
15	4	4	2	1	 4	3	3	2	1	61.1741462708698	2552000000.0
 5	1	1	2	1	 5	0	0	2	1	1869.350868845481	446800000.0
 7	1	1	2	1	 5	0	0	2	1	149.69655187360414	8227000000.0
 8	1	1	2	1	 5	0	0	2	1	122.83284310271488	5747000000.0
 9	1	1	2	1	 5	0	0	2	1	109.50034500143167	4102000000.0
10	1	1	2	1	 5	0	0	2	1	101.6702057770013	3011000000.0
11	1	1	2	1	 5	0	0	2	1	96.59255046884519	2268000000.0
12	1	1	2	1	 5	0	0	2	1	93.07560979949203	1756000000.0
13	1	1	2	1	 5	0	0	2	1	90.52189083580062	1379000000.0
14	1	1	2	1	 5	0	0	2	1	88.60018940358142	1098000000.0
15	1	1	2	1	 5	0	0	2	1	87.11299701996998	875200000.0
 5	2	2	2	1	 5	1	1	2	1	1499.0055578283536	1043000000.0
 8	0	0	2	1	 5	1	1	2	1	133.64397283570358	13190000000.0
 9	0	0	2	1	 5	1	1	2	1	117.48816413892592	8809000000.0
 9	2	2	2	1	 5	1	1	2	1	114.8987920401432	7513000000.0
10	0	0	2	1	 5	1	1	2	1	108.2411579099197	6192000000.0
10	2	2	2	1	 5	1	1	2	1	106.63980951193636	5574000000.0
11	0	0	2	1	 5	1	1	2	1	102.33907360476285	4523000000.0
11	2	2	2	1	 5	1	1	2	1	101.26569698650907	4228000000.0
12	0	0	2	1	 5	1	1	2	1	98.29460493780931	3362000000.0
12	2	2	2	1	 5	1	1	2	1	97.53387554840837	3291000000.0
13	0	0	2	1	 5	1	1	2	1	95.38061941997633	2582000000.0
13	2	2	2	1	 5	1	1	2	1	94.81862340015566	2593000000.0
14	0	0	2	1	 5	1	1	2	1	93.20056333153798	2014000000.0
14	2	2	2	1	 5	1	1	2	1	92.77195011915973	2068000000.0
15	0	0	2	1	 5	1	1	2	1	91.52108350103656	1570000000.0
15	2	2	2	1	 5	1	1	2	1	91.18580272878408	1639000000.0
 7	1	1	2	1	 5	2	2	2	1	182.5441565708085	8243000000.0
 8	1	1	2	1	 5	2	2	2	1	144.11109211530749	4931000000.0
 9	1	1	2	1	 5	2	2	2	1	126.0980407667323	3215000000.0
 9	3	3	2	1	 5	2	2	2	1	123.67789115699173	13070000000.0
10	1	1	2	1	 5	2	2	2	1	115.82560986769558	2222000000.0
10	3	3	2	1	 5	2	2	2	1	114.33666221644962	9397000000.0
11	1	1	2	1	 5	2	2	2	1	109.28112265708639	1602000000.0
11	3	3	2	1	 5	2	2	2	1	108.2863196569262	6976000000.0
12	1	1	2	1	 5	2	2	2	1	104.80093877840038	1197000000.0
12	3	3	2	1	 5	2	2	2	1	104.0972396838094	5343000000.0
13	1	1	2	1	 5	2	2	2	1	101.57442776703127	912900000.0
13	3	3	2	1	 5	2	2	2	1	101.05530772594908	4162000000.0
14	1	1	2	1	 5	2	2	2	1	99.16106171711986	705800000.0
14	3	3	2	1	 5	2	2	2	1	98.765536294901	3292000000.0
15	1	1	2	1	 5	2	2	2	1	97.30192155846547	541700000.0
15	3	3	2	1	 5	2	2	2	1	96.99272560368381	2600000000.0
 6	4	4	2	1	 5	3	3	2	1	288.9954639817003	72520000000.0
 7	4	4	2	1	 5	3	3	2	1	180.80824757069914	36400000000.0
 8	4	4	2	1	 5	3	3	2	1	145.46359413367907	20940000000.0
 9	2	2	2	1	 5	3	3	2	1	129.18835290089206	802700000.0
 9	4	4	2	1	 5	3	3	2	1	128.27213181658706	13280000000.0
10	2	2	2	1	 5	3	3	2	1	118.8398575780827	541700000.0
10	4	4	2	1	 5	3	3	2	1	118.27366367381968	9009000000.0
11	2	2	2	1	 5	3	3	2	1	112.20402243951101	383500000.0
11	4	4	2	1	 5	3	3	2	1	111.82449686412834	6423000000.0
12	2	2	2	1	 5	3	3	2	1	107.64063144754958	282300000.0
12	4	4	2	1	 5	3	3	2	1	107.37152550170536	4755000000.0
13	2	2	2	1	 5	3	3	2	1	104.34301119863775	212200000.0
13	4	4	2	1	 5	3	3	2	1	104.14409555009449	3624000000.0
14	2	2	2	1	 5	3	3	2	1	101.86987892991084	161500000.0
14	4	4	2	1	 5	3	3	2	1	101.7180760984403	2824000000.0
15	2	2	2	1	 5	3	3	2	1	99.96057888793379	119800000.0
15	4	4	2	1	 5	3	3	2	1	99.84174960397195	2230000000.0
 6	3	3	2	1	 5	4	4	2	1	292.7458702396732	812700000.0
 6	5	5	2	1	 5	4	4	2	1	291.1847198771168	107900000000.0
 7	3	3	2	1	 5	4	4	2	1	182.07852640411136	335100000.0
 7	5	5	2	1	 5	4	4	2	1	181.66717152911858	33380000000.0
 8	3	3	2	1	 5	4	4	2	1	146.2078223688672	173100000.0
 8	5	5	2	1	 5	4	4	2	1	146.02176051734807	15350000000.0
 9	3	3	2	1	 5	4	4	2	1	128.8121247883598	102500000.0
 9	5	5	2	1	 5	4	4	2	1	128.70762137756293	8550000000.0
10	5	5	2	1	 5	4	4	2	1	118.64486554390956	5337000000.0
11	5	5	2	1	 5	4	4	2	1	112.1569583050095	3593000000.0
12	5	5	2	1	 5	4	4	2	1	107.67847708660659	2552000000.0
13	5	5	2	1	 5	4	4	2	1	104.43318380508303	1885000000.0
14	5	5	2	1	 5	4	4	2	1	101.99408039656392	1449000000.0
15	5	5	2	1	 5	4	4	2	1	100.10783501127973	1132000000.0
 6	1	1	2	1	 6	0	0	2	1	3309.815687200622	174300000.0
 7	1	1	2	1	 6	0	0	2	1	386.8628022203926	4201000000.0
 8	1	1	2	1	 6	0	0	2	1	247.1662245720146	3267000000.0
 9	1	1	2	1	 6	0	0	2	1	198.52667616199568	2394000000.0
10	1	1	2	1	 6	0	0	2	1	174.2027256370626	1775000000.0
11	1	1	2	1	 6	0	0	2	1	159.80873124291952	1343000000.0
12	1	1	2	1	 6	0	0	2	1	150.40605786488817	1042000000.0
13	1	1	2	1	 6	0	0	2	1	143.8483248443033	819900000.0
14	1	1	2	1	 6	0	0	2	1	139.05550993762276	654500000.0
15	1	1	2	1	 6	0	0	2	1	135.42688046543108	524300000.0
 6	2	2	2	1	 6	1	1	2	1	2676.193201818408	403800000.0
 7	0	0	2	1	 6	1	1	2	1	477.1481554511424	17220000000.0
 7	2	2	2	1	 6	1	1	2	1	397.88479254722904	6333000000.0
 8	0	0	2	1	 6	1	1	2	1	276.23579153956825	10180000000.0
 8	2	2	2	1	 6	1	1	2	1	256.6730340329829	5314000000.0
 9	0	0	2	1	 6	1	1	2	1	215.09890090683598	6627000000.0
 9	2	2	2	1	 6	1	1	2	1	206.57570787310257	4031000000.0
10	0	0	2	1	 6	1	1	2	1	186.00642170732138	4589000000.0
10	2	2	2	1	 6	1	1	2	1	181.32729127348713	3049000000.0
11	0	0	2	1	 6	1	1	2	1	169.23430632013125	3321000000.0
11	2	2	2	1	 6	1	1	2	1	166.31903714331068	2338000000.0
12	0	0	2	1	 6	1	1	2	1	158.45281873146817	2460000000.0
12	2	2	2	1	 6	1	1	2	1	156.48530146643745	1831000000.0
13	0	0	2	1	 6	1	1	2	1	151.01545643262142	1883000000.0
13	2	2	2	1	 6	1	1	2	1	149.61146092287973	1450000000.0
14	0	0	2	1	 6	1	1	2	1	145.62235676416427	1468000000.0
14	2	2	2	1	 6	1	1	2	1	144.5786880469515	1162000000.0
15	0	0	2	1	 6	1	1	2	1	141.56340256972027	1150000000.0
15	2	2	2	1	 6	1	1	2	1	140.76283266493317	929600000.0
 7	1	1	2	1	 6	2	2	2	1	523.8073070549314	7978000000.0
 7	3	3	2	1	 6	2	2	2	1	445.35824662199917	14650000000.0
 8	1	1	2	1	 6	2	2	2	1	296.73031295191737	4431000000.0
 8	3	3	2	1	 6	2	2	2	1	278.3323655895146	10720000000.0
 9	1	1	2	1	 6	2	2	2	1	229.28892115468653	2792000000.0
 9	3	3	2	1	 6	2	2	2	1	221.41078212330495	7632000000.0
10	1	1	2	1	 6	2	2	2	1	197.44733829870444	1893000000.0
10	3	3	2	1	 6	2	2	2	1	193.15932342976438	5557000000.0
11	1	1	2	1	 6	2	2	2	1	179.15741245079715	1349000000.0
11	3	3	2	1	 6	2	2	2	1	176.49916273681714	4154000000.0
12	1	1	2	1	 6	2	2	2	1	167.42365470927805	1001000000.0
12	3	3	2	1	 6	2	2	2	1	165.63489803048702	3193000000.0
13	1	1	2	1	 6	2	2	2	1	159.33791880083942	761000000.0
13	3	3	2	1	 6	2	2	2	1	158.06419016358475	2496000000.0
14	1	1	2	1	 6	2	2	2	1	153.4783727367398	589600000.0
14	3	3	2	1	 6	2	2	2	1	152.53292269311797	1982000000.0
15	1	1	2	1	 6	2	2	2	1	149.06991445726615	458600000.0
15	3	3	2	1	 6	2	2	2	1	148.34541618134102	1579000000.0
 7	2	2	2	1	 6	3	3	2	1	507.49940836518977	2850000000.0
 7	4	4	2	1	 6	3	3	2	1	478.90866182452845	24540000000.0
 8	2	2	2	1	 6	3	3	2	1	298.2259227215382	1512000000.0
 8	4	4	2	1	 6	3	3	2	1	291.3810631803661	14930000000.0
 9	2	2	2	1	 6	3	3	2	1	232.66659656642346	915700000.0
 9	4	4	2	1	 6	3	3	2	1	229.71156915766065	9608000000.0
10	2	2	2	1	 6	3	3	2	1	201.1244886136281	603200000.0
10	4	4	2	1	 6	3	3	2	1	199.50811949365567	6559000000.0
11	2	2	2	1	 6	3	3	2	1	182.82551246418566	421000000.0
11	4	4	2	1	 6	3	3	2	1	181.8200307094374	4692000000.0
12	2	2	2	1	 6	3	3	2	1	171.01232162409897	307100000.0
12	4	4	2	1	 6	3	3	2	1	170.33407619493914	3481000000.0
13	2	2	2	1	 6	3	3	2	1	162.83634237878988	230400000.0
13	4	4	2	1	 6	3	3	2	1	162.3524140778486	2657000000.0
14	2	2	2	1	 6	3	3	2	1	156.89217789192065	176100000.0
14	4	4	2	1	 6	3	3	2	1	156.53239420782913	2075000000.0
15	2	2	2	1	 6	3	3	2	1	152.40874365056632	134100000.0
15	4	4	2	1	 6	3	3	2	1	152.13267637873767	1644000000.0
 7	3	3	2	1	 6	4	4	2	1	485.77123028549113	791000000.0
 7	5	5	2	1	 6	4	4	2	1	482.8542779149272	34900000000.0
 8	3	3	2	1	 6	4	4	2	1	293.5973167636413	374600000.0
 8	5	5	2	1	 6	4	4	2	1	292.84800336409774	16920000000.0
 9	3	3	2	1	 6	4	4	2	1	230.96338052757804	209900000.0
 9	5	5	2	1	 6	4	4	2	1	230.62762442884738	9554000000.0
10	3	3	2	1	 6	4	4	2	1	200.38986892958164	131200000.0
10	5	5	2	1	 6	4	4	2	1	200.20175920639687	5998000000.0
11	3	3	2	1	 6	4	4	2	1	182.51678734238575	88340000.0
11	5	5	2	1	 6	4	4	2	1	182.39778673004867	4049000000.0
12	3	3	2	1	 6	4	4	2	1	170.9234040719629	62870000.0
12	5	5	2	1	 6	4	4	2	1	170.8422411731389	2881000000.0
13	3	3	2	1	 6	4	4	2	1	162.87328079424643	46410000.0
13	5	5	2	1	 6	4	4	2	1	162.81482578560286	2133000000.0
14	3	3	2	1	 6	4	4	2	1	157.00656260182004	35240000.0
14	5	5	2	1	 6	4	4	2	1	156.96278462887528	1629000000.0
15	3	3	2	1	 6	4	4	2	1	152.573392647874	27130000.0
15	5	5	2	1	 6	4	4	2	1	152.53960608913448	1274000000.0
 7	4	4	2	1	 6	5	5	2	1	483.1462296502232	220900000.0
 7	6	6	2	1	 6	5	5	2	1	483.01315506101963	48570000000.0
 8	4	4	2	1	 6	5	5	2	1	292.9443252441207	86090000.0
 8	6	6	2	1	 6	5	5	2	1	292.9064625299856	14270000000.0
 9	6	6	2	1	 6	5	5	2	1	230.66397386893124	6343000000.0
10	6	6	2	1	 6	5	5	2	1	200.22919780985595	3456000000.0
11	6	6	2	1	 6	5	5	2	1	182.42060965221728	2125000000.0
12	6	6	2	1	 6	5	5	2	1	170.862297051752	1416000000.0
13	6	6	2	1	 6	5	5	2	1	162.83306561967012	999300000.0
14	6	6	2	1	 6	5	5	2	1	156.97975512614082	735700000.0
15	6	6	2	1	 6	5	5	2	1	152.55564752609905	559800000.0
 8	1	1	2	1	 7	0	0	2	1	606.816921061895	1841000000.0
 9	1	1	2	1	 7	0	0	2	1	378.90417560892115	1498000000.0
10	1	1	2	1	 7	0	0	2	1	299.17533171957206	1138000000.0
11	1	1	2	1	 7	0	0	2	1	259.0966475468795	869000000.0
12	1	1	2	1	 7	0	0	2	1	235.25251203746888	676300000.0
13	1	1	2	1	 7	0	0	2	1	219.59440914243038	533500000.0
14	1	1	2	1	 7	0	0	2	1	208.61774990019302	426800000.0
15	1	1	2	1	 7	0	0	2	1	200.5558725435389	343400000.0
 7	2	2	2	1	 7	1	1	2	1	4337.901010158775	182000000.0
 8	0	0	2	1	 7	1	1	2	1	747.7576947116265	8631000000.0
 8	2	2	2	1	 7	1	1	2	1	619.8693583538678	2612000000.0
 9	0	0	2	1	 7	1	1	2	1	422.60780486305583	5350000000.0
 9	2	2	2	1	 7	1	1	2	1	390.9187761838375	2299000000.0
10	0	0	2	1	 7	1	1	2	1	323.2694819280979	3613000000.0
10	2	2	2	1	 7	1	1	2	1	309.3939217837268	1813000000.0
11	0	0	2	1	 7	1	1	2	1	275.7705270238469	2576000000.0
11	2	2	2	1	 7	1	1	2	1	268.11256326132735	1416000000.0
12	0	0	2	1	 7	1	1	2	1	248.2459682779275	1894000000.0
12	2	2	2	1	 7	1	1	2	1	243.45042545375802	1118000000.0
13	0	0	2	1	 7	1	1	2	1	230.46388455242803	1441000000.0
13	2	2	2	1	 7	1	1	2	1	227.20994360435813	891500000.0
14	0	0	2	1	 7	1	1	2	1	218.13517633003562	1120000000.0
14	2	2	2	1	 7	1	1	2	1	215.80166014286658	718200000.0
15	0	0	2	1	 7	1	1	2	1	209.15214071522828	878000000.0
15	2	2	2	1	 7	1	1	2	1	207.40932741061755	578900000.0
 8	1	1	2	1	 7	2	2	2	1	812.7185354594293	4287000000.0
 8	3	3	2	1	 7	2	2	2	1	688.135751101528	5990000000.0
 9	1	1	2	1	 7	2	2	2	1	450.10891682306124	2515000000.0
 9	3	3	2	1	 7	2	2	2	1	420.72196084484597	4679000000.0
10	1	1	2	1	 7	2	2	2	1	341.8784300744161	1649000000.0
10	3	3	2	1	 7	2	2	2	1	329.2237216102563	3496000000.0
11	1	1	2	1	 7	2	2	2	1	290.5238309874872	1153000000.0
11	3	3	2	1	 7	2	2	2	1	283.59751145713125	2643000000.0
12	1	1	2	1	 7	2	2	2	1	260.87548010658884	844900000.0
12	3	3	2	1	 7	2	2	2	1	256.55828270533357	2042000000.0
13	1	1	2	1	 7	2	2	2	1	241.75934358561128	638000000.0
13	3	3	2	1	 7	2	2	2	1	238.83914053844398	1603000000.0
14	1	1	2	1	 7	2	2	2	1	228.5217669386776	493000000.0
14	3	3	2	1	 7	2	2	2	1	226.43202226461258	1278000000.0
15	1	1	2	1	 7	2	2	2	1	218.88368717271763	385100000.0
15	3	3	2	1	 7	2	2	2	1	217.32522325000338	1024000000.0
 8	2	2	2	1	 7	3	3	2	1	783.1106366838726	1740000000.0
 8	4	4	2	1	 7	3	3	2	1	737.6109600463911	9962000000.0
 9	2	2	2	1	 7	3	3	2	1	450.08718242775143	989000000.0
 9	4	4	2	1	 7	3	3	2	1	439.1586291475008	6763000000.0
10	2	2	2	1	 7	3	3	2	1	345.3228063677095	627500000.0
10	4	4	2	1	 7	3	3	2	1	340.5851238603995	4680000000.0
11	2	2	2	1	 7	3	3	2	1	294.6816719552959	428000000.0
11	4	4	2	1	 7	3	3	2	1	292.0782295115709	3365000000.0
12	2	2	2	1	 7	3	3	2	1	265.15858071795924	307600000.0
12	4	4	2	1	 7	3	3	2	1	263.53154820149086	2503000000.0
13	2	2	2	1	 7	3	3	2	1	246.00660869838347	228700000.0
13	4	4	2	1	 7	3	3	2	1	244.90376701839855	1914000000.0
14	2	2	2	1	 7	3	3	2	1	232.6879973985713	174400000.0
14	4	4	2	1	 7	3	3	2	1	231.89748993501144	1497000000.0
15	2	2	2	1	 7	3	3	2	1	222.96049103346567	133900000.0
15	4	4	2	1	 7	3	3	2	1	222.37017173882757	1189000000.0
 8	3	3	2	1	 7	4	4	2	1	748.7459745762669	601500000.0
 8	5	5	2	1	 7	4	4	2	1	743.8918218753901	13710000000.0
 9	3	3	2	1	 7	4	4	2	1	442.62839634845676	314000000.0
 9	5	5	2	1	 7	4	4	2	1	441.39688620240815	8149000000.0
10	3	3	2	1	 7	4	4	2	1	342.48768590868673	187000000.0
10	5	5	2	1	 7	4	4	2	1	341.93857426681353	5182000000.0
11	3	3	2	1	 7	4	4	2	1	293.3851472977949	121900000.0
11	5	5	2	1	 7	4	4	2	1	293.077786946762	3517000000.0
12	3	3	2	1	 7	4	4	2	1	264.5422423585197	84880000.0
12	5	5	2	1	 7	4	4	2	1	264.3478712979433	2509000000.0
13	3	3	2	1	 7	4	4	2	1	245.74352303681786	61740000.0
13	5	5	2	1	 7	4	4	2	1	245.61047548069382	1860000000.0
14	3	3	2	1	 7	4	4	2	1	232.62839937421177	46440000.0
14	5	5	2	1	 7	4	4	2	1	232.53230738546742	1421000000.0
15	3	3	2	1	 7	4	4	2	1	223.02692766880767	35680000.0
15	5	5	2	1	 7	4	4	2	1	222.95474107501408	1113000000.0
 8	4	4	2	1	 7	5	5	2	1	744.4396647096941	254000000.0
 8	6	6	2	1	 7	5	5	2	1	744.1952011849447	18400000000.0
 9	4	4	2	1	 7	5	5	2	1	441.57021460319066	114800000.0
 9	6	6	2	1	 7	5	5	2	1	441.5040263358552	8620000000.0
10	4	4	2	1	 7	5	5	2	1	342.03381627144574	62330000.0
10	6	6	2	1	 7	5	5	2	1	342.0030076196546	4761000000.0
11	4	4	2	1	 7	5	5	2	1	293.14301027092625	38180000.0
11	6	6	2	1	 7	5	5	2	1	293.125243959296	2944000000.0
12	4	4	2	1	 7	5	5	2	1	264.39805571883204	25370000.0
12	6	6	2	1	 7	5	5	2	1	264.3865592989212	1968000000.0
13	4	4	2	1	 7	5	5	2	1	245.6519315450466	17860000.0
13	6	6	2	1	 7	5	5	2	1	245.64392877851057	1390000000.0
14	6	6	2	1	 7	5	5	2	1	232.56233298258974	1025000000.0
15	6	6	2	1	 7	5	5	2	1	222.9823738967552	780300000.0
 8	5	5	2	1	 7	6	6	2	1	744.2075123035927	78030000.0
 8	7	7	2	1	 7	6	6	2	1	744.2013678154423	24420000000.0
 9	7	7	2	1	 7	6	6	2	1	441.5061454520526	6788000000.0
10	7	7	2	1	 7	6	6	2	1	342.00431709375573	2904000000.0
11	7	7	2	1	 7	6	6	2	1	293.1261990434282	1539000000.0
12	7	7	2	1	 7	6	6	2	1	264.387339078134	927800000.0
13	7	7	2	1	 7	6	6	2	1	245.6446027984014	609200000.0
14	7	7	2	1	 7	6	6	2	1	232.56293782536372	425100000.0
15	7	7	2	1	 7	6	6	2	1	222.9829305135008	310300000.0
 9	1	1	2	1	 8	0	0	2	1	896.9582267041636	905900000.0
10	1	1	2	1	 8	0	0	2	1	549.9911765803491	762500000.0
11	1	1	2	1	 8	0	0	2	1	428.21911652952065	595900000.0
12	1	1	2	1	 8	0	0	2	1	366.7785152326564	467200000.0
13	1	1	2	1	 8	0	0	2	1	330.083178675361	369900000.0
14	1	1	2	1	 8	0	0	2	1	305.89034143728054	296600000.0
15	1	1	2	1	 8	0	0	2	1	288.8644667096636	239500000.0
 9	0	0	2	1	 8	1	1	2	1	1104.611564325401	4699000000.0
 9	2	2	2	1	 8	1	1	2	1	911.4842732265023	1225000000.0
10	0	0	2	1	 8	1	1	2	1	612.5837458074207	3023000000.0
10	2	2	2	1	 8	1	1	2	1	564.6014017314652	1117000000.0
11	0	0	2	1	 8	1	1	2	1	461.84282392296785	2102000000.0
11	2	2	2	1	 8	1	1	2	1	440.75926401410175	907200000.0
12	0	0	2	1	 8	1	1	2	1	389.5145364614562	1526000000.0
12	2	2	2	1	 8	1	1	2	1	377.83642737103503	728100000.0
13	0	0	2	1	 8	1	1	2	1	347.45022052869086	1150000000.0
13	2	2	2	1	 8	1	1	2	1	340.1069826752345	585700000.0
14	0	0	2	1	 8	1	1	2	1	320.16916981154066	888400000.0
14	2	2	2	1	 8	1	1	2	1	315.167089024581	474800000.0
15	0	0	2	1	 8	1	1	2	1	301.18268308489814	695100000.0
15	2	2	2	1	 8	1	1	2	1	297.5819014753345	385400000.0
 9	1	1	2	1	 8	2	2	2	1	1191.9411807974986	2454000000.0
 9	3	3	2	1	 8	2	2	2	1	1005.8846895985397	2790000000.0
10	1	1	2	1	 8	2	2	2	1	648.3825222114391	1502000000.0
10	3	3	2	1	 8	2	2	2	1	604.3277310947627	2279000000.0
11	1	1	2	1	 8	2	2	2	1	485.5921161618377	1017000000.0
11	3	3	2	1	 8	2	2	2	1	466.54692638045	1765000000.0
12	1	1	2	1	 8	2	2	2	1	408.07507093922004	730500000.0
12	3	3	2	1	 8	2	2	2	1	397.60911264606665	1377000000.0
13	1	1	2	1	 8	2	2	2	1	363.15727776894084	545200000.0
13	3	3	2	1	 8	2	2	2	1	356.60775261085314	1087000000.0
14	1	1	2	1	 8	2	2	2	1	334.0868279690332	418500000.0
14	3	3	2	1	 8	2	2	2	1	329.6392246521967	869400000.0
15	1	1	2	1	 8	2	2	2	1	313.88111905122304	326600000.0
15	3	3	2	1	 8	2	2	2	1	310.68619621871767	700600000.0
 9	2	2	2	1	 8	3	3	2	1	1143.7090029548197	1086000000.0
 9	4	4	2	1	 8	3	3	2	1	1075.6874932158403	4611000000.0
10	2	2	2	1	 8	3	3	2	1	645.8289206014957	650900000.0
10	4	4	2	1	 8	3	3	2	1	629.4533642069533	3358000000.0
11	2	2	2	1	 8	3	3	2	1	488.74688233007015	428700000.0
11	4	4	2	1	 8	3	3	2	1	481.6267144071778	2444000000.0
12	2	2	2	1	 8	3	3	2	1	412.5608982402649	301300000.0
12	4	4	2	1	 8	3	3	2	1	408.63551462107387	1827000000.0
13	2	2	2	1	 8	3	3	2	1	367.98691194309106	221000000.0
13	4	4	2	1	 8	3	3	2	1	365.5247304096818	1400000000.0
14	2	2	2	1	 8	3	3	2	1	338.9650370544497	167200000.0
14	4	4	2	1	 8	3	3	2	1	337.2901155299628	1096000000.0
15	2	2	2	1	 8	3	3	2	1	318.70924649656627	128400000.0
15	4	4	2	1	 8	3	3	2	1	317.5044131905784	872700000.0
 9	3	3	2	1	 8	4	4	2	1	1092.442142757731	429300000.0
 9	5	5	2	1	 8	4	4	2	1	1084.9710171274758	6188000000.0
10	3	3	2	1	 8	4	4	2	1	634.5331355620101	241000000.0
10	5	5	2	1	 8	4	4	2	1	632.6508479056891	4132000000.0
11	3	3	2	1	 8	4	4	2	1	484.34648831608564	150500000.0
11	5	5	2	1	 8	4	4	2	1	483.5093680335868	2838000000.0
12	3	3	2	1	 8	4	4	2	1	410.4646402688265	101700000.0
12	5	5	2	1	 8	4	4	2	1	409.99688674724996	2034000000.0
13	3	3	2	1	 8	4	4	2	1	366.9143009822342	72560000.0
13	5	5	2	1	 8	4	4	2	1	366.6177795441664	1511000000.0
14	3	3	2	1	 8	4	4	2	1	338.42664203345345	53850000.0
14	5	5	2	1	 8	4	4	2	1	338.2233083976539	1156000000.0
15	3	3	2	1	 8	4	4	2	1	318.4802296046294	41070000.0
15	5	5	2	1	 8	4	4	2	1	318.33305030080743	905800000.0
 9	4	4	2	1	 8	5	5	2	1	1085.8671222656621	219200000.0
 9	6	6	2	1	 8	5	5	2	1	1085.4669565625825	8072000000.0
10	4	4	2	1	 8	5	5	2	1	632.9254083564213	109800000.0
10	6	6	2	1	 8	5	5	2	1	632.8199195462323	4690000000.0
11	4	4	2	1	 8	5	5	2	1	483.6568125163648	63610000.0
11	6	6	2	1	 8	5	5	2	1	483.6084514685323	2938000000.0
12	4	4	2	1	 8	5	5	2	1	410.09597832541436	40740000.0
12	6	6	2	1	 8	5	5	2	1	410.0683212204093	1974000000.0
13	4	4	2	1	 8	5	5	2	1	366.69285283130023	27950000.0
13	6	6	2	1	 8	5	5	2	1	366.67502092801277	1398000000.0
14	4	4	2	1	 8	5	5	2	1	338.2845012162262	20170000.0
14	6	6	2	1	 8	5	5	2	1	338.2721111109691	1032000000.0
15	4	4	2	1	 8	5	5	2	1	318.3854053986086	15120000.0
15	6	6	2	1	 8	5	5	2	1	318.37634225119734	786600000.0
 9	5	5	2	1	 8	6	6	2	1	1085.4907042373359	101300000.0
 9	7	7	2	1	 8	6	6	2	1	1085.4794052655318	10420000000.0
10	5	5	2	1	 8	6	6	2	1	632.8275115337246	43640000.0
10	7	7	2	1	 8	6	6	2	1	632.8242803342996	4696000000.0
11	5	5	2	1	 8	6	6	2	1	483.61254913368	22930000.0
11	7	7	2	1	 8	6	6	2	1	483.6109796174227	2523000000.0
12	7	7	2	1	 8	6	6	2	1	410.07014565732806	1529000000.0
13	7	7	2	1	 8	6	6	2	1	366.67648163358666	1007000000.0
14	7	7	2	1	 8	6	6	2	1	338.2733557677701	703800000.0
15	7	7	2	1	 8	6	6	2	1	318.37744598134543	514300000.0
 9	6	6	2	1	 8	7	7	2	1	1085.480028490435	31700000.0
 9	8	8	2	1	 8	7	7	2	1	1085.4798554872755	13350000000.0
10	8	8	2	1	 8	7	7	2	1	632.8243329378167	3508000000.0
11	8	8	2	1	 8	7	7	2	1	483.6110166268138	1440000000.0
12	8	8	2	1	 8	7	7	2	1	410.07016717370834	740300000.0
13	8	8	2	1	 8	7	7	2	1	366.67649917652517	435800000.0
14	8	8	2	1	 8	7	7	2	1	338.27337076096774	281000000.0
15	8	8	2	1	 8	7	7	2	1	318.3774593072212	193300000.0
10	1	1	2	1	 9	0	0	2	1	1266.9735449499005	486500000.0
11	1	1	2	1	 9	0	0	2	1	765.5065617111726	420500000.0
12	1	1	2	1	 9	0	0	2	1	589.0972732316891	336800000.0
13	1	1	2	1	 9	0	0	2	1	499.8473239207896	268600000.0
14	1	1	2	1	 9	0	0	2	1	446.38535427478513	216100000.0
15	1	1	2	1	 9	0	0	2	1	411.03166321767645	174800000.0
10	0	0	2	1	 9	1	1	2	1	1559.6155521946416	2731000000.0
10	2	2	2	1	 9	1	1	2	1	1282.191300802299	632300000.0
11	0	0	2	1	 9	1	1	2	1	851.7941339550437	1810000000.0
11	2	2	2	1	 9	1	1	2	1	782.7384244412173	592200000.0
12	0	0	2	1	 9	1	1	2	1	634.4968016904177	1284000000.0
12	2	2	2	1	 9	1	1	2	1	604.08297510979	493300000.0
13	0	0	2	1	 9	1	1	2	1	529.9799244799616	954000000.0
13	2	2	2	1	 9	1	1	2	1	513.0822904757387	403200000.0
14	0	0	2	1	 9	1	1	2	1	469.02057732653736	730000000.0
14	2	2	2	1	 9	1	1	2	1	458.3636405732278	329700000.0
15	0	0	2	1	 9	1	1	2	1	429.36923263584515	568300000.0
15	2	2	2	1	 9	1	1	2	1	422.08817653469566	269600000.0
10	1	1	2	1	 9	2	2	2	1	1673.7341783780703	1482000000.0
10	3	3	2	1	 9	2	2	2	1	1408.6525170109255	1433000000.0
11	1	1	2	1	 9	2	2	2	1	897.2564978647962	937400000.0
11	3	3	2	1	 9	2	2	2	1	834.3247109180198	1209000000.0
12	1	1	2	1	 9	2	2	2	1	664.1444665350411	652200000.0
12	3	3	2	1	 9	2	2	2	1	636.8615861831457	964000000.0
13	1	1	2	1	 9	2	2	2	1	552.8542888269297	477900000.0
13	3	3	2	1	 9	2	2	2	1	537.817001695087	768000000.0
14	1	1	2	1	 9	2	2	2	1	488.1857000825786	362800000.0
14	3	3	2	1	 9	2	2	2	1	478.7468563178395	617700000.0
15	1	1	2	1	 9	2	2	2	1	446.2121244276381	281700000.0
15	3	3	2	1	 9	2	2	2	1	439.7829825512729	500200000.0
10	2	2	2	1	 9	3	3	2	1	1600.6846888068487	698600000.0
10	4	4	2	1	 9	3	3	2	1	1503.725416367234	2355000000.0
11	2	2	2	1	 9	3	3	2	1	890.9607975923856	436500000.0
11	4	4	2	1	 9	3	3	2	1	867.5797654974668	1800000000.0
12	2	2	2	1	 9	3	3	2	1	666.5690976001182	296800000.0
12	4	4	2	1	 9	3	3	2	1	656.3817850736376	1360000000.0
13	2	2	2	1	 9	3	3	2	1	557.4686224004106	213200000.0
13	4	4	2	1	 9	3	3	2	1	551.8374024317809	1047000000.0
14	2	2	2	1	 9	3	3	2	1	493.4636411034426	159200000.0
14	4	4	2	1	 9	3	3	2	1	489.9218907256576	821200000.0
15	2	2	2	1	 9	3	3	2	1	451.67301012484114	121700000.0
15	4	4	2	1	 9	3	3	2	1	449.2569846316438	654800000.0
10	3	3	2	1	 9	4	4	2	1	1527.6305600424532	302500000.0
10	5	5	2	1	 9	4	4	2	1	1516.7661894657824	3097000000.0
11	3	3	2	1	 9	4	4	2	1	874.6730303347974	179700000.0
11	5	5	2	1	 9	4	4	2	1	871.9468000361057	2229000000.0
12	3	3	2	1	 9	4	4	2	1	660.1051536691352	116700000.0
12	5	5	2	1	 9	4	4	2	1	658.8962521673376	1615000000.0
13	3	3	2	1	 9	4	4	2	1	554.2995227730136	81100000.0
13	5	5	2	1	 9	4	4	2	1	553.6230713407166	1205000000.0
14	3	3	2	1	 9	4	4	2	1	491.7637406809266	59110000.0
14	5	5	2	1	 9	4	4	2	1	491.3345256379719	923400000.0
15	3	3	2	1	 9	4	4	2	1	450.74302000725226	44570000.0
15	5	5	2	1	 9	4	4	2	1	450.44826820608773	724300000.0
10	4	4	2	1	 9	5	5	2	1	1518.1148140504206	172800000.0
10	6	6	2	1	 9	5	5	2	1	1517.5080646605836	3949000000.0
11	4	4	2	1	 9	5	5	2	1	872.3503303173159	93490000.0
11	6	6	2	1	 9	5	5	2	1	872.1930160740708	2599000000.0
12	4	4	2	1	 9	5	5	2	1	659.1087720840817	56960000.0
12	6	6	2	1	 9	5	5	2	1	659.0373336218922	1767000000.0
13	4	4	2	1	 9	5	5	2	1	553.7636185359714	37800000.0
13	6	6	2	1	 9	5	5	2	1	553.7229525903871	1258000000.0
14	4	4	2	1	 9	5	5	2	1	491.4395224003988	26640000.0
14	6	6	2	1	 9	5	5	2	1	491.4133740826689	930500000.0
15	4	4	2	1	 9	5	5	2	1	450.53280848363664	19630000.0
15	6	6	2	1	 9	5	5	2	1	450.51466083115525	710000000.0
10	5	5	2	1	 9	6	6	2	1	1517.5476508974868	96120000.0
10	7	7	2	1	 9	6	6	2	1	1517.5290696600257	4985000000.0
11	5	5	2	1	 9	6	6	2	1	872.2049993789661	46150000.0
11	7	7	2	1	 9	6	6	2	1	872.1998942501392	2819000000.0
12	5	5	2	1	 9	6	6	2	1	659.0436794325103	25960000.0
12	7	7	2	1	 9	6	6	2	1	659.0412780288025	1731000000.0
13	5	5	2	1	 9	6	6	2	1	553.7271487732643	16280000.0
13	7	7	2	1	 9	6	6	2	1	553.7257415595776	1146000000.0
14	5	5	2	1	 9	6	6	2	1	491.4164991588668	11000000.0
14	7	7	2	1	 9	6	6	2	1	491.4155738167105	802700000.0
15	5	5	2	1	 9	6	6	2	1	450.5171656067717	7842000.0
15	7	7	2	1	 9	6	6	2	1	450.5165120090825	587500000.0
10	7	7	2	1	 9	8	8	2	1	1517.5294077906951	14280000.0
10	9	9	2	1	 9	8	8	2	1	1517.5294045054138	7788000000.0
11	9	9	2	1	 9	8	8	2	1	872.1999284772463	1936000000.0
12	9	9	2	1	 9	8	8	2	1	659.0413413250049	762300000.0
13	9	9	2	1	 9	8	8	2	1	553.725785233125	379200000.0
14	9	9	2	1	 9	8	8	2	1	491.4156087177166	217600000.0
15	9	9	2	1	 9	8	8	2	1	450.5165414983336	137400000.0
10	6	6	2	1	 9	7	7	2	1	1517.5301477364073	45210000.0
10	8	8	2	1	 9	7	7	2	1	1517.5299781654433	6248000000.0
11	6	6	2	1	 9	7	7	2	1	872.2003109862878	18560000.0
11	8	8	2	1	 9	7	7	2	1	872.2002148163743	2703000000.0
12	8	8	2	1	 9	7	7	2	1	659.0414478990701	1408000000.0
13	8	8	2	1	 9	7	7	2	1	553.7258622506748	833600000.0
14	8	8	2	1	 9	7	7	2	1	491.41566900610724	539000000.0
15	8	8	2	1	 9	7	7	2	1	450.5165921022588	371300000.0
11	1	1	2	1	10	0	0	2	1	1726.548316954997	279800000.0
12	1	1	2	1	10	0	0	2	1	1030.5259587488104	247300000.0
13	1	1	2	1	10	0	0	2	1	785.2519393906715	201500000.0
14	1	1	2	1	10	0	0	2	1	660.9024452417343	163300000.0
15	1	1	2	1	10	0	0	2	1	586.2460776240428	132700000.0
11	0	0	2	1	10	1	1	2	1	2124.672723078379	1673000000.0
11	2	2	2	1	10	1	1	2	1	1741.4499330077083	351900000.0
12	0	0	2	1	10	1	1	2	1	1145.842608485984	1134000000.0
12	2	2	2	1	10	1	1	2	1	1050.343089961461	336900000.0
13	0	0	2	1	10	1	1	2	1	844.9285277359044	822200000.0
13	2	2	2	1	10	1	1	2	1	802.7787492403396	285600000.0
14	0	0	2	1	10	1	1	2	1	699.9023456365554	620100000.0
14	2	2	2	1	10	1	1	2	1	676.4334394456283	237100000.0
15	0	0	2	1	10	1	1	2	1	615.1325288001965	478700000.0
15	2	2	2	1	10	1	1	2	1	600.2972631875346	195800000.0
11	1	1	2	1	10	2	2	2	1	2270.3583024679856	935500000.0
11	3	3	2	1	10	2	2	2	1	1906.4878514937564	794000000.0
12	1	1	2	1	10	2	2	2	1	1202.4330908259924	608600000.0
12	3	3	2	1	10	2	2	2	1	1115.8839878664699	687500000.0
13	1	1	2	1	10	2	2	2	1	881.2548939629744	432300000.0
13	3	3	2	1	10	2	2	2	1	843.6546611159849	559400000.0
14	1	1	2	1	10	2	2	2	1	727.6159249993558	322400000.0
14	3	3	2	1	10	2	2	2	1	706.8450763437886	453800000.0
15	1	1	2	1	10	2	2	2	1	638.1469538605371	247900000.0
15	3	3	2	1	10	2	2	2	1	625.0783739734972	369600000.0
11	2	2	2	1	10	3	3	2	1	2165.428818261495	462900000.0
11	4	4	2	1	10	3	3	2	1	2032.3128534374973	1299000000.0
12	2	2	2	1	10	3	3	2	1	1190.9894219348469	299400000.0
12	4	4	2	1	10	3	3	2	1	1158.8532400451797	1028000000.0
13	2	2	2	1	10	3	3	2	1	882.4245278573776	208600000.0
13	4	4	2	1	10	3	3	2	1	868.3974552475382	799100000.0
14	2	2	2	1	10	3	3	2	1	732.1125437455296	152800000.0
14	4	4	2	1	10	3	3	2	1	724.3436629486506	629200000.0
15	2	2	2	1	10	3	3	2	1	643.7452571281691	115600000.0
15	4	4	2	1	10	3	3	2	1	638.8486578543653	502700000.0
11	3	3	2	1	10	4	4	2	1	2065.081683871428	214300000.0
11	5	5	2	1	10	4	4	2	1	2049.949306179635	1679000000.0
12	3	3	2	1	10	4	4	2	1	1168.4042887076532	133200000.0
12	5	5	2	1	10	4	4	2	1	1164.622137046763	1273000000.0
13	3	3	2	1	10	4	4	2	1	873.3344154516673	89310000.0
13	5	5	2	1	10	4	4	2	1	871.6563696194327	959100000.0
14	3	3	2	1	10	4	4	2	1	727.5612142366845	63540000.0
14	5	5	2	1	10	4	4	2	1	726.6220981307118	737700000.0
15	3	3	2	1	10	4	4	2	1	641.2241666844628	47140000.0
15	5	5	2	1	10	4	4	2	1	640.6278208187272	579500000.0
11	4	4	2	1	10	5	5	2	1	2051.8655680457546	132000000.0
11	6	6	2	1	10	5	5	2	1	2050.995450128842	2102000000.0
12	4	4	2	1	10	5	5	2	1	1165.1845085936397	75800000.0
12	6	6	2	1	10	5	5	2	1	1164.9612690239483	1499000000.0
13	4	4	2	1	10	5	5	2	1	871.9478500331019	48080000.0
13	6	6	2	1	10	5	5	2	1	871.8470304880847	1079000000.0
14	4	4	2	1	10	5	5	2	1	726.8121704406472	32870000.0
14	6	6	2	1	10	5	5	2	1	726.7549782268385	801800000.0
15	4	4	2	1	10	5	5	2	1	640.768062039604	23690000.0
15	6	6	2	1	10	5	5	2	1	640.7313539370227	613000000.0
11	5	5	2	1	10	6	6	2	1	2051.0566806471606	81800000.0
11	7	7	2	1	10	6	6	2	1	2051.028449959877	2605000000.0
12	5	5	2	1	10	6	6	2	1	1164.9794732646171	42570000.0
12	7	7	2	1	10	6	6	2	1	1164.971969622542	1681000000.0
13	5	5	2	1	10	6	6	2	1	871.8565235171587	25260000.0
13	7	7	2	1	10	6	6	2	1	871.8530348637523	1127000000.0
14	5	5	2	1	10	6	6	2	1	726.7611811294656	16440000.0
14	7	7	2	1	10	6	6	2	1	726.7591572439928	793400000.0
15	5	5	2	1	10	6	6	2	1	640.7359290083867	11430000.0
15	7	7	2	1	10	6	6	2	1	640.7346069649911	582000000.0
11	6	6	2	1	10	7	7	2	1	2051.0293916934734	46270000.0
11	8	8	2	1	10	7	7	2	1	2051.0288598908755	3207000000.0
12	6	6	2	1	10	7	7	2	1	1164.9722192310567	21280000.0
12	8	8	2	1	10	7	7	2	1	1164.9720607683566	1759000000.0
13	6	6	2	1	10	7	7	2	1	871.8531635721566	11610000.0
13	8	8	2	1	10	7	7	2	1	871.8530878318871	1055000000.0
14	6	6	2	1	10	7	7	2	1	726.7592398383305	7112000.0
14	8	8	2	1	10	7	7	2	1	726.7591943389904	685600000.0
15	8	8	2	1	10	7	7	2	1	640.7346359782541	473600000.0
11	10	10	2	1	10	9	9	2	1	2051.0288654304854	4788000000.0
12	10	10	2	1	10	9	9	2	1	1164.9718631368462	1128000000.0
13	10	10	2	1	10	9	9	2	1	871.8530866640886	425700000.0
14	10	10	2	1	10	9	9	2	1	726.7591940491887	204700000.0
15	10	10	2	1	10	9	9	2	1	640.7346362035132	114300000.0
11	7	7	2	1	10	8	8	2	1	2051.0287597162974	21960000.0
11	9	9	2	1	10	8	8	2	1	2051.028331319983	3927000000.0
12	7	7	2	1	10	8	8	2	1	1164.9720695552996	8593000.0
12	9	9	2	1	10	8	8	2	1	1164.9720680659832	1629000000.0
13	9	9	2	1	10	8	8	2	1	871.8530874982296	821100000.0
14	9	9	2	1	10	8	8	2	1	726.7591949186019	473800000.0
15	9	9	2	1	10	8	8	2	1	640.7346365639265	300100000.0
12	1	1	2	1	11	0	0	2	1	2285.3520796155112	170000000.0
13	1	1	2	1	11	0	0	2	1	1350.1331208808772	152800000.0
14	1	1	2	1	11	0	0	2	1	1020.1232766994771	126500000.0
15	1	1	2	1	11	0	0	2	1	852.5444208909132	103600000.0
12	0	0	2	1	11	1	1	2	1	2811.530668012022	1070000000.0
12	2	2	2	1	11	1	1	2	1	2298.7037034018995	208000000.0
13	0	0	2	1	11	1	1	2	1	1500.397625597	740400000.0
13	2	2	2	1	11	1	1	2	1	1372.4364914731916	202400000.0
14	0	0	2	1	11	1	1	2	1	1096.8175274661537	545300000.0
14	2	2	2	1	11	1	1	2	1	1040.2579993606298	174200000.0
15	0	0	2	1	11	1	1	2	1	902.0191843772188	415200000.0
15	2	2	2	1	11	1	1	2	1	870.4740856937648	146100000.0
12	1	1	2	1	11	2	2	2	1	2994.0485037256003	613400000.0
12	3	3	2	1	11	2	2	2	1	2509.414539399011	467700000.0
13	1	1	2	1	11	2	2	2	1	1569.6263720261377	408100000.0
13	3	3	2	1	11	2	2	2	1	1454.1902329978025	412600000.0
14	1	1	2	1	11	2	2	2	1	1140.6406927045741	295200000.0
14	3	3	2	1	11	2	2	2	1	1090.4102954448056	341500000.0
15	1	1	2	1	11	2	2	2	1	935.1160432871412	223200000.0
15	3	3	2	1	11	2	2	2	1	907.3189917501586	280600000.0
12	2	2	2	1	11	3	3	2	1	2849.3097943665953	315400000.0
12	4	4	2	1	11	3	3	2	1	2672.0377727690156	761300000.0
13	2	2	2	1	11	3	3	2	1	1551.432565293292	209800000.0
13	4	4	2	1	11	3	3	2	1	1508.5900391124917	618900000.0
14	2	2	2	1	11	3	3	2	1	1139.9462017901212	149200000.0
14	4	4	2	1	11	3	3	2	1	1121.2216353657732	491800000.0
15	2	2	2	1	11	3	3	2	1	939.202006088486	110900000.0
15	4	4	2	1	11	3	3	2	1	928.8154640372717	394200000.0
12	3	3	2	1	11	4	4	2	1	2715.5362216091025	153700000.0
12	5	5	2	1	11	4	4	2	1	2695.1936277894597	970800000.0
13	3	3	2	1	11	4	4	2	1	1521.0976053500879	99150000.0
13	5	5	2	1	11	4	4	2	1	1516.0143919484972	763800000.0
14	3	3	2	1	11	4	4	2	1	1127.6015896086783	68260000.0
14	5	5	2	1	11	4	4	2	1	1125.3474362807472	593000000.0
15	3	3	2	1	11	4	4	2	1	932.9226066696687	49530000.0
15	5	5	2	1	11	4	4	2	1	931.6608198545119	467200000.0
12	4	4	2	1	11	5	5	2	1	2697.8057354626244	99870000.0
12	6	6	2	1	11	5	5	2	1	2696.609287849527	1196000000.0
13	4	4	2	1	11	5	5	2	1	1516.7693666744988	60190000.0
13	6	6	2	1	11	5	5	2	1	1516.4643204354686	901900000.0
14	4	4	2	1	11	5	5	2	1	1125.7334772031732	39480000.0
14	6	6	2	1	11	5	5	2	1	1125.5962801030719	677100000.0
15	4	4	2	1	11	5	5	2	1	931.9095331340588	27670000.0
15	6	6	2	1	11	5	5	2	1	931.8318911852976	519600000.0
12	5	5	2	1	11	6	6	2	1	2696.6963770871057	66520000.0
12	7	7	2	1	11	6	6	2	1	2696.6561706130433	1460000000.0
13	5	5	2	1	11	6	6	2	1	1516.48973517529	36870000.0
13	7	7	2	1	11	6	6	2	1	1516.4791804861416	1027000000.0
14	5	5	2	1	11	6	6	2	1	1125.6093382863019	22830000.0
14	7	7	2	1	11	6	6	2	1	1125.60448342083	731600000.0
15	5	5	2	1	11	6	6	2	1	931.8403196014851	15330000.0
15	7	7	2	1	11	6	6	2	1	931.8375233891672	539100000.0
12	7	7	2	1	11	8	8	2	1	2696.6570899148214	23900000.0
12	9	9	2	1	11	8	8	2	1	2696.657081934739	2136000000.0
13	7	7	2	1	11	8	8	2	1	1516.4794712094063	10530000.0
13	9	9	2	1	11	8	8	2	1	1516.4794611148454	1134000000.0
14	7	7	2	1	11	8	8	2	1	1125.6046435898393	5564000.0
14	9	9	2	1	11	8	8	2	1	1125.6046406700884	662800000.0
15	9	9	2	1	11	8	8	2	1	931.8376318260458	422000000.0
12	11	11	2	1	11	10	10	2	1	2696.6570827327587	3074000000.0
13	11	11	2	1	11	10	10	2	1	1516.479467676319	687300000.0
14	11	11	2	1	11	10	10	2	1	1125.6046355257774	248700000.0
15	11	11	2	1	11	10	10	2	1	931.8376292532981	115600000.0
12	6	6	2	1	11	7	7	2	1	2696.658087421838	41900000.0
12	8	8	2	1	11	7	7	2	1	2696.657238343803	1770000000.0
13	6	6	2	1	11	7	7	2	1	1516.4797531000606	20970000.0
13	8	8	2	1	11	7	7	2	1	1516.4795239534938	1117000000.0
14	6	6	2	1	11	7	7	2	1	1125.6047824864438	12100000.0
14	8	8	2	1	11	7	7	2	1	1125.6046733434612	735000000.0
15	6	6	2	1	11	7	7	2	1	931.8377182516019	7715000.0
15	8	8	2	1	11	7	7	2	1	931.837653932692	510200000.0
12	8	8	2	1	11	9	9	2	1	2696.6579788930294	11420000.0
12	10	10	2	1	11	9	9	2	1	2696.6569095656446	2567000000.0
13	10	10	2	1	11	9	9	2	1	1516.4797513335163	1020000000.0
14	10	10	2	1	11	9	9	2	1	1125.6047998659053	497400000.0
15	10	10	2	1	11	9	9	2	1	931.8377415969818	279300000.0
13	1	1	2	1	12	0	0	2	1	2953.2655798009787	107800000.0
14	1	1	2	1	12	0	0	2	1	1729.462899182394	97730000.0
15	1	1	2	1	12	0	0	2	1	1297.185236900493	79750000.0
13	0	0	2	1	12	1	1	2	1	3632.3746770372104	710200000.0
13	2	2	2	1	12	1	1	2	1	2963.461961179556	129200000.0
14	0	0	2	1	12	1	1	2	1	1921.0794124480349	499900000.0
14	2	2	2	1	12	1	1	2	1	1754.0413385571733	127700000.0
15	0	0	2	1	12	1	1	2	1	1393.852792785379	373500000.0
15	2	2	2	1	12	1	1	2	1	1319.938105181417	112100000.0
13	1	1	2	1	12	2	2	2	1	3857.1531619209622	415500000.0
13	3	3	2	1	12	2	2	2	1	3227.553341797533	289400000.0
14	1	1	2	1	12	2	2	2	1	2004.5521649616867	282100000.0
14	3	3	2	1	12	2	2	2	1	1854.4265474477183	259600000.0
15	1	1	2	1	12	2	2	2	1	1446.0264748848303	208100000.0
15	3	3	2	1	12	2	2	2	1	1380.6195852577398	218700000.0
13	2	2	2	1	12	3	3	2	1	3663.8119729141977	220400000.0
13	4	4	2	1	12	3	3	2	1	3433.5374466640997	469300000.0
14	2	2	2	1	12	3	3	2	1	1977.8144936434114	150500000.0
14	4	4	2	1	12	3	3	2	1	1922.12127895952	389700000.0
15	2	2	2	1	12	3	3	2	1	1442.7768399438296	109900000.0
15	4	4	2	1	12	3	3	2	1	1418.410867592383	315900000.0
13	3	3	2	1	12	4	4	2	1	3489.814323585877	111800000.0
13	5	5	2	1	12	4	4	2	1	3463.1730824323367	591100000.0
14	3	3	2	1	12	4	4	2	1	1938.111289234553	74420000.0
14	5	5	2	1	12	4	4	2	1	1931.4615299894408	478500000.0
15	3	3	2	1	12	4	4	2	1	1426.4756002471331	52520000.0
15	5	5	2	1	12	4	4	2	1	1423.5276998491997	380400000.0
13	4	4	2	1	12	5	5	2	1	3466.6207507623185	75680000.0
13	6	6	2	1	12	5	5	2	1	3465.027709687801	718900000.0
14	4	4	2	1	12	5	5	2	1	1932.4452969315207	47460000.0
14	6	6	2	1	12	5	5	2	1	1932.0410467169283	564300000.0
15	4	4	2	1	12	5	5	2	1	1424.0249710474181	31990000.0
15	6	6	2	1	12	5	5	2	1	1423.8436847323012	437300000.0
13	5	5	2	1	12	6	6	2	1	3465.1466900354308	53080000.0
13	7	7	2	1	12	6	6	2	1	3465.0915831505285	865900000.0
14	5	5	2	1	12	6	6	2	1	1932.0752567906723	30950000.0
14	7	7	2	1	12	6	6	2	1	1932.060953085145	646600000.0
15	5	5	2	1	12	6	6	2	1	1423.8610483603622	19850000.0
15	7	7	2	1	12	6	6	2	1	1423.8545197360263	481800000.0
13	6	6	2	1	12	7	7	2	1	3465.0940931814694	35890000.0
13	8	8	2	1	12	7	7	2	1	3465.0928967988298	1037000000.0
14	6	6	2	1	12	7	7	2	1	1932.0616851013558	19190000.0
14	8	8	2	1	12	7	7	2	1	1932.0613635384796	716600000.0
15	6	6	2	1	12	7	7	2	1	1423.854893720356	11580000.0
15	8	8	2	1	12	7	7	2	1	1423.8547435481523	503500000.0
13	12	12	2	1	12	11	11	2	1	3465.0929191980817	2046000000.0
14	12	12	2	1	12	11	11	2	1	1932.061368454119	435000000.0
15	12	12	2	1	12	11	11	2	1	1423.8547484426613	151000000.0
13	8	8	2	1	12	9	9	2	1	3465.0929099748932	13080000.0
13	10	10	2	1	12	9	9	2	1	3465.0928743996715	1466000000.0
14	8	8	2	1	12	9	9	2	1	1932.061367634836	5524000.0
14	10	10	2	1	12	9	9	2	1	1932.061360261435	752400000.0
15	10	10	2	1	12	9	9	2	1	1423.8547439931149	428100000.0
13	7	7	2	1	12	8	8	2	1	3465.092985078121	22790000.0
13	9	9	2	1	12	8	8	2	1	3465.092932374052	1235000000.0
14	7	7	2	1	12	8	8	2	1	1932.0613889358146	10970000.0
14	9	9	2	1	12	8	8	2	1	1932.061380333489	759500000.0
15	7	7	2	1	12	8	8	2	1	1423.854756451845	6150000.0
15	9	9	2	1	12	8	8	2	1	1423.8547533371545	489800000.0
13	11	11	2	1	12	10	10	2	1	3465.094730901144	1734000000.0
13	9	9	2	1	12	10	10	2	1	3465.0946979610444	6283000.0
14	11	11	2	1	12	10	10	2	1	1932.0619136773262	661100000.0
15	11	11	2	1	12	10	10	2	1	1423.8550452274478	311500000.0
14	1	1	2	1	13	0	0	2	1	3739.6829770072927	71040000.0
15	1	1	2	1	13	0	0	2	1	2173.4968987426914	64330000.0
14	0	0	2	1	13	1	1	2	1	4598.920697477913	485900000.0
14	2	2	2	1	13	1	1	2	1	3745.1272290209363	83530000.0
15	0	0	2	1	13	1	1	2	1	2413.4913530103468	346400000.0
15	2	2	2	1	13	1	1	2	1	2200.1574952054493	83770000.0
14	1	1	2	1	13	2	2	2	1	4871.842020185978	289300000.0
14	3	3	2	1	13	2	2	2	1	4070.8840335501195	186600000.0
15	1	1	2	1	13	2	2	2	1	2512.8980848158008	199900000.0
15	3	3	2	1	13	2	2	2	1	2321.7526020474647	169700000.0
14	2	2	2	1	13	3	3	2	1	4620.2185530436445	157500000.0
14	4	4	2	1	13	3	3	2	1	4327.319841857373	301500000.0
15	2	2	2	1	13	3	3	2	1	2475.6196738131966	110000000.0
15	4	4	2	1	13	3	3	2	1	2404.7379584869686	254800000.0
14	3	3	2	1	13	4	4	2	1	4398.662405700969	82580000.0
14	5	5	2	1	13	4	4	2	1	4364.558657414365	375900000.0
15	3	3	2	1	13	4	4	2	1	2424.8063852189052	56460000.0
15	5	5	2	1	13	4	4	2	1	2416.300675088381	310900000.0
14	4	4	2	1	13	5	5	2	1	4368.995118480856	57710000.0
14	6	6	2	1	13	5	5	2	1	4366.929336783528	451800000.0
15	4	4	2	1	13	5	5	2	1	2417.553049863718	37410000.0
15	6	6	2	1	13	5	5	2	1	2417.0306016303252	365600000.0
14	5	5	2	1	13	6	6	2	1	4367.086476891451	42070000.0
14	7	7	2	1	13	6	6	2	1	4367.013400008445	538100000.0
15	5	5	2	1	13	6	6	2	1	2417.0752351026035	25580000.0
15	7	7	2	1	13	6	6	2	1	2417.0564217840606	419800000.0
14	6	6	2	1	13	7	7	2	1	4367.016861467862	29940000.0
14	8	8	2	1	13	7	7	2	1	4367.015218634268	637200000.0
15	6	6	2	1	13	7	7	2	1	2417.0574142121886	16890000.0
15	8	8	2	1	13	7	7	2	1	2417.0569814672567	469700000.0
14	13	13	2	1	13	12	12	2	1	4367.015252118765	1404000000.0
15	13	13	2	1	13	12	12	2	1	2417.057002623684	284400000.0
14	12	12	2	1	13	11	11	2	1	4367.015254211583	1205000000.0
14	10	10	2	1	13	11	11	2	1	4367.015212355963	3625000.0
15	12	12	2	1	13	11	11	2	1	2417.05699877704	441000000.0
14	7	7	2	1	13	8	8	2	1	4367.015300252691	20400000.0
14	9	9	2	1	13	8	8	2	1	4367.015256304252	751000000.0
15	7	7	2	1	13	8	8	2	1	2417.057003905868	10520000.0
15	9	9	2	1	13	8	8	2	1	2417.0569949303963	509000000.0
14	8	8	2	1	13	9	9	2	1	4367.01530234551	13030000.0
14	10	10	2	1	13	9	9	2	1	4367.015264675525	881900000.0
15	8	8	2	1	13	9	9	2	1	2417.057007111397	6034000.0
15	10	10	2	1	13	9	9	2	1	2417.057001982569	527900000.0
14	9	9	2	1	13	10	10	2	1	4367.015312809304	7515000.0
14	11	11	2	1	13	10	10	2	1	4367.015233283698	1032000000.0
15	9	9	2	1	13	10	10	2	1	2417.0570122401796	3045000.0
15	11	11	2	1	13	10	10	2	1	2417.0569942893267	512200000.0
15	1	1	2	1	14	0	0	2	1	4654.423464948374	48010000.0
15	0	0	2	1	14	1	1	2	1	5723.065404897679	341000000.0
15	2	2	2	1	14	1	1	2	1	4653.1768585282925	56000000.0
15	1	1	2	1	14	2	2	2	1	6050.409166266077	206400000.0
15	3	3	2	1	14	2	2	2	1	5049.477537876995	124700000.0
15	2	2	2	1	14	3	3	2	1	5729.962170054055	114900000.0
15	4	4	2	1	14	3	3	2	1	5364.010361693303	200700000.0
15	3	3	2	1	14	4	4	2	1	5452.849693656161	61900000.0
15	5	5	2	1	14	4	4	2	1	5410.023917011744	247800000.0
15	4	4	2	1	14	5	5	2	1	5415.613776385525	44380000.0
15	6	6	2	1	14	5	5	2	1	5412.992756997588	295000000.0
15	5	5	2	1	14	6	6	2	1	5413.194795078768	33350000.0
15	7	7	2	1	14	6	6	2	1	5413.1004350222	347900000.0
15	6	6	2	1	14	7	7	2	1	5413.105033169903	24660000.0
15	8	8	2	1	14	7	7	2	1	5413.10286271449	407900000.0
15	13	13	2	1	14	12	12	2	1	5413.102968825663	858800000.0
15	11	11	2	1	14	12	12	2	1	5413.102817697768	2177000.0
15	14	14	2	1	14	13	13	2	1	5413.102972041208	989700000.0
15	7	7	2	1	14	8	8	2	1	5413.102959179255	17670000.0
15	9	9	2	1	14	8	8	2	1	5413.102914162303	476300000.0
15	8	8	2	1	14	9	9	2	1	5413.102930239802	12110000.0
15	10	10	2	1	14	9	9	2	1	5413.102904515895	554200000.0
15	9	9	2	1	14	10	10	2	1	5413.10297204098	7768000.0
15	11	11	2	1	14	10	10	2	1	5413.1028820075335	642800000.0
15	12	12	2	1	14	11	11	2	1	5413.103091014112	743800000.0
15	10	10	2	1	14	11	11	2	1	5413.103026704341	4499000.0

100	0	0	0	0	0	0	0	0	0	1.0	1.0
# upper n l L (2S+1) Seniority  lower  n l L (2S+1) Seniority  Energy (Angstrom) Einstein A (s-1)
# File computed  using the RAP package (Witthoeft, 2011) using Autostructure and Nist data 
# For the final state of Na-like Fe